time,event,degree,inf_id
0.0,1,4.0,1
0.0,1,51.0,2
0.0,6,51.0,2
0.07583769352673152,1,47.0,3
0.10241169504665174,1,56.0,4
0.28188668769899633,1,33.0,5
0.381206745786226,1,10.0,6
0.43234371664094756,1,31.0,7
0.49568033873513745,1,1.0,8
0.5397288451984821,6,31.0,7
0.5406324416453999,1,9.0,9
0.5548313298168374,6,1.0,8
0.5671558171972321,1,10.0,10
0.579440204043853,1,44.0,11
0.5927550005782938,8,31.0,7
0.5978533005052427,1,59.0,12
0.6079476791049484,1,57.0,13
0.68013552734233,1,9.0,14
0.9066953255888526,6,33.0,5
0.9273976383148685,1,27.0,15
1.0014501994199645,18,,0
1.0014517825917342,101,57.0,16
1.0046280978998277,1,35.0,17
1.0332066081925846,18,,0
1.0333140893772996,101,2.0,18
1.0391123094629662,6,9.0,9
1.069426608030939,1,48.0,19
1.0962643007648967,1,39.0,20
1.1167363230759708,6,10.0,10
1.1779793411785857,1,57.0,21
1.2133611077076982,6,10.0,6
1.274588802796185,1,7.0,22
1.2923773840863921,8,2.0,18
1.3234808757607868,1,6.0,23
1.4120787728574709,6,39.0,20
1.4198930221249524,1,52.0,24
1.424166077601759,1,12.0,25
1.4764029797138423,7,1.0,8
1.4939589424318451,6,57.0,21
1.5002766784704389,1,6.0,26
1.5878183277887035,1,37.0,27
1.6000503135704642,8,57.0,21
1.6032590638442683,1,5.0,28
1.6255609941772622,1,1.0,29
1.646011193954841,1,23.0,30
1.6460927779289078,1,9.0,31
1.6569001236206178,7,51.0,2
1.6620581896308522,1,9.0,32
1.673884763769963,1,3.0,33
1.7632226567551548,6,52.0,24
1.7884690013831879,6,23.0,30
1.8180993233348046,1,15.0,34
1.8367076950061767,6,37.0,27
1.8562836923150166,1,12.0,35
1.8812328770385351,6,3.0,33
1.892229591990322,6,59.0,12
1.8939946570915764,8,39.0,20
1.902997456573121,6,47.0,3
1.9034395547989906,1,9.0,36
1.9062528788709507,6,12.0,25
1.9191638685783825,1,11.0,37
1.921625964763993,6,48.0,19
1.924414972949419,1,44.0,38
1.9269515388200584,6,35.0,17
1.9364783257181055,6,44.0,11
1.9411580855094746,1,5.0,39
1.9447493981733317,6,44.0,38
1.9571595490254712,6,5.0,39
1.9597410197815457,1,10.0,40
1.960637058937532,6,57.0,13
1.9634979886449946,1,24.0,41
1.9739417891686872,6,6.0,26
1.9902118615783921,1,2.0,42
2.0007979039264274,18,,0
2.0008906232882495,101,40.0,43
2.0021165539380803,18,,0
2.0022333761161444,101,5.0,44
2.005477023171994,18,,0
2.005478424808121,101,5.0,45
2.013367680906055,8,5.0,45
2.016899723860345,18,,0
2.0169555119201132,101,7.0,46
2.019840742190598,1,3.0,47
2.021869573278708,18,,0
2.0218910512474744,101,49.0,48
2.0223381512381664,1,19.0,49
2.022741917061593,18,,0
2.0227868885860496,101,1.0,50
2.027089822994645,1,44.0,51
2.0350612360399745,1,4.0,52
2.035310377259997,1,8.0,53
2.0449718672517196,1,2.0,54
2.0507414225014644,6,4.0,52
2.051304442581751,1,54.0,55
2.0667636519768067,1,50.0,56
2.070633585283592,1,5.0,57
2.1043823849127414,6,19.0,49
2.116756664479756,1,59.0,58
2.11906686655987,1,22.0,59
2.1701693617780746,6,3.0,47
2.1703919620144805,8,57.0,16
2.1711878419401103,8,40.0,43
2.180131756972091,1,59.0,60
2.18108547404883,9,57.0,16
2.1812781694305086,1,58.0,61
2.1953042264323845,1,9.0,62
2.1974328345631715,1,5.0,63
2.2081114570783322,1,1.0,64
2.240538283548225,6,44.0,51
2.2435306783853015,6,5.0,63
2.2635038011793442,1,8.0,65
2.2742177795703262,1,4.0,66
2.2830587263361424,6,4.0,1
2.2837507533099073,1,60.0,67
2.290213411179593,8,5.0,44
2.293062364501081,1,1.0,68
2.3014048247199597,1,31.0,69
2.3101572683826643,6,59.0,60
2.3109542089099713,1,44.0,70
2.3132193946460946,1,1.0,71
2.316011617543246,6,12.0,35
2.316635734601792,1,50.0,72
2.324584848769516,1,18.0,73
2.3306833496840547,9,31.0,7
2.339446633606393,8,37.0,27
2.361924352511143,6,9.0,32
2.3830593837285146,1,11.0,74
2.397326504161872,6,60.0,67
2.397744080271531,1,57.0,75
2.400362557159233,6,50.0,56
2.401196233495131,1,50.0,76
2.4177634719548178,1,11.0,77
2.4183361134771713,8,1.0,50
2.419443067240446,6,1.0,68
2.425195514770335,1,41.0,78
2.430065905395916,6,10.0,40
2.4323470096050985,1,48.0,79
2.4498096578176964,1,2.0,80
2.46591331494743,1,52.0,81
2.467566605761001,6,15.0,34
2.4701538493881077,1,2.0,82
2.471561068942014,1,56.0,83
2.4732944033050974,6,5.0,28
2.4794210208079077,6,9.0,31
2.486924090402243,1,58.0,84
2.4874590763039603,1,1.0,85
2.492462664007931,7,10.0,6
2.4948419910250625,1,34.0,86
2.5007970694552677,6,57.0,75
2.506159887781555,1,7.0,87
2.5155870845338693,1,5.0,88
2.5424865025130696,6,9.0,14
2.547499141028605,6,7.0,87
2.550045129042562,6,1.0,85
2.554711546252536,6,31.0,69
2.5583499912804046,1,35.0,89
2.5597375244774754,1,32.0,90
2.5626365600888183,7,9.0,9
2.564321748810836,1,5.0,91
2.5748200114839306,6,9.0,62
2.5782927693095363,1,34.0,92
2.5868799430444547,6,1.0,64
2.5884698865131837,9,39.0,20
2.6031605798890394,6,41.0,78
2.622560636228889,1,50.0,93
2.6242212924977473,7,4.0,52
2.6265847958167186,6,48.0,79
2.6357117814084416,1,3.0,94
2.635846276493938,1,5.0,95
2.6376967604206243,1,22.0,96
2.6512215899244453,6,9.0,36
2.6587868362395173,1,2.0,97
2.6595100215297647,1,3.0,98
2.662362064750189,6,3.0,98
2.665890003426504,6,32.0,90
2.6676917870278087,1,58.0,99
2.6737869041505773,6,3.0,94
2.6746356323436706,6,35.0,89
2.6823661079726357,6,2.0,42
2.687053001762649,9,40.0,43
2.6887726429808594,1,3.0,100
2.6905861287985378,6,1.0,29
2.6929122285981286,1,38.0,101
2.69446036857304,7,6.0,26
2.709613632081368,6,3.0,100
2.713827766168751,1,2.0,102
2.716338658257359,6,5.0,88
2.7239859684669883,1,14.0,103
2.7361262455176676,6,5.0,57
2.7377049996979372,1,46.0,104
2.7408329643383746,6,18.0,73
2.74575720502322,1,1.0,105
2.7583821905158183,6,50.0,93
2.765966922761631,6,34.0,86
2.7674593972611174,1,53.0,106
2.781587308150371,1,23.0,107
2.7864079552879764,1,4.0,108
2.790063810197401,6,5.0,91
2.793749829586251,1,47.0,109
2.803305435011669,1,57.0,110
2.8090544628913827,1,1.0,111
2.812783473722922,8,5.0,39
2.81670625957786,1,13.0,112
2.8168117050176877,6,34.0,92
2.8204645106863087,6,13.0,112
2.828341725719403,1,23.0,113
2.8314635387249973,6,2.0,80
2.8352739456295795,1,1.0,114
2.841848251891673,1,48.0,115
2.851490971628307,1,47.0,116
2.854946548582575,1,35.0,117
2.861019377295308,7,52.0,24
2.8614823987135383,1,29.0,118
2.8629103314758284,1,4.0,119
2.866058998725103,8,3.0,94
2.8687508136967645,6,53.0,106
2.8698138352661147,1,2.0,120
2.8701079375318432,1,6.0,121
2.870530577185165,7,33.0,5
2.872175582121866,1,1.0,122
2.8768775578213037,1,3.0,123
2.8794716336590924,6,24.0,41
2.879708742091147,1,5.0,124
2.88204557889438,1,6.0,125
2.895159517882794,1,52.0,126
2.900605129453232,6,23.0,107
2.914359251907518,1,49.0,127
2.915346221376545,1,47.0,128
2.918082887304334,1,53.0,129
2.9214468326573875,6,50.0,72
2.9240069923867917,1,58.0,130
2.930663709796953,6,47.0,116
2.931797880969328,1,2.0,131
2.9325555267938297,6,4.0,119
2.9413190446391657,1,41.0,132
2.9427734213274497,1,55.0,133
2.944014239586305,8,53.0,106
2.949266642168296,6,38.0,101
2.9503456500111316,6,1.0,105
2.959015371393316,9,2.0,18
2.963788058387555,1,48.0,134
2.970856879160067,6,2.0,54
2.977123167801371,1,6.0,135
2.9829591341989437,1,3.0,136
2.9974168338009175,1,2.0,137
3.0019274789694887,18,,0
3.002008149595402,101,6.0,138
3.0027464173723892,1,10.0,139
3.0050383772977733,18,,0
3.0051694220314826,101,2.0,140
3.008121678762983,8,5.0,88
3.013196614580833,18,,0
3.013198175934096,101,51.0,141
3.0137094946309135,6,2.0,120
3.0141493807488344,1,56.0,142
3.0146946833854087,18,,0
3.0148263739366623,101,17.0,143
3.0151610518555136,1,52.0,144
3.0164929790113413,18,,0
3.0165016935329665,101,3.0,145
3.0174414257482947,18,,0
3.0174576123454484,101,11.0,146
3.0231226034932237,18,,0
3.0231661057834582,101,58.0,147
3.0286191936054108,18,,0
3.0287230015108597,101,51.0,148
3.0298749892227823,18,,0
3.0299260137008566,101,15.0,149
3.0312471215067736,18,,0
3.0312786180105387,101,18.0,150
3.033865087444896,1,9.0,151
3.035651170213908,1,1.0,152
3.0361647816140893,1,59.0,153
3.0402605131205953,6,53.0,129
3.041465455607647,6,11.0,74
3.041742189741802,18,,0
3.041855333277363,101,11.0,154
3.043366803513005,18,,0
3.043395320713482,101,57.0,155
3.0455202529036574,1,41.0,156
3.0485136950075,18,,0
3.048550035157779,101,22.0,157
3.050403098910263,1,9.0,158
3.0651806028536406,6,8.0,53
3.0672520536688777,1,1.0,159
3.067560365607751,1,11.0,160
3.0720264352949043,1,44.0,161
3.076029809130514,1,53.0,162
3.078397784177935,6,58.0,84
3.0784321378801502,1,4.0,163
3.0837201113625734,1,56.0,164
3.086508971462892,1,48.0,165
3.0889516001971264,1,60.0,166
3.099375604739829,1,34.0,167
3.106927526313375,1,3.0,168
3.1102558375676588,7,44.0,11
3.1113906685284762,1,5.0,169
3.1129870899677736,8,4.0,1
3.1137679507027873,1,7.0,170
3.1169951588007905,1,4.0,171
3.120963542675238,1,2.0,172
3.1210086201099636,8,6.0,138
3.124463946991354,1,45.0,173
3.125648562239333,1,58.0,174
3.125779795251196,1,41.0,175
3.1292413468299713,1,1.0,176
3.131715058029367,1,17.0,177
3.133734501537935,6,41.0,175
3.141066641467779,1,9.0,178
3.1418142148459225,6,6.0,135
3.1445080547385524,6,58.0,61
3.1460995959382503,6,2.0,97
3.146165831076678,1,1.0,179
3.1470911603167067,1,3.0,180
3.15358814430149,1,6.0,181
3.154589251533118,6,1.0,176
3.154819650221853,6,56.0,164
3.164585904966045,6,1.0,111
3.1686047061234257,8,5.0,57
3.172123206015943,1,5.0,182
3.1722376230023634,1,1.0,183
3.1727427107205104,1,5.0,184
3.176853073133348,6,3.0,136
3.177708645912416,6,54.0,55
3.179967190483682,1,55.0,185
3.1832928417128903,6,2.0,82
3.1951509334893795,1,3.0,186
3.1952526286318514,6,2.0,137
3.1958189027050903,1,15.0,187
3.1975890002578495,1,15.0,188
3.2040854364310256,1,3.0,189
3.208640113879123,1,48.0,190
3.2103285836213167,6,44.0,161
3.2118276815527196,1,59.0,191
3.215994025605976,1,3.0,192
3.216619264676918,6,58.0,99
3.219087985750429,6,59.0,58
3.2247595788606658,8,59.0,58
3.2257633408420316,1,59.0,193
3.2319661000435373,1,2.0,194
3.232097067194649,1,12.0,195
3.2337124652616054,1,53.0,196
3.2453178208348636,6,48.0,165
3.2462461578359396,1,60.0,197
3.2495796478590213,1,57.0,198
3.2522098076984145,1,60.0,199
3.253605382964952,1,2.0,200
3.2554994056179796,8,12.0,35
3.2602888669387338,6,4.0,163
3.264707966909029,1,4.0,201
3.2669636023254705,1,50.0,202
3.2694957408262386,1,4.0,203
3.2701066493908377,1,42.0,204
3.2704906025758462,1,2.0,205
3.280774975079486,1,1.0,206
3.284284045239088,1,8.0,207
3.2846025830384753,1,1.0,208
3.2854148302070403,8,47.0,3
3.2880173254506433,1,44.0,209
3.2890833566182476,6,41.0,132
3.290059951080984,1,3.0,210
3.2945273010613003,9,37.0,27
3.295628407169007,6,4.0,201
3.2975508859143403,6,48.0,115
3.2991854865985166,1,38.0,211
3.3048104805508562,1,11.0,212
3.309081706144763,1,11.0,213
3.313302854272214,6,2.0,102
3.315280196754128,6,52.0,126
3.3158172696228223,6,1.0,159
3.31739181091977,9,5.0,45
3.3225836389914183,8,51.0,141
3.3243597875882474,1,40.0,214
3.3337051168830496,6,34.0,167
3.3337750714675547,1,58.0,215
3.33473427811147,1,49.0,216
3.3356061436514026,1,10.0,217
3.3383045980248527,6,11.0,212
3.3406672149626906,6,59.0,193
3.3424279747476433,6,46.0,104
3.3440933723825332,1,35.0,218
3.349035608579968,8,2.0,140
3.350998446064617,1,34.0,219
3.3558515434673915,1,5.0,220
3.355914856681755,1,55.0,221
3.3603806752686207,6,44.0,70
3.36088644273917,1,49.0,222
3.362390573778371,6,22.0,59
3.362690928829767,1,59.0,223
3.3688062466093753,6,10.0,139
3.371892696246822,8,60.0,67
3.373904018979475,1,56.0,224
3.3772774402118606,1,3.0,225
3.3774557844349427,8,10.0,10
3.3793902752704956,8,7.0,46
3.384482781029027,1,1.0,226
3.3941781460697267,1,20.0,227
3.394412078257527,1,16.0,228
3.3992835513560355,1,51.0,229
3.399456148547054,1,43.0,230
3.399811007905075,1,41.0,231
3.40161301404462,1,24.0,232
3.401813437224999,1,57.0,233
3.4044378643670172,1,58.0,234
3.4056710524831946,1,55.0,235
3.4059157015862365,1,15.0,236
3.4103382410221608,6,55.0,221
3.4108744795645527,8,2.0,137
3.4165308161901087,1,1.0,237
3.41851788419116,1,12.0,238
3.419720891146485,1,3.0,239
3.4216380983215795,1,53.0,240
3.4216488599559076,6,56.0,224
3.427885037077747,1,38.0,241
3.4298694241299392,6,12.0,195
3.4320194987704054,1,57.0,242
3.4345660760585504,1,5.0,243
3.436399601945477,1,37.0,244
3.436596187737896,7,50.0,56
3.441150876660063,9,1.0,50
3.444084303236828,7,59.0,60
3.4532223633644623,1,25.0,245
3.4538625497962157,8,3.0,145
3.4542291489117143,1,6.0,246
3.4627056118843424,6,50.0,202
3.4647409050217335,6,56.0,142
3.4672824672029305,6,60.0,197
3.4732167935885867,1,57.0,247
3.47650307489709,6,4.0,108
3.481259678964838,6,49.0,216
3.4832813332223136,6,1.0,206
3.486462895209818,1,7.0,248
3.493248370181974,1,54.0,249
3.4946350795394046,1,59.0,250
3.4964791534570447,1,47.0,251
3.4991704140100075,6,5.0,169
3.499884611055276,1,5.0,252
3.5000960242310244,6,2.0,172
3.5083260025125322,1,57.0,253
3.5086057327474265,1,25.0,254
3.5134671920020533,6,42.0,204
3.517942386007258,1,41.0,255
3.5198166912248836,1,59.0,256
3.5232776318644685,9,57.0,21
3.524704812870632,1,58.0,257
3.5262514487427206,6,7.0,22
3.5288389196188605,1,5.0,258
3.531954779681378,1,2.0,259
3.5350996734342894,1,27.0,260
3.539210683118661,6,41.0,156
3.539888676810249,1,3.0,261
3.542470456705985,1,17.0,262
3.548356457375604,1,9.0,263
3.548532228708844,8,8.0,53
3.5507328973530843,6,2.0,205
3.5510788368543293,1,43.0,264
3.5517480342521415,1,24.0,265
3.5551003916359667,7,34.0,92
3.5555846338398647,1,3.0,266
3.5582408702511263,1,47.0,267
3.567120040961341,1,46.0,268
3.568127014349641,8,57.0,155
3.5712675827023532,1,39.0,269
3.5765837764256423,7,1.0,64
3.577415978643195,6,15.0,187
3.5815650689702263,1,11.0,270
3.586906575082969,1,23.0,271
3.5901898190886685,1,40.0,272
3.590278588779928,9,60.0,67
3.5905656638411583,6,25.0,245
3.591441380585455,1,24.0,273
3.5972497805783186,6,17.0,177
3.598010534355084,6,6.0,23
3.600506733025698,1,2.0,274
3.605871975534229,1,40.0,275
3.616276582687459,1,9.0,276
3.6163392084717345,1,15.0,277
3.616370325038765,6,54.0,249
3.6178286798966,1,1.0,278
3.6202276610706776,1,21.0,279
3.6202511233406702,6,57.0,242
3.6206073530479297,1,2.0,280
3.623039352596731,6,38.0,241
3.624777426104685,6,2.0,194
3.6280827179052357,6,52.0,81
3.629515006933415,1,56.0,281
3.630844467154416,1,6.0,282
3.6348260830092274,1,11.0,283
3.6403029296283345,7,35.0,17
3.644985675231819,1,17.0,284
3.6454868804091607,6,44.0,209
3.6466495276421,6,58.0,130
3.6485295397118565,6,3.0,123
3.6514529040604717,6,23.0,113
3.6546702264943356,6,46.0,268
3.6562584428413474,8,41.0,156
3.657546960829386,1,59.0,285
3.6580613935850326,1,2.0,286
3.660271142162013,1,3.0,287
3.6687285298060712,1,4.0,288
3.6694716576395052,1,2.0,289
3.671974360805462,1,14.0,290
3.676872801290097,1,30.0,291
3.677947456665155,7,48.0,19
3.6797208156034658,1,54.0,292
3.6804390127616355,1,36.0,293
3.6807155501026507,1,58.0,294
3.681326052284846,7,57.0,13
3.6831832985288178,6,21.0,279
3.685110601196545,6,11.0,37
3.6851186337233677,6,11.0,77
3.687168610382666,1,1.0,295
3.688031851010295,6,35.0,218
3.69115911154973,1,40.0,296
3.6916146595887644,1,14.0,297
3.6929195988549535,1,41.0,298
3.694424291002458,1,4.0,299
3.7067086233773883,1,10.0,300
3.7095282729831918,6,40.0,214
3.7098199804289225,1,10.0,301
3.710330945489276,1,41.0,302
3.7132560850099274,1,8.0,303
3.714148065462161,6,43.0,230
3.716150217471204,1,57.0,304
3.7245750623183094,1,54.0,305
3.7262859619481956,1,7.0,306
3.731013305664769,8,17.0,143
3.73289801314906,1,1.0,307
3.736124264247545,6,4.0,171
3.7378174068491354,1,5.0,308
3.737957108843729,1,11.0,309
3.742254041613584,1,22.0,310
3.7426427979427204,1,38.0,311
3.7492818354883015,2,4.0,312
3.7523676352908115,1,18.0,313
3.7524461233391646,6,58.0,174
3.753538866802224,1,12.0,314
3.7575585295621434,1,3.0,315
3.758226688331237,1,8.0,316
3.760433574239449,1,39.0,317
3.76900461407672,1,27.0,318
3.7700965868619365,6,59.0,250
3.772751147415743,1,4.0,319
3.7731826156908213,6,4.0,288
3.7737440215375697,8,7.0,22
3.7745189727343806,6,48.0,190
3.77540038098884,1,52.0,320
3.778649377541079,6,52.0,320
3.781197897883892,1,50.0,321
3.7821731447465665,1,1.0,322
3.7825143982801586,1,1.0,323
3.7832661716272193,8,51.0,148
3.783427951086951,1,57.0,324
3.783568493907941,1,27.0,325
3.7856197349396306,6,60.0,166
3.786157100417866,7,15.0,34
3.786334646852267,6,37.0,244
3.789721930368611,1,26.0,326
3.7899075778508653,1,9.0,327
3.790887719109582,1,46.0,328
3.794736228922975,1,1.0,329
3.7953921993673863,6,3.0,266
3.796635284573661,1,1.0,330
3.7972993355791598,1,10.0,331
3.7982088443443116,1,11.0,332
3.8011675868534365,1,17.0,333
3.8023992580184007,1,2.0,334
3.802512932510986,1,25.0,335
3.8037472851873737,7,34.0,86
3.8040533567948596,1,6.0,336
3.8041138978393887,6,4.0,203
3.8067380007317335,1,6.0,337
3.813180641654021,6,2.0,286
3.814269974938514,8,58.0,147
3.814790818020479,1,1.0,338
3.8151632533741657,6,9.0,263
3.8185567046279183,6,58.0,215
3.8189497242656167,1,9.0,339
3.820999421624801,1,40.0,340
3.8227504802445313,6,9.0,178
3.8228110973082945,1,33.0,341
3.8285031746641325,1,33.0,342
3.829476711505021,6,47.0,251
3.830515882622456,1,3.0,343
3.8316292908488383,9,7.0,46
3.831847721419564,1,4.0,344
3.833980831793416,6,11.0,283
3.8356965477972462,1,6.0,345
3.836786431631454,6,56.0,281
3.837193502195948,8,49.0,216
3.841124017753394,6,1.0,226
3.841620706592675,1,43.0,346
3.84256675126309,6,56.0,83
3.844824099879479,6,2.0,334
3.8469679712857707,1,10.0,347
3.847169236038257,6,33.0,342
3.8504563567532966,6,12.0,314
3.85191803249972,6,40.0,340
3.856381101926755,1,10.0,348
3.8571643209555293,6,2.0,259
3.860229970297988,1,9.0,349
3.8627590481321614,1,44.0,350
3.8631133282635934,1,2.0,351
3.863399410738484,1,2.0,352
3.865323982209372,1,2.0,353
3.8696825466119216,1,56.0,354
3.8710549488273482,9,8.0,53
3.872672705219252,6,41.0,302
3.876824291633163,1,7.0,355
3.876957671828899,1,32.0,356
3.8779035199331098,7,12.0,25
3.8799533589307127,6,6.0,336
3.880237963516383,1,20.0,357
3.8824761904043203,1,53.0,358
3.886067849313691,1,56.0,359
3.8878059665201885,6,1.0,295
3.889331776655258,1,51.0,360
3.8894438761834724,1,57.0,361
3.8895229595759186,1,55.0,362
3.8908361230419075,7,9.0,14
3.891061647720254,6,57.0,233
3.89215326049309,8,15.0,149
3.892153988742478,1,5.0,363
3.8932660448879135,1,5.0,364
3.8967336386167837,6,27.0,15
3.8978478634570335,1,45.0,365
3.8988507004605353,1,2.0,366
3.8994696592402494,1,11.0,367
3.900235307430524,6,9.0,327
3.9012423991153904,8,9.0,31
3.9027984650837526,6,6.0,121
3.9029375026467155,7,47.0,116
3.9055966020185133,6,3.0,287
3.905625885468112,7,5.0,28
3.9060595712406165,1,1.0,368
3.90687159321399,8,48.0,79
3.9069649674594413,1,11.0,369
3.9077096625639967,1,2.0,370
3.909560657081191,1,3.0,371
3.9096624700250198,6,1.0,368
3.9160298475100452,1,2.0,372
3.9173997853923863,6,5.0,252
3.9204562781108496,6,14.0,290
3.920853005024788,1,4.0,373
3.9214295406589197,1,4.0,374
3.924715537901383,1,6.0,375
3.926739525717709,6,9.0,339
3.9289354993468484,8,38.0,241
3.92995270964599,1,55.0,376
3.93081915710828,6,59.0,191
3.934155327465784,7,4.0,119
3.9358224529862786,1,56.0,377
3.938289101682932,1,46.0,378
3.9408944270525237,6,1.0,152
3.9426920456498653,1,46.0,379
3.9433896850874564,6,11.0,369
3.945614505328961,6,6.0,181
3.9465671942163154,9,51.0,141
3.9471255706501243,6,55.0,235
3.9472227017189976,1,8.0,380
3.9476801886314776,1,11.0,381
3.951795234152853,7,22.0,59
3.952002191517114,6,47.0,267
3.9521910383452514,6,59.0,153
3.9538925118771764,2,6.0,382
3.9562135885686387,1,1.0,383
3.9562798680645583,6,2.0,200
3.958245309706826,1,1.0,384
3.965471576492158,7,19.0,49
3.965680404565037,1,3.0,385
3.968983087017245,1,5.0,386
3.9692381930181684,1,55.0,387
3.9719525615658857,6,2.0,351
3.9732768447954725,6,22.0,310
3.9734482122892603,1,5.0,388
3.9823369232478245,8,43.0,230
3.983863275527683,7,50.0,72
3.985446138156948,1,11.0,389
3.986530065392678,1,6.0,390
3.987328007568917,1,9.0,391
3.988017925417399,1,4.0,392
3.9883768471583037,1,5.0,393
3.990608837174002,1,58.0,394
3.9925572469300357,6,54.0,292
3.9975605837408836,6,3.0,315
4.00017042453658,18,,0
4.000273931041999,101,2.0,395
4.0004684577504035,18,,0
4.000499907860315,101,44.0,396
4.000697283182935,1,19.0,397
4.003266715550442,7,23.0,30
4.006970659938413,18,,0
4.0070089543249745,101,1.0,398
4.007785286557218,1,42.0,399
4.008366902317301,18,,0
4.008429428885555,101,18.0,400
4.0100819994832175,6,11.0,389
4.011004990673937,18,,0
4.01102552191042,101,5.0,401
4.012433377123606,6,3.0,189
4.0129313895344705,1,6.0,402
4.01529547664415,2,4.0,403
4.016555934008735,1,51.0,404
4.016918275708469,6,56.0,354
4.017359314925317,1,3.0,405
4.018208667398568,18,,0
4.0182339651501735,101,2.0,406
4.019490770524864,6,25.0,254
4.019612413227504,18,,0
4.019666403262618,101,5.0,407
4.021263764734189,1,2.0,408
4.021366867542448,1,43.0,409
4.02414700735358,1,14.0,410
4.0250160380771085,1,5.0,411
4.025393292368213,1,23.0,412
4.027091169437516,1,3.0,413
4.028328766543086,6,6.0,125
4.028345284652336,18,,0
4.028371308520967,101,8.0,414
4.0288623989791565,1,22.0,415
4.032822915299273,6,33.0,341
4.03292130111144,1,50.0,416
4.033130619670175,18,,0
4.033171165233234,101,49.0,417
4.033431292691848,1,1.0,418
4.034406315606436,6,4.0,344
4.035909330584755,6,6.0,337
4.0360379104791155,6,10.0,331
4.0377580950908705,8,1.0,295
4.038094913171712,18,,0
4.038098885392469,101,50.0,419
4.040753500026039,18,,0
4.040754854601451,101,5.0,420
4.0411178972918,1,55.0,421
4.043295515036822,1,6.0,422
4.043304823715548,1,31.0,423
4.04407995540585,1,16.0,424
4.044379650300217,18,,0
4.04448226067338,101,58.0,425
4.044514129519395,18,,0
4.044543253395219,101,1.0,426
4.046941431140363,18,,0
4.046969579612424,101,19.0,427
4.048457917557132,6,53.0,196
4.04867451683322,6,59.0,223
4.049789782575685,1,1.0,428
4.058197667789195,1,3.0,429
4.061211885024858,7,41.0,132
4.061276751681013,1,14.0,430
4.062023416804803,1,36.0,431
4.064637104683936,1,5.0,432
4.065151267586467,6,4.0,299
4.067780681776747,6,57.0,198
4.068843064631449,1,3.0,433
4.0704320234747104,1,53.0,434
4.071427147173193,6,54.0,305
4.072578280073911,8,2.0,406
4.07262720582555,1,7.0,435
4.07302280136295,1,2.0,436
4.073065447120806,8,11.0,74
4.0754754178650145,1,2.0,437
4.076794193882019,1,37.0,438
4.080498193549752,6,3.0,343
4.0809073348431495,1,38.0,439
4.083008775214184,1,6.0,440
4.083699768564049,6,8.0,65
4.084280216135463,6,26.0,326
4.084355346857577,9,15.0,149
4.085462517651858,1,9.0,441
4.086926546229132,1,11.0,442
4.090031177946009,1,1.0,443
4.0924580118522815,1,6.0,444
4.093632481977626,1,46.0,445
4.0939367116059735,2,4.0,446
4.095544030396413,6,8.0,380
4.095616452601362,1,7.0,447
4.097441472786436,1,8.0,448
4.098239648029312,1,13.0,449
4.099948955658143,6,9.0,151
4.100341291518639,6,9.0,158
4.100380366329628,6,11.0,160
4.102563256905317,1,2.0,450
4.107072490574724,1,43.0,451
4.107157869111187,6,7.0,435
4.108279316251208,1,7.0,452
4.108363478000657,1,12.0,453
4.108490376985243,1,27.0,454
4.109086445132474,1,53.0,455
4.109171408489812,6,6.0,440
4.109366162418372,1,56.0,456
4.110156650381033,1,57.0,457
4.110683533890106,1,59.0,458
4.111426144433638,8,38.0,101
4.114423108698601,6,41.0,231
4.114886402312215,6,55.0,185
4.119785702465231,1,2.0,459
4.120094637208057,1,2.0,460
4.123574354963483,1,3.0,461
4.123805316819571,8,2.0,395
4.127133848659998,9,5.0,44
4.127506065409718,1,4.0,462
4.129511685023646,1,3.0,463
4.132798939554556,6,8.0,207
4.13492059301618,1,9.0,464
4.140376048055258,6,58.0,294
4.1413151354038025,8,18.0,150
4.143256976383519,6,6.0,444
4.144517936606208,8,49.0,48
4.144613234981931,1,2.0,465
4.146751759954353,6,1.0,179
4.148803015314736,6,29.0,118
4.153103992273002,6,5.0,220
4.153681860648639,1,47.0,466
4.155679850594761,1,2.0,467
4.1578335753359426,9,5.0,39
4.15932260491061,1,7.0,468
4.159676226498305,1,1.0,469
4.16193513733036,1,5.0,470
4.163260445553382,1,55.0,471
4.166137145565082,6,2.0,131
4.1665975520471354,1,43.0,472
4.166857853912914,6,43.0,264
4.166915545575941,8,2.0,82
4.170258081679428,1,6.0,473
4.172708933983689,1,45.0,474
4.173002691152793,7,18.0,73
4.174820291530325,9,47.0,3
4.176427249802746,7,32.0,90
4.178454223168029,1,1.0,475
4.179683437644876,8,22.0,157
4.182018458420431,6,2.0,372
4.182470299379973,1,2.0,476
4.182607899656338,6,4.0,66
4.182639222740785,1,2.0,477
4.1826955567543,6,2.0,467
4.184415053128539,1,4.0,478
4.184608549771859,1,3.0,479
4.18740860854568,6,5.0,182
4.188231379644965,1,3.0,480
4.189651789757334,1,25.0,481
4.195279598412876,1,33.0,482
4.196919432703932,1,43.0,483
4.197322173003137,1,3.0,484
4.1988961552212665,1,7.0,485
4.200788913440295,6,40.0,275
4.201270279960335,8,11.0,160
4.201797899558825,1,39.0,486
4.202504528436766,8,8.0,414
4.202637473827483,1,4.0,487
4.203472084072772,1,35.0,488
4.2058854713847165,6,8.0,303
4.21011432919306,1,2.0,489
4.210510644345081,1,33.0,490
4.211000888887051,1,54.0,491
4.212071136558857,6,7.0,170
4.2120766811413795,1,32.0,492
4.21208202117927,1,28.0,493
4.212610384302543,1,57.0,494
4.215202020187164,6,52.0,144
4.2190889983425475,1,48.0,495
4.220065887757152,6,51.0,404
4.220748095226743,1,11.0,496
4.222279800602029,1,3.0,497
4.222996853098049,6,37.0,438
4.2233849205793135,6,22.0,415
4.225277619015374,6,2.0,450
4.226063707023697,1,44.0,498
4.226627696539855,1,11.0,499
4.22684594941448,1,41.0,500
4.227060184817201,1,46.0,501
4.227693840969757,8,2.0,42
4.228101682126248,1,48.0,502
4.229092313965259,6,5.0,258
4.229255863392733,6,39.0,486
4.229551346719667,1,17.0,503
4.229767994723027,1,3.0,504
4.230671784175234,1,4.0,505
4.23505640617415,1,46.0,506
4.235985271188051,9,57.0,155
4.240244999912932,9,9.0,31
4.240320149447599,2,2.0,507
4.2412890885076395,7,5.0,63
4.2412890885076395,16,5.0,63
4.242716688808134,7,3.0,47
4.24972575857886,1,46.0,508
4.249778094191328,1,51.0,509
4.251151772085687,6,1.0,443
4.252833928536256,1,1.0,510
4.2578805087206275,2,25.0,511
4.258190583266625,9,59.0,58
4.258738320351428,6,41.0,255
4.259347732148384,1,1.0,512
4.260864439768376,6,10.0,348
4.264469840005758,8,4.0,344
4.266529342111973,1,41.0,513
4.266631376942738,6,6.0,282
4.269278778710337,7,3.0,33
4.270628841029208,6,51.0,229
4.2707807684081835,1,30.0,514
4.272095347619184,6,15.0,236
4.272855950601547,6,27.0,454
4.274057978849092,1,6.0,515
4.274643257969229,6,11.0,442
4.275113116072493,6,57.0,247
4.275350726623023,1,3.0,516
4.275856137566965,1,57.0,517
4.2761999217312034,6,3.0,484
4.276392609713818,1,1.0,518
4.276951823913936,6,46.0,501
4.277085399147652,1,36.0,519
4.277928831685217,1,38.0,520
4.280213994853497,1,1.0,521
4.280758809632862,6,11.0,496
4.2811567251585325,6,58.0,394
4.282382955183662,6,27.0,325
4.283237347871258,1,2.0,522
4.285263496332767,1,3.0,523
4.286848607286538,6,1.0,384
4.288074286806539,1,31.0,524
4.288366294360495,1,27.0,525
4.290639482470208,7,60.0,197
4.296704813684613,1,30.0,526
4.297254990735643,1,41.0,527
4.298235004715922,6,30.0,514
4.299613516682273,1,1.0,528
4.300009487726864,1,2.0,529
4.300666996762458,6,2.0,529
4.300813283238341,6,38.0,520
4.301062140327299,6,47.0,128
4.3029732674489205,1,50.0,530
4.303896643148431,1,17.0,531
4.305418322726831,1,46.0,532
4.30760202042414,1,7.0,533
4.308078429094176,1,55.0,534
4.309948405565418,1,29.0,535
4.311368810853871,7,44.0,51
4.314609866903048,6,20.0,357
4.31493663328618,2,4.0,536
4.314939034988295,1,46.0,537
4.316928187260585,6,4.0,536
4.319544257358923,6,9.0,349
4.321177333548977,6,5.0,393
4.32306754126881,1,7.0,538
4.324080359102737,1,8.0,539
4.326873824792665,1,45.0,540
4.327274848436766,6,24.0,273
4.329112032905256,1,34.0,541
4.330263756106482,1,14.0,542
4.332455436766644,6,1.0,183
4.334478391509443,1,55.0,543
4.336092406415883,1,55.0,544
4.336755332087946,1,59.0,545
4.33767534808912,6,41.0,500
4.340615054356044,6,48.0,495
4.3412597873916,6,38.0,311
4.341930883062283,6,54.0,491
4.3421281562104275,6,6.0,402
4.342178312836628,1,41.0,546
4.342582025834799,1,53.0,547
4.34341247219481,6,4.0,392
4.345280605387121,1,2.0,548
4.345350381127923,1,6.0,549
4.345562460754262,1,44.0,550
4.346439600208517,1,1.0,551
4.346699065578372,1,2.0,552
4.348497229686981,1,5.0,553
4.348959371660184,1,2.0,554
4.351199724330332,6,45.0,540
4.351201477919028,1,23.0,555
4.352128151747953,1,57.0,556
4.352426486256365,1,7.0,557
4.352681534969501,1,4.0,558
4.355048332036679,1,2.0,559
4.355557500171722,8,5.0,169
4.355894804194744,1,5.0,560
4.356646823112087,1,3.0,561
4.357115459177497,6,4.0,373
4.357651755717238,1,24.0,562
4.358448981145828,1,3.0,563
4.3585603115303675,1,19.0,564
4.362128856096619,6,46.0,537
4.363125459994636,7,2.0,97
4.363371817155824,6,1.0,307
4.363480315656537,1,4.0,565
4.363668973590536,1,2.0,566
4.367286090995849,1,54.0,567
4.367748863786597,1,6.0,568
4.367820921187596,1,1.0,569
4.368043901940456,1,5.0,570
4.372121530190208,1,54.0,571
4.3722368716263125,1,1.0,572
4.372982386525896,6,1.0,418
4.373310328478882,6,3.0,429
4.373652330160098,1,46.0,573
4.375312769796225,1,5.0,574
4.377227313206264,6,3.0,563
4.377586183062842,7,3.0,100
4.3780410922587505,1,1.0,575
4.3781092171648455,9,12.0,35
4.3793778745701015,9,4.0,1
4.379393352432944,1,14.0,576
4.380288594791308,6,36.0,431
4.382012541363258,1,50.0,577
4.383178105017844,6,1.0,329
4.3839663597662915,6,39.0,269
4.385918276664644,1,12.0,578
4.386734870369572,1,6.0,579
4.387360044533379,6,40.0,296
4.388897262909328,1,58.0,580
4.39040100454248,6,2.0,476
4.3904723123806155,1,24.0,581
4.3906176348505355,6,5.0,386
4.39447661835618,8,7.0,435
4.396224502052561,7,13.0,112
4.396756808511157,6,5.0,363
4.398124178292617,8,43.0,264
4.398182571987103,1,3.0,582
4.398871143639072,1,2.0,583
4.400048240018704,1,55.0,584
4.401118748970966,1,43.0,585
4.40227206929714,8,5.0,407
4.402435909372363,1,9.0,586
4.402654810384665,1,54.0,587
4.404629894173932,6,47.0,466
4.408206744540079,6,23.0,412
4.412514824157347,1,47.0,588
4.41266569523827,6,55.0,471
4.413706492789784,1,1.0,589
4.4145414012671536,1,56.0,590
4.4161050069325105,1,20.0,591
4.419040092324123,1,7.0,592
4.4200324167962615,1,3.0,593
4.420430787745805,6,9.0,276
4.421206991572167,6,49.0,222
4.4238212111712665,1,25.0,594
4.42407895269995,1,1.0,595
4.424570657659773,1,15.0,596
4.425882254127885,7,1.0,159
4.4266402269576846,6,5.0,570
4.4282798861938755,1,2.0,597
4.428283283410519,1,60.0,598
4.4292251574533825,7,1.0,111
4.430403302504606,1,5.0,599
4.43138553879013,6,56.0,377
4.435021862877684,1,11.0,600
4.436228415907007,1,3.0,601
4.437700772286388,6,1.0,323
4.438529554913274,1,1.0,602
4.43859616527893,9,10.0,10
4.440511479608209,1,60.0,603
4.440606425495557,1,1.0,604
4.44102872312349,1,55.0,605
4.441496567317876,8,3.0,563
4.442553955038227,1,20.0,606
4.444253932507026,1,7.0,607
4.444627121939472,1,60.0,608
4.450364062482968,6,15.0,277
4.4527581294935485,6,44.0,550
4.452836420940615,1,1.0,609
4.4532787333604675,6,2.0,280
4.454000970689021,7,9.0,36
4.456992938028572,6,2.0,460
4.459193694212309,1,39.0,610
4.459546013077537,6,2.0,554
4.460276042767574,1,2.0,611
4.463135649729592,6,14.0,103
4.4644541330896255,1,1.0,612
4.468253514575829,1,42.0,613
4.469117112329947,1,6.0,614
4.4711916830760225,1,1.0,615
4.471447478490447,1,41.0,616
4.471759826603217,7,57.0,75
4.476396465435289,7,3.0,98
4.476706451265628,1,2.0,617
4.478110603799071,8,4.0,171
4.478379882324775,7,41.0,78
4.478941027462484,6,55.0,387
4.479555914409167,8,50.0,419
4.48074046782391,6,46.0,328
4.48358347472234,6,14.0,430
4.483915880429318,6,60.0,603
4.484429545689929,1,53.0,618
4.4854346358279065,7,12.0,195
4.486791240931058,9,49.0,216
4.4905134932872555,1,17.0,619
4.491146857761939,6,46.0,445
4.491950692062721,8,8.0,303
4.492642452210854,6,5.0,432
4.494398415255404,1,2.0,620
4.494399938959028,1,2.0,621
4.494463336865735,1,17.0,622
4.494976851903941,1,2.0,623
4.495648059950631,6,11.0,332
4.495695623159619,1,2.0,624
4.498034540462251,6,3.0,601
4.498165867351572,6,55.0,605
4.499028116466779,1,2.0,625
4.499709732404796,2,1.0,626
4.500212336401932,6,45.0,474
4.500693096015094,7,50.0,93
4.501428818786475,1,9.0,627
4.501486932387456,1,33.0,628
4.502376641691285,1,3.0,629
4.502444345187677,8,19.0,427
4.5033339181730545,1,3.0,630
4.504316591168384,1,19.0,631
4.505830700391638,1,47.0,632
4.508081380644894,6,3.0,180
4.514650542542171,1,1.0,633
4.515290755304953,6,57.0,324
4.5161279749671515,6,34.0,219
4.517459994889887,6,1.0,521
4.5184879348995155,1,60.0,634
4.522705054302916,1,11.0,635
4.523396588991999,6,53.0,455
4.524255824982983,1,8.0,636
4.525056494467668,6,58.0,580
4.526208245967418,1,2.0,637
4.527252936844707,8,5.0,258
4.529277956199037,1,21.0,638
4.531637144072721,1,27.0,639
4.534210889293051,6,2.0,637
4.536200323374506,1,5.0,640
4.536483233684941,1,42.0,641
4.541706292593852,1,44.0,642
4.543077001276316,1,46.0,643
4.543160975963645,6,1.0,569
4.543229137362534,1,3.0,644
4.543443624300024,6,2.0,366
4.544358565615337,6,1.0,633
4.545145975201943,6,1.0,528
4.546262049504623,6,3.0,186
4.547176990779212,6,25.0,511
4.548053135247997,1,6.0,645
4.549454164266897,1,3.0,646
4.549700803225451,1,7.0,647
4.550839590104134,1,2.0,648
4.552205266148281,6,9.0,441
4.552337742974887,1,55.0,649
4.55279993722328,1,54.0,650
4.553012572729037,6,45.0,173
4.555980417910992,1,45.0,651
4.556705153011997,6,41.0,298
4.556860122301635,1,5.0,652
4.557010295914004,1,4.0,653
4.557278794804189,1,3.0,654
4.557490993283769,1,11.0,655
4.557816092553445,1,54.0,656
4.559757959455342,1,5.0,657
4.559903031940674,6,1.0,604
4.560233213577774,6,47.0,588
4.560670174175106,6,44.0,350
4.561004842959395,1,18.0,658
4.5612950965929,1,2.0,659
4.563683755505621,8,2.0,529
4.563919000276498,6,13.0,449
4.565119922055011,1,11.0,660
4.568533965162341,1,1.0,661
4.56903632118334,1,12.0,662
4.571141968338986,6,55.0,544
4.571562405770697,1,48.0,663
4.571988590741438,2,13.0,664
4.572193088393805,6,54.0,567
4.573331373860725,1,50.0,665
4.573617922824224,6,2.0,552
4.576475041174619,1,6.0,666
4.576675681758115,1,22.0,667
4.578028779155791,6,53.0,434
4.578407369978818,7,3.0,136
4.58000546249015,1,42.0,668
4.580314845052755,1,7.0,669
4.580573175391255,1,17.0,670
4.5839110107430585,6,2.0,465
4.585416986293584,6,47.0,632
4.588309625027178,1,1.0,671
4.589032046268994,2,23.0,672
4.589472717387621,1,4.0,673
4.590243282350365,1,52.0,674
4.590278736845641,8,18.0,400
4.592406559556303,1,48.0,675
4.593547385508128,6,6.0,246
4.595232758159929,1,5.0,676
4.5972772593636435,1,8.0,677
4.597891125924564,1,49.0,678
4.5980595494180525,1,45.0,679
4.598765429819228,1,59.0,680
4.599129510028289,1,1.0,681
4.599684047514939,1,55.0,682
4.601862566201713,6,45.0,679
4.60210783476102,1,7.0,683
4.607035196092397,7,1.0,68
4.6076632478682695,1,7.0,684
4.607918758770157,1,5.0,685
4.607959869970833,1,45.0,686
4.60945807972377,1,32.0,687
4.609858100405769,1,2.0,688
4.609927501695612,6,14.0,542
4.6107016022009395,1,7.0,689
4.612337073869817,1,1.0,690
4.612822520280229,6,5.0,364
4.613131520406608,1,5.0,691
4.613289510421184,1,4.0,692
4.61589318326816,6,23.0,271
4.618873606617922,6,3.0,413
4.6204308140061805,7,9.0,32
4.622028966550274,1,3.0,693
4.622259232226969,7,2.0,131
4.62300931541196,1,7.0,694
4.624320023676882,1,5.0,695
4.625070721854688,7,6.0,23
4.62581261142647,1,59.0,696
4.626351328519132,7,58.0,130
4.629674343769132,1,9.0,697
4.630546422866877,6,51.0,360
4.630717620617368,6,1.0,322
4.632539996536836,1,22.0,698
4.635035235477983,6,2.0,353
4.636566102451222,6,45.0,651
4.640721651278856,6,4.0,446
4.64227266198499,6,53.0,240
4.642546389253255,1,43.0,699
4.642728404259648,1,46.0,700
4.6433508966050505,1,2.0,701
4.646967508940749,6,2.0,522
4.647246554565428,6,50.0,321
4.64815850174178,6,5.0,308
4.64825401462217,1,3.0,702
4.649338769075886,1,7.0,703
4.649411128724303,1,23.0,704
4.6494633601656306,1,1.0,705
4.65149407730302,1,1.0,706
4.6516709073815,1,41.0,707
4.654717962000742,1,6.0,708
4.655091589825267,6,53.0,162
4.6555032877775595,6,32.0,687
4.655757254735153,9,49.0,48
4.656504625926315,1,59.0,709
4.657787868646836,6,36.0,519
4.657923527112723,6,5.0,676
4.657954706038144,1,37.0,710
4.658438898148247,1,5.0,711
4.6587862844606915,1,3.0,712
4.659952995139687,6,50.0,577
4.660753123429717,1,9.0,713
4.661052339081628,1,3.0,714
4.661636117546106,1,7.0,715
4.661779512461959,1,54.0,716
4.662327582484821,1,48.0,717
4.6625937142257055,1,58.0,718
4.663005473908277,1,17.0,719
4.664028758446839,6,7.0,557
4.665940193742555,1,54.0,720
4.666106503556647,1,45.0,721
4.669320869105251,6,1.0,469
4.671198742555494,1,1.0,722
4.672341951263791,1,29.0,723
4.672907019171019,1,35.0,724
4.673454651020347,6,27.0,639
4.674177247335333,1,34.0,725
4.674540605886426,1,5.0,726
4.674573737482555,6,12.0,662
4.6752182440485,1,2.0,727
4.679167326509823,7,57.0,198
4.680133292305385,1,49.0,728
4.680656691174467,6,2.0,727
4.681033461035603,6,2.0,620
4.681121831030531,1,5.0,729
4.681740583766814,6,9.0,464
4.681845869663398,6,6.0,708
4.681915990857435,1,58.0,730
4.68214587489737,6,14.0,410
4.684843648164597,1,4.0,731
4.6852540868236465,1,1.0,732
4.687898304552005,1,52.0,733
4.688288799597455,1,7.0,734
4.688898624882447,7,2.0,172
4.689276526669129,1,37.0,735
4.690824443920845,6,5.0,553
4.691293613833719,1,3.0,736
4.692356051140799,1,50.0,737
4.692363545880399,8,38.0,311
4.693400708984104,6,1.0,330
4.693526636696776,1,46.0,738
4.694615803231423,6,3.0,225
4.695585109960945,8,11.0,496
4.697443164376928,1,36.0,739
4.698621538104027,1,1.0,740
4.699683559579089,7,1.0,85
4.7003774652544665,1,3.0,741
4.703080311650635,1,1.0,742
4.704199140212869,6,7.0,468
4.704525203615755,7,41.0,175
4.70572350225704,7,58.0,84
4.706432389715883,1,19.0,743
4.707530126798418,1,8.0,744
4.708708598091666,1,4.0,745
4.709457389165369,6,17.0,619
4.709502633383749,1,38.0,746
4.711465653961564,1,15.0,747
4.711714962473962,2,5.0,748
4.711985943329002,1,11.0,749
4.712838730128242,1,37.0,750
4.713590612142431,6,36.0,293
4.713983300392677,1,3.0,751
4.715245183121042,6,2.0,507
4.718725241935102,1,3.0,752
4.719695406648456,6,2.0,437
4.719766183850526,1,2.0,753
4.719883732271084,6,8.0,539
4.7199582923810635,7,34.0,167
4.720960813986771,1,18.0,754
4.723719728744696,1,46.0,755
4.725524915939616,6,4.0,692
4.7269400497014145,1,5.0,756
4.726966806134981,6,27.0,318
4.727608067159381,1,17.0,757
4.727857375506666,1,39.0,758
4.730401218426382,1,41.0,759
4.731257684855526,1,2.0,760
4.732431068880336,6,45.0,365
4.732754108116773,1,27.0,761
4.733675837185226,1,14.0,762
4.734272452175486,6,53.0,358
4.734419413605977,1,3.0,763
4.7366723413271865,1,6.0,764
4.737149983711226,1,2.0,765
4.737798992340116,6,4.0,319
4.7380952765408395,1,6.0,766
4.738315443383144,8,45.0,173
4.739169450024352,6,1.0,510
4.739547107490692,1,9.0,767
4.740113742063457,7,3.0,343
4.743091934479572,7,35.0,89
4.743661782558597,6,15.0,188
4.744048440732243,7,58.0,99
4.744501398610821,6,46.0,573
4.744872984133846,1,22.0,768
4.745622022123303,1,57.0,769
4.746667817749196,1,5.0,770
4.746978941312496,1,2.0,771
4.747925423904092,9,38.0,241
4.748593912890891,1,2.0,772
4.749998860609983,1,10.0,773
4.752718905344425,6,7.0,533
4.752946985293789,7,3.0,123
4.753592222094622,6,55.0,543
4.754697300262552,9,8.0,414
4.7554449973562205,6,29.0,723
4.755728571209464,7,22.0,310
4.756074392066137,2,7.0,774
4.760051274190362,6,24.0,232
4.760309765779735,1,47.0,775
4.760341079548264,1,3.0,776
4.762250726455936,1,19.0,777
4.764279351953912,1,5.0,778
4.7655361016430655,8,1.0,426
4.765779450082709,1,6.0,779
4.767681958934678,1,36.0,780
4.768126218227154,1,5.0,781
4.768667266254175,1,51.0,782
4.769023944202907,1,52.0,783
4.769792550729422,6,1.0,383
4.770129894456689,1,5.0,784
4.770285294134239,1,1.0,785
4.770760865884049,1,39.0,786
4.771266331134704,6,2.0,370
4.772013618682767,8,4.0,163
4.772293209592521,1,8.0,787
4.773478388331992,1,10.0,788
4.773869923094372,1,58.0,789
4.774098832818591,1,60.0,790
4.774188359709281,1,3.0,791
4.774800221674147,6,1.0,740
4.779707454498375,9,50.0,419
4.780010765484641,6,48.0,717
4.780249872607963,6,3.0,261
4.782195957438317,7,46.0,268
4.783165862407791,6,2.0,624
4.784654169222385,7,35.0,218
4.786962987001409,1,13.0,792
4.787709784150453,6,3.0,192
4.788142297003579,1,8.0,793
4.788632789898555,1,3.0,794
4.791023201653535,6,2.0,753
4.792917365274924,1,37.0,795
4.793558270774834,7,11.0,212
4.793959989715296,1,6.0,796
4.794544236503115,1,1.0,797
4.794916525135399,1,24.0,798
4.795284268686759,6,4.0,565
4.796013830631781,1,46.0,799
4.796508414713733,1,36.0,800
4.797117994011248,1,53.0,801
4.797193837963719,6,3.0,752
4.797452997682313,1,3.0,802
4.799780640061611,6,11.0,655
4.803315679974452,6,31.0,423
4.805246275265528,6,48.0,502
4.80688453994223,1,3.0,803
4.808022523169151,6,8.0,316
4.808294389639871,6,37.0,710
4.8085073266163585,6,52.0,733
4.808736084283481,1,2.0,804
4.81125512965752,1,51.0,805
4.812339481463027,6,18.0,754
4.812462187541147,6,5.0,729
4.812614537486596,1,1.0,806
4.812713188820938,1,2.0,807
4.8150176518790495,1,6.0,808
4.815150108879775,1,1.0,809
4.815567650847979,1,2.0,810
4.816590124061522,1,12.0,811
4.817673171007062,1,48.0,812
4.8177327013677,1,2.0,813
4.817822146952039,1,1.0,814
4.817968879076447,6,1.0,609
4.818407066499894,1,6.0,815
4.819107140555661,7,21.0,279
4.819198083760896,1,16.0,816
4.8209463893129225,1,3.0,817
4.821213708448486,1,5.0,818
4.822042287000389,1,33.0,819
4.82318017478481,1,3.0,820
4.823780792800726,1,2.0,821
4.825204799081341,6,50.0,76
4.825560925754923,1,26.0,822
4.827378821391305,1,13.0,823
4.828714567077776,9,22.0,157
4.831136031254986,6,46.0,532
4.832378707317473,6,5.0,784
4.8323898628729705,7,10.0,40
4.832544715964621,1,3.0,824
4.832567441238681,1,12.0,825
4.832874479142276,6,1.0,518
4.8333147884021885,1,5.0,826
4.833557528132115,1,1.0,827
4.833711131429599,1,58.0,828
4.834201378339795,6,6.0,808
4.834260459563476,1,6.0,829
4.836941232806976,1,1.0,830
4.838423222376754,6,36.0,800
4.839710298818503,6,14.0,576
4.841404552968054,1,52.0,831
4.8420750297318005,6,47.0,775
4.843101939673934,1,45.0,832
4.844067991987765,1,6.0,833
4.845040518680287,8,58.0,425
4.846214523874666,6,53.0,801
4.846348910910948,6,57.0,769
4.847571358071368,7,11.0,389
4.848008432187523,1,29.0,834
4.849839171971651,1,56.0,835
4.85227664802616,1,5.0,836
4.853027821639031,6,55.0,376
4.853589135742434,7,11.0,369
4.854610500070254,1,47.0,837
4.85478671590613,1,45.0,838
4.854868545303167,6,55.0,362
4.856911057665687,6,13.0,823
4.857144494372565,6,39.0,758
4.857343385418234,6,49.0,678
4.857357234855143,1,6.0,839
4.857704291400945,6,3.0,702
4.858314726955631,7,44.0,209
4.859343538523894,1,2.0,840
4.859859532891183,1,37.0,841
4.859968262769545,1,29.0,842
4.860363460920831,1,3.0,843
4.862267024961735,6,44.0,498
4.862504981898709,6,5.0,243
4.863409510121925,1,38.0,844
4.864505882748453,7,4.0,288
4.865737900983699,1,57.0,845
4.868822871031352,1,47.0,846
4.868990061066632,6,36.0,739
4.869861793373228,6,1.0,575
4.870258845907687,9,48.0,79
4.871127027070592,1,46.0,847
4.872282066162828,1,1.0,848
4.8722945344604796,1,39.0,849
4.872663857131225,1,2.0,850
4.872766063721056,1,48.0,851
4.873951470028961,6,5.0,560
4.87424170791137,1,1.0,852
4.875223895161946,1,9.0,853
4.875383651863899,1,32.0,854
4.875499723816617,6,3.0,461
4.8764495295337715,1,57.0,855
4.878906487222261,1,1.0,856
4.879821676431121,1,3.0,857
4.879932704591446,1,24.0,858
4.880206161487696,8,11.0,146
4.881222840721927,6,6.0,666
4.881871546288247,6,48.0,675
4.882731920782656,6,19.0,564
4.882814040085534,1,1.0,859
4.8850944748670555,6,1.0,612
4.885634427771839,1,42.0,860
4.885773459109299,1,13.0,861
4.885776952860814,8,57.0,247
4.886383244020059,6,22.0,667
4.8868562859742575,1,53.0,862
4.887677869096899,6,1.0,661
4.888236745569564,1,1.0,863
4.888318500006324,6,3.0,371
4.890657056430903,1,55.0,864
4.892317477557152,1,1.0,865
4.893027269581456,6,6.0,382
4.895731275365504,7,60.0,166
4.896712082934951,6,6.0,764
4.896882498987471,6,5.0,818
4.897335340014037,1,5.0,866
4.897570816471316,1,49.0,867
4.898267039034236,6,19.0,743
4.899630119996763,1,58.0,868
4.90120574371027,6,19.0,397
4.901293442938158,6,32.0,854
4.902018326993632,6,9.0,713
4.902103237063028,1,12.0,869
4.903125765737769,1,2.0,870
4.90369073316402,1,57.0,871
4.904306411518942,6,13.0,861
4.904419387054435,7,7.0,87
4.904847727909376,1,57.0,872
4.90550708980777,6,42.0,668
4.906162540163285,1,51.0,873
4.906350974731971,1,10.0,874
4.907696528678235,1,2.0,875
4.907726332391127,1,41.0,876
4.90884531263913,6,50.0,665
4.909155852915402,1,5.0,877
4.909450645440959,6,58.0,868
4.911101633836017,9,2.0,140
4.911341384137631,1,31.0,878
4.91288033290417,1,5.0,879
4.913568106491731,6,52.0,831
4.91483224201878,6,5.0,781
4.915186988071608,1,5.0,880
4.915386434325579,6,55.0,649
4.9156066702924806,1,33.0,881
4.916216313789787,6,57.0,872
4.918103309828324,6,2.0,477
4.91844462667696,7,40.0,214
4.919045751693034,1,6.0,882
4.920233942390024,1,3.0,883
4.920414840424479,6,39.0,317
4.920766145187092,1,3.0,884
4.922016524082379,1,49.0,885
4.922652631985668,1,23.0,886
4.924045427673184,1,4.0,887
4.924590048079111,6,6.0,375
4.925345060792983,6,1.0,237
4.9260465864508625,1,57.0,888
4.926736099868793,1,5.0,889
4.927074936963215,6,11.0,309
4.92734875637291,6,1.0,602
4.927364006984739,1,4.0,890
4.927722928384583,6,60.0,790
4.928247949947453,1,19.0,891
4.928651747254342,6,2.0,436
4.931511567593864,1,23.0,892
4.931668504321489,1,10.0,893
4.931703436367865,1,44.0,894
4.932602625059504,6,41.0,616
4.932607679701835,7,55.0,221
4.93631865727527,1,51.0,895
4.937081641669178,1,59.0,896
4.937732935689964,1,2.0,897
4.938337973032322,6,1.0,572
4.938858093323523,1,4.0,898
4.939128624125486,6,44.0,642
4.940024210433214,1,58.0,899
4.940169611472491,9,1.0,295
4.940260153732303,1,3.0,900
4.9414144729195275,1,1.0,901
4.942226675944999,7,53.0,129
4.943235665158868,6,9.0,767
4.944096324507174,6,22.0,96
4.944682353844354,1,33.0,902
4.945209708524793,6,3.0,803
4.945419826562313,1,4.0,903
4.947511428361732,1,5.0,904
4.94825300688259,6,42.0,860
4.949769615543574,1,39.0,905
4.949925038278818,7,2.0,286
4.950820998146336,7,10.0,139
4.951813947472278,6,46.0,847
4.9540180345782705,1,5.0,906
4.954147180668126,6,5.0,880
4.9562572331658,1,3.0,907
4.9565104036783065,6,28.0,493
4.95661620872703,1,8.0,908
4.957551119855954,1,13.0,909
4.958275277220049,1,4.0,910
4.959124226079799,1,4.0,911
4.960650569335383,1,1.0,912
4.960719383905914,1,30.0,913
4.961951050952336,6,49.0,867
4.962050598191479,6,59.0,256
4.962323561266831,8,49.0,417
4.962554902314466,6,9.0,627
4.962799005620321,1,4.0,914
4.9649758981930505,1,36.0,915
4.965484577001315,6,3.0,693
4.965579317360244,1,38.0,916
4.966298089983418,6,6.0,779
4.967930274199295,6,23.0,672
4.968198432244783,1,5.0,917
4.969691099440342,6,49.0,728
4.970280741503766,1,2.0,918
4.9720046910345,6,57.0,855
4.973220633408378,1,48.0,919
4.973789438269944,1,35.0,920
4.974443397738594,1,56.0,921
4.9754670195891,6,2.0,840
4.9757576474439675,6,35.0,724
4.977029141507944,7,1.0,443
4.977405399594643,6,7.0,694
4.977532120493746,1,2.0,922
4.978475447724435,1,4.0,923
4.978656022858999,6,4.0,914
4.980471152649837,1,33.0,924
4.9812011112603525,8,1.0,661
4.981444239749362,6,1.0,690
4.982791575925786,6,4.0,653
4.983179781808891,7,58.0,174
4.984544647860519,1,19.0,925
4.985160456080552,7,9.0,62
4.986923618495832,6,6.0,645
4.987113997796303,7,46.0,104
4.98881365349876,6,57.0,845
4.989268852162984,1,7.0,926
4.98976756828795,7,14.0,290
4.990063018636603,1,45.0,927
4.990814213011171,1,7.0,928
4.990909647479395,1,5.0,929
4.9922642840806555,6,6.0,515
4.992474320797195,6,43.0,409
4.993169902420737,7,1.0,179
4.993810847117522,6,3.0,629
4.993877016253441,7,4.0,201
4.995940955873763,1,8.0,930
4.99607994283991,6,4.0,487
4.996511045766223,6,45.0,838
4.9967306021675,1,8.0,931
4.998523882270284,6,17.0,333
4.998571587984438,1,47.0,932
5.0018383850732935,6,48.0,812
5.002075865726453,18,,0
5.002123308539047,101,1.0,933
5.002204891373301,1,3.0,934
5.003358761757552,6,3.0,239
5.0043434727036145,6,3.0,751
5.004937060747077,9,11.0,74
5.005861867238868,6,2.0,701
5.006536335210157,1,3.0,935
5.006897622176785,6,3.0,168
5.007191534423113,1,3.0,936
5.007408213638663,6,2.0,804
5.007484201101971,6,50.0,530
5.0077279679845095,18,,0
5.007889751201954,101,52.0,937
5.008366455815026,6,10.0,874
5.009211414114767,1,2.0,938
5.0109695794628415,1,3.0,939
5.0110740784115135,6,6.0,614
5.013064547981425,1,6.0,940
5.013786338214608,1,2.0,941
5.01458534290665,18,,0
5.014639806799834,101,4.0,942
5.01488655941413,6,7.0,306
5.015244698258357,7,52.0,320
5.015324621074801,6,58.0,730
5.01565651918311,18,,0
5.015799610846861,101,5.0,943
5.015950760878318,1,24.0,944
5.016840001496049,1,10.0,945
5.017466144901036,18,,0
5.0174696747698535,101,35.0,946
5.0178534867904405,1,33.0,947
5.018097305312632,9,4.0,171
5.0181744511313,6,3.0,497
5.01820037578535,18,,0
5.018269365334676,101,1.0,948
5.01841478621505,1,58.0,949
5.018493273886732,6,5.0,711
5.020080300622639,6,2.0,623
5.020412575284704,8,11.0,154
5.022028104283833,1,2.0,950
5.022808333097584,18,,0
5.022834702711936,101,13.0,951
5.023946120261043,1,5.0,952
5.023951440226392,1,4.0,953
5.024466069421996,1,2.0,954
5.025550089320344,9,53.0,106
5.0268351237311855,1,51.0,955
5.027266477051528,1,32.0,956
5.027310711820106,3,5.0,957
5.0283901067199945,6,1.0,848
5.030395303620471,6,1.0,114
5.0314955974287745,1,44.0,958
5.031983014344875,1,14.0,959
5.032572690395723,1,6.0,960
5.03270887200623,18,,0
5.032726889479739,101,1.0,961
5.033112047640165,18,,0
5.033270960503746,102,3.0,962
5.033755974783788,1,46.0,963
5.035220467854115,6,46.0,506
5.0358553682224025,18,,0
5.035867858379994,101,2.0,964
5.037483317145237,6,4.0,462
5.037817734349089,1,25.0,965
5.0392790351177625,18,,0
5.039311326890445,101,1.0,966
5.039490677838895,6,19.0,631
5.040102337595997,1,6.0,967
5.041469276318272,18,,0
5.04148915022936,101,22.0,968
5.041707327910612,6,7.0,715
5.041947254170498,1,3.0,969
5.04392440446701,1,16.0,970
5.044748262944488,18,,0
5.044751560451486,6,11.0,213
5.044780222131793,101,24.0,971
5.045307779313953,1,31.0,972
5.045446949033813,6,17.0,503
5.045993911400894,1,35.0,973
5.046150024161717,1,20.0,974
5.046263585820413,18,,0
5.046299962744591,101,1.0,975
5.04638437517877,1,10.0,976
5.0468305871746955,6,3.0,479
5.04703414977664,8,55.0,544
5.047881713981289,6,1.0,806
5.048188141712486,1,9.0,977
5.048451020103366,6,39.0,905
5.0489528251426545,1,8.0,978
5.049425891198634,1,2.0,979
5.0504783978114665,1,35.0,980
5.051941693480346,1,9.0,981
5.053279708987026,1,43.0,982
5.053601641355459,6,1.0,742
5.055960174705519,6,25.0,965
5.060413003010144,6,3.0,900
5.061907477040465,7,59.0,193
5.062660171552501,7,1.0,226
5.062660999551936,1,25.0,983
5.063196858693839,7,52.0,144
5.06447748715322,7,6.0,135
5.06447748715322,16,6.0,135
5.064479260655737,1,3.0,984
5.067086099939255,1,45.0,985
5.067141237178746,1,5.0,986
5.0671419066329015,1,6.0,987
5.067621911823421,1,6.0,988
5.067633279644484,9,3.0,145
5.068041429681289,1,3.0,989
5.068457362218259,1,6.0,990
5.070655258427958,7,48.0,495
5.071066298165321,6,33.0,947
5.071185517220607,7,54.0,292
5.072018061570407,1,1.0,991
5.073049751002407,1,27.0,992
5.073814412110636,6,58.0,899
5.074281919683968,1,7.0,993
5.075728097641576,1,55.0,994
5.077214034114475,6,3.0,736
5.077286541132219,1,8.0,995
5.0774110142373585,6,1.0,338
5.077766678836477,6,39.0,786
5.0797384578604,6,11.0,381
5.082278599280007,1,5.0,996
5.084907998803489,6,57.0,110
5.085109080553561,6,51.0,782
5.085395698764492,9,11.0,146
5.08591845989974,1,56.0,997
5.0862309227149165,7,3.0,266
5.086292053948638,1,31.0,998
5.0871748626140665,6,2.0,274
5.087263948525903,7,37.0,244
5.089429389981338,6,46.0,738
5.091246587881391,1,43.0,999
5.092896653725575,1,5.0,1000
5.09360264956049,8,57.0,845
5.095909805648289,1,15.0,1001
5.096321879473577,1,23.0,1002
5.096352840098985,6,3.0,210
5.096432804977858,1,25.0,1003
5.097043949609667,1,2.0,1004
5.09753485546844,1,8.0,1005
5.098144710203685,1,1.0,1006
5.098392542490813,6,30.0,913
5.098760186860015,6,8.0,995
5.098877686694094,1,60.0,1007
5.100049144251395,1,8.0,1008
5.100064489710561,1,43.0,1009
5.101218555529193,6,6.0,967
5.10124478422244,1,2.0,1010
5.106009536315472,1,5.0,1011
5.1064816015950445,7,6.0,440
5.107921101855505,1,20.0,1012
5.109517888749345,1,29.0,1013
5.109630937369284,6,7.0,684
5.1112149683889365,9,43.0,230
5.11148746406765,1,8.0,1014
5.112328427610793,8,2.0,624
5.11243464456377,1,44.0,1015
5.1127351515903605,1,4.0,1016
5.113680608134422,1,36.0,1017
5.11408428620495,1,38.0,1018
5.1150662324163685,1,54.0,1019
5.115417727199741,6,2.0,771
5.117517344968605,6,25.0,481
5.117578032654074,7,55.0,235
5.118499555119013,1,36.0,1020
5.119748668041626,1,6.0,1021
5.119987431796931,1,43.0,1022
5.120586499269094,1,12.0,1023
5.120949204335878,6,39.0,610
5.120994258681921,6,15.0,596
5.1225306675829865,8,49.0,678
5.122659135828201,1,2.0,1024
5.122919527728346,1,10.0,1025
5.123630382400306,6,1.0,814
5.124020435572818,1,7.0,1026
5.124066881831184,1,12.0,1027
5.125722499705772,6,2.0,922
5.126033752820644,1,2.0,1028
5.126319278160397,8,1.0,806
5.128266794969099,1,7.0,1029
5.13157906631276,6,5.0,470
5.133061207258904,1,43.0,1030
5.1331368460113,1,4.0,1031
5.133798129840465,1,1.0,1032
5.134980661034523,1,29.0,1033
5.134997669946883,1,2.0,1034
5.135184320166512,8,13.0,449
5.135211747823751,1,50.0,1035
5.1358079024848955,6,48.0,919
5.1361961410128005,1,2.0,1036
5.1365162458682025,8,6.0,808
5.137094853256122,1,56.0,1037
5.137345563906311,1,8.0,1038
5.1375189336661355,6,46.0,643
5.137575755894598,6,10.0,1025
5.138389425757274,8,11.0,77
5.13951297321043,6,3.0,405
5.140228343740831,1,48.0,1039
5.140403507356918,6,59.0,696
5.142438784501636,1,1.0,1040
5.142498014029337,1,5.0,1041
5.143293561038457,8,1.0,510
5.144074726554662,6,6.0,990
5.14439292927248,1,19.0,1042
5.1449361575025145,6,48.0,1039
5.145494200452669,1,2.0,1043
5.145533971802775,1,5.0,1044
5.147440249700378,6,18.0,658
5.149278241473096,1,6.0,1045
5.149346767633846,1,14.0,1046
5.151406130939291,8,5.0,420
5.152217206990458,1,1.0,1047
5.153704413080319,1,7.0,1048
5.15468598800409,1,53.0,1049
5.154771848435291,6,1.0,71
5.1557676692136,1,2.0,1050
5.156666293707919,1,50.0,1051
5.15667393974643,1,51.0,1052
5.157435577286306,6,46.0,755
5.158938554202512,8,1.0,609
5.15953345564879,1,48.0,1053
5.1597596310086535,9,58.0,147
5.159879729380863,6,4.0,923
5.160782740936096,2,9.0,1054
5.161393513454605,1,2.0,1055
5.1620242000741445,8,4.0,914
5.163013804988689,1,4.0,1056
5.163931844314361,6,1.0,830
5.164714102909446,1,54.0,1057
5.165235227082617,1,12.0,1058
5.165697107072322,6,7.0,355
5.165785345327671,6,6.0,988
5.166022759434227,6,25.0,594
5.166078244281034,1,1.0,1059
5.166540006137217,1,53.0,1060
5.167023838347335,1,8.0,1061
5.168331182403178,6,5.0,1044
5.168636834983345,1,43.0,1062
5.168758936532754,6,5.0,695
5.168827523153867,1,10.0,1063
5.16882953410473,9,5.0,88
5.169321756635439,6,1.0,1006
5.169771399610876,1,11.0,1064
5.169969810577839,6,44.0,958
5.170046941514783,6,3.0,385
5.1709567321127485,1,32.0,1065
5.171139796340551,6,9.0,586
5.171368161791697,6,8.0,1061
5.171959697986225,1,1.0,1066
5.173848846435208,1,6.0,1067
5.174013663245115,2,10.0,1068
5.174662014905305,1,45.0,1069
5.177843222144989,1,4.0,1070
5.179472208767723,1,2.0,1071
5.179598922139361,1,1.0,1072
5.180189058128343,7,56.0,142
5.180519214752825,1,3.0,1073
5.181165739610083,6,2.0,1036
5.182188368266124,1,1.0,1074
5.1828506107,1,44.0,1075
5.183311633332455,1,11.0,1076
5.183506069222449,1,2.0,1077
5.183816186765583,1,5.0,1078
5.184364055223397,6,4.0,1056
5.184700947054631,1,60.0,1079
5.184732021162406,6,43.0,699
5.185038959013893,1,38.0,1080
5.18656213597242,6,7.0,993
5.186712431164773,6,8.0,1008
5.1877875655393915,1,38.0,1081
5.1885216421738525,1,39.0,1082
5.190923230631113,6,4.0,731
5.191162941772007,6,17.0,622
5.191250001850979,6,2.0,807
5.191815018686913,8,53.0,162
5.193020290776297,1,3.0,1083
5.193205394369678,1,50.0,1084
5.193641654856659,6,37.0,735
5.193906050136246,6,1.0,512
5.194483880327126,1,44.0,1085
5.195867534887874,6,3.0,1083
5.195950792342794,1,8.0,1086
5.196165430160174,9,7.0,22
5.197001408707251,9,58.0,425
5.197001408707251,16,58.0,425
5.197460950285109,7,25.0,245
5.197512628206471,6,51.0,509
5.19788037703521,1,18.0,1087
5.198281987667762,1,1.0,1088
5.198288468735162,6,7.0,928
5.200108365036421,7,27.0,318
5.2003276967180945,6,10.0,347
5.200925514419683,1,33.0,1089
5.204442439777798,1,34.0,1090
5.204804779441238,6,5.0,685
5.204991424353868,1,1.0,1091
5.205009937093234,1,4.0,1092
5.205903623577308,1,5.0,1093
5.206965841549709,6,1.0,991
5.207238599480701,1,12.0,1094
5.208847197222426,1,48.0,1095
5.208866194102535,1,41.0,1096
5.209216412527759,6,5.0,691
5.209556916997242,1,26.0,1097
5.2095969150121135,6,3.0,936
5.210418028229451,1,43.0,1098
5.21266151180792,6,2.0,1071
5.213985984426435,1,11.0,1099
5.214235270019957,7,2.0,102
5.214349513954997,1,19.0,1100
5.214421516346168,1,11.0,1101
5.214539178403564,6,19.0,925
5.215024971803227,1,3.0,1102
5.215253470868014,6,23.0,555
5.216014889263224,1,40.0,1103
5.217024341894361,1,51.0,1104
5.217114676619186,1,9.0,1105
5.217503179293694,1,8.0,1106
5.217519237173407,6,7.0,703
5.218033705111915,1,15.0,1107
5.218430032394687,6,46.0,799
5.218509322534832,1,53.0,1108
5.218993651506173,6,11.0,367
5.219024933778446,2,28.0,1109
5.2201275768825655,8,3.0,962
5.2212288917243725,1,1.0,1110
5.22152241403921,7,4.0,66
5.221632247138566,1,45.0,1111
5.222254494624613,1,4.0,1112
5.22264105618883,1,34.0,1113
5.222721855506243,1,7.0,1114
5.223195006222491,6,56.0,1037
5.223871862037178,1,15.0,1115
5.224455397083746,1,1.0,1116
5.224714075914361,1,55.0,1117
5.22511112245541,1,54.0,1118
5.225444624693653,1,12.0,1119
5.226523414922067,6,8.0,448
5.227600165159538,6,6.0,390
5.2284621449724975,8,11.0,442
5.228601427291843,6,8.0,1038
5.229876068828043,8,5.0,880
5.230342586696217,1,18.0,1120
5.230443612241397,6,19.0,1042
5.230815285506661,6,4.0,403
5.231177832004949,1,3.0,1121
5.231890950256604,1,4.0,1122
5.231897032557675,1,45.0,1123
5.231915199926508,1,49.0,1124
5.233519590392342,1,54.0,1125
5.233800612664866,1,5.0,1126
5.235558781005024,6,48.0,1095
5.236501753331452,1,35.0,1127
5.237898379390659,1,2.0,1128
5.2384347415284145,1,12.0,1129
5.238830632929488,8,6.0,246
5.240227647365123,1,3.0,1130
5.24039784973864,9,5.0,420
5.240417484658872,1,2.0,1131
5.2411707163744685,7,33.0,341
5.24162555299687,1,34.0,1132
5.243531462038217,6,2.0,659
5.243639273740236,6,6.0,829
5.244341625798723,1,5.0,1133
5.2447816579218065,1,7.0,1134
5.245142993506816,6,23.0,892
5.245851764731799,7,56.0,377
5.246091266581682,1,2.0,1135
5.24617653167184,1,1.0,1136
5.246178869343906,1,4.0,1137
5.246827898475957,1,9.0,1138
5.247265128921195,1,56.0,1139
5.24817551386881,1,1.0,1140
5.248679040941876,1,58.0,1141
5.24891560149523,1,31.0,1142
5.24925132964648,1,60.0,1143
5.249960620175215,1,23.0,1144
5.2510288042056175,1,4.0,1145
5.251387475233618,8,7.0,468
5.251805377371414,6,1.0,1047
5.2531876554575145,1,3.0,1146
5.254247847542848,1,3.0,1147
5.255717631110266,1,5.0,1148
5.255747871897828,6,10.0,1068
5.2571728673307065,6,8.0,1106
5.25723051421464,7,52.0,126
5.258328805905112,6,39.0,849
5.258850734389899,6,20.0,606
5.259440677330066,1,5.0,1149
5.261019272458532,6,35.0,920
5.261081117113348,1,43.0,1150
5.261640999074866,1,59.0,1151
5.261908900695815,1,13.0,1152
5.262835927053409,1,54.0,1153
5.263621300750752,6,43.0,1022
5.264011862542374,6,4.0,1122
5.264216329837741,1,33.0,1154
5.264775836413676,6,46.0,963
5.264905924338693,1,4.0,1155
5.2650716532404545,6,32.0,1065
5.265187509027948,6,4.0,1137
5.265709671132437,1,2.0,1156
5.26628499269203,7,23.0,107
5.266306452339139,1,3.0,1157
5.266308173636494,8,57.0,242
5.266426234461767,1,8.0,1158
5.267240710510919,6,2.0,688
5.267385415458424,7,59.0,191
5.268575994324243,1,7.0,1159
5.268677802360477,1,18.0,1160
5.269552430053124,1,1.0,1161
5.26990257807805,1,3.0,1162
5.271954638710355,6,10.0,301
5.272161329347634,1,3.0,1163
5.272482579621511,1,1.0,1164
5.274120990135518,6,1.0,722
5.274259911303835,1,1.0,1165
5.274391770337571,8,17.0,619
5.274959726074228,1,42.0,1166
5.27558074518703,7,4.0,692
5.275680624350462,8,54.0,491
5.276463880105285,1,1.0,1167
5.276999302864958,7,59.0,153
5.277095528716228,7,9.0,339
5.278048783409409,6,2.0,1010
5.28015364237055,6,16.0,424
5.280908139568782,1,1.0,1168
5.281168970432822,1,4.0,1169
5.28201695381115,1,3.0,1170
5.282220053665971,1,60.0,1171
5.2826378441276125,6,59.0,545
5.282755274990707,6,7.0,447
5.282872269241444,6,7.0,1114
5.288665781555194,1,2.0,1172
5.290150615618849,1,51.0,1173
5.2901697261418414,1,3.0,1174
5.291246859235408,1,59.0,1175
5.2914629993633335,1,2.0,1176
5.291607234338882,1,1.0,1177
5.2921334465287995,1,54.0,1178
5.2931537669467055,1,1.0,1179
5.294449457938148,6,59.0,285
5.29497771702561,1,8.0,1180
5.295361345025177,6,15.0,1001
5.295466753779178,6,45.0,1123
5.295488491802598,1,2.0,1181
5.296202210049497,6,3.0,939
5.296297248998073,1,25.0,1182
5.296403341744174,1,3.0,1183
5.297225174598671,1,40.0,1184
5.297467778249631,1,33.0,1185
5.2981335533857274,1,60.0,1186
5.2989720964625615,6,16.0,816
5.298986564450384,6,4.0,1016
5.299451979764357,8,11.0,381
5.299885665511461,6,4.0,1112
5.300121324041956,1,4.0,1187
5.301552183719861,1,7.0,1188
5.302137711279348,1,1.0,1189
5.302378097125878,1,6.0,1190
5.302809856553481,1,3.0,1191
5.302823558470222,6,9.0,853
5.303320518407693,1,2.0,1192
5.306065311040605,7,40.0,340
5.306973613713037,6,60.0,598
5.307362724058263,6,7.0,1048
5.309552131317557,1,45.0,1193
5.310313258972702,6,9.0,697
5.310326856136427,9,54.0,491
5.31070935734777,1,33.0,1194
5.312825887522603,1,49.0,1195
5.313028971730605,1,2.0,1196
5.314247492897717,6,47.0,837
5.314274061179232,6,41.0,759
5.314649179653892,6,38.0,439
5.314782935925151,1,4.0,1197
5.31492298892553,6,3.0,1147
5.315268933541445,6,58.0,789
5.3153303559919305,6,5.0,184
5.316354661242776,6,5.0,1133
5.317646218918566,6,35.0,1127
5.318197125627525,1,2.0,1198
5.31895478161301,6,8.0,1086
5.318958969180552,1,14.0,1199
5.319515056572209,1,25.0,1200
5.319843697965139,1,58.0,1201
5.319886504428957,6,4.0,1187
5.321762205040338,1,33.0,1202
5.3232831769942655,6,1.0,1165
5.324044654351698,6,5.0,1041
5.324221073627854,1,2.0,1203
5.324440104689173,1,2.0,1204
5.325768644860684,9,11.0,154
5.326545694200458,6,43.0,1030
5.327479046709475,7,41.0,298
5.328835058377508,6,34.0,1113
5.3299986309334155,6,59.0,896
5.330392100567931,6,2.0,566
5.331247345248946,6,2.0,1034
5.331272131996537,1,13.0,1205
5.332676518893564,6,7.0,248
5.33316528767365,1,1.0,1206
5.333950645383526,8,1.0,152
5.334638043097057,6,3.0,593
5.335493906441776,6,29.0,1013
5.336043365640112,6,11.0,1076
5.336735238011851,6,3.0,935
5.336740276404026,6,31.0,972
5.337257869554585,1,3.0,1207
5.337859030398446,1,3.0,1208
5.340475895587299,1,3.0,1209
5.340501953088819,1,1.0,1210
5.342194489377045,1,56.0,1211
5.342988264310956,1,34.0,1212
5.343086469862738,6,55.0,864
5.344161892418458,8,3.0,497
5.344665599471968,6,20.0,227
5.345623440523059,1,6.0,1213
5.3471776767307,1,5.0,1214
5.347258056621197,7,45.0,540
5.3493472451079285,7,59.0,223
5.349803632143583,6,15.0,1107
5.350452001782339,1,12.0,1215
5.35051708512334,6,53.0,1060
5.352183190005695,6,6.0,987
5.352414004015054,7,44.0,70
5.353275275618423,1,1.0,1216
5.353511071963661,9,6.0,138
5.3535399168807976,1,41.0,1217
5.353955487429819,1,2.0,1218
5.354016430403854,6,56.0,1211
5.354219656347738,1,27.0,1219
5.356375767401762,6,35.0,488
5.356566632389497,1,50.0,1220
5.357857476279196,1,11.0,1221
5.3585710521456305,1,20.0,1222
5.360265294784317,1,32.0,1223
5.3602702909806474,1,12.0,1224
5.360902139648029,1,13.0,1225
5.360999290554439,1,15.0,1226
5.361543958244067,6,54.0,650
5.362430365674667,7,52.0,733
5.363177315444241,1,1.0,1227
5.364981550743095,1,18.0,1228
5.366454336059163,7,44.0,38
5.3666952635760365,1,4.0,1229
5.366838383094376,8,1.0,569
5.366919589935057,1,9.0,1230
5.367520846435027,1,22.0,1231
5.367521867333581,6,38.0,1018
5.367744280920708,1,57.0,1232
5.368030628961885,1,9.0,1233
5.369356800486038,1,43.0,1234
5.370323365216123,7,2.0,507
5.370798095149621,7,43.0,409
5.371609179584195,6,47.0,109
5.372770822573878,6,2.0,1077
5.373088931118456,10,5.0,957
5.376441001191536,1,32.0,1235
5.377684035882828,1,32.0,1236
5.377954678661894,1,33.0,1237
5.3792051319190035,1,3.0,1238
5.380016625609821,1,4.0,1239
5.38017880051688,6,1.0,705
5.3812867554821455,6,1.0,428
5.381984991054057,1,3.0,1240
5.382191178739269,1,48.0,1241
5.382976704279387,1,3.0,1242
5.3840310790310335,8,1.0,383
5.384825210992237,1,5.0,1243
5.385215663969364,6,53.0,1049
5.386582877739629,6,4.0,1229
5.387477761273529,8,5.0,401
5.387808576334013,6,34.0,541
5.388022458304984,1,4.0,1244
5.388032787798992,1,18.0,1245
5.388208267676817,1,47.0,1246
5.388212842265091,1,9.0,1247
5.388381103645419,6,56.0,1139
5.388992228284811,6,13.0,664
5.38974682767333,1,5.0,1248
5.389768705335887,7,19.0,631
5.390344009035938,6,3.0,480
5.39179348915501,1,12.0,1249
5.392114696799527,1,2.0,1250
5.392321279580822,1,11.0,1251
5.392543804597027,7,9.0,158
5.393000869583232,6,7.0,689
5.393447345198121,1,22.0,1252
5.393567713913002,1,9.0,1253
5.393923885246813,6,54.0,1019
5.394115889684284,1,55.0,1254
5.394203927216181,7,3.0,180
5.396304769847003,1,51.0,1255
5.3968953934887525,9,5.0,258
5.397574684721579,7,2.0,465
5.397654234448701,6,54.0,1153
5.397683574967441,8,58.0,730
5.398201442529582,1,36.0,1256
5.400385670408549,6,42.0,641
5.400741263258308,1,54.0,1257
5.401490621223367,6,38.0,211
5.402438256512109,6,5.0,574
5.402935677405765,1,56.0,1258
5.403091101260406,1,16.0,1259
5.404251449090813,6,7.0,1029
5.4052810258460475,1,5.0,1260
5.405733333984881,1,46.0,1261
5.406753257640988,1,11.0,1262
5.4071707300106855,1,3.0,1263
5.407510503594723,1,19.0,1264
5.407737665221752,6,3.0,820
5.408027008417637,6,2.0,1218
5.408288813330806,6,54.0,716
5.408408809653784,6,13.0,1225
5.409144444980524,6,8.0,793
5.409474608854612,1,35.0,1265
5.41048399073753,6,24.0,562
5.4108487089663955,1,2.0,1266
5.411327072470354,6,1.0,901
5.4118886134212625,6,43.0,585
5.413619494780284,7,50.0,202
5.41517073541335,1,52.0,1267
5.415887624347933,6,43.0,1234
5.416185838906833,8,37.0,735
5.416206407491396,1,1.0,1268
5.41629327158859,7,1.0,206
5.418639268261324,1,5.0,1269
5.418665196903819,1,46.0,1270
5.4190373561723515,1,6.0,1271
5.41936288031614,1,4.0,1272
5.419570896294401,1,2.0,1273
5.419575804960353,1,12.0,1274
5.419683660240456,1,43.0,1275
5.419735430536063,1,6.0,1276
5.419893019869299,1,20.0,1277
5.420020320444257,1,1.0,1278
5.42056459726294,1,28.0,1279
5.422256036356096,9,5.0,401
5.422287969777328,1,6.0,1280
5.422728423213986,6,1.0,589
5.422757654617844,1,2.0,1281
5.423982889624409,1,3.0,1282
5.42493137572111,1,55.0,1283
5.425090308744311,6,3.0,883
5.42576847239418,6,55.0,584
5.427022221954086,6,3.0,1242
5.4270284681698815,8,7.0,993
5.427513893873619,6,54.0,1125
5.427976404540832,1,7.0,1284
5.428433784681921,6,42.0,613
5.429501990159846,6,12.0,1224
5.4297780883035065,1,3.0,1285
5.430975457348807,1,2.0,1286
5.432012626563574,6,8.0,677
5.433327796575706,1,8.0,1287
5.434100383681471,8,2.0,727
5.4343590445855305,1,9.0,1288
5.434560911802012,1,14.0,1289
5.434667745293341,6,1.0,122
5.435503855490731,7,1.0,183
5.435851910897943,6,6.0,960
5.436385937439095,8,2.0,807
5.437240731696058,1,56.0,1290
5.437822410656937,7,29.0,118
5.438459025072129,1,3.0,1291
5.439418694484882,6,3.0,984
5.439876935317742,1,4.0,1292
5.440013279519689,6,8.0,1287
5.4410463192103204,6,51.0,873
5.441084065542973,7,8.0,448
5.442047688265462,6,6.0,1045
5.442136859267159,1,21.0,1293
5.442434190827434,1,2.0,1294
5.4432190078320035,8,36.0,800
5.44365080264302,1,59.0,1295
5.444127599622729,1,42.0,1296
5.44415705679722,1,15.0,1297
5.444610521543433,1,16.0,1298
5.446693452202689,6,2.0,408
5.448541746832874,7,6.0,121
5.449155198371488,1,24.0,1299
5.449503306655974,1,2.0,1300
5.449612211230989,6,5.0,889
5.450066109100696,1,56.0,1301
5.450432844895003,6,5.0,917
5.450624715752879,1,1.0,1302
5.451185434355681,1,19.0,1303
5.452276254663002,1,7.0,1304
5.453516734325895,1,1.0,1305
5.453952321548,6,5.0,640
5.454834742861059,1,57.0,1306
5.455044871578281,2,3.0,1307
5.456236500603308,6,40.0,1184
5.456805247174643,1,1.0,1308
5.457607475124632,8,1.0,690
5.4591661919332575,1,16.0,1309
5.459601624185214,1,7.0,1310
5.460465333846223,1,58.0,1311
5.4606417740763895,1,1.0,1312
5.460741578622235,1,3.0,1313
5.460797280456206,8,1.0,428
5.461526436586368,1,3.0,1314
5.461712835371025,1,14.0,1315
5.462174954053217,1,4.0,1316
5.464213231385781,6,6.0,1280
5.464316190063672,1,7.0,1317
5.464969414156056,6,33.0,490
5.465248210024699,6,17.0,719
5.465545644036575,1,7.0,1318
5.466138730988965,6,58.0,949
5.466364761162447,9,18.0,150
5.468192651604821,1,16.0,1319
5.47117373359659,1,40.0,1320
5.47173183729945,6,2.0,870
5.472145193139334,6,5.0,1148
5.472286660049892,6,14.0,1289
5.472653968386366,1,13.0,1321
5.473204875904074,1,6.0,1322
5.473510808180871,2,47.0,1323
5.473637811276949,7,4.0,299
5.473718059976093,6,3.0,817
5.4737254641165345,6,1.0,856
5.474092752223857,1,3.0,1324
5.475515805041904,1,6.0,1325
5.476049032145558,8,1.0,933
5.476446745763603,1,26.0,1326
5.47671899060364,7,54.0,305
5.477612494935404,7,3.0,751
5.478055338592204,6,2.0,1250
5.478125105008266,6,48.0,851
5.47927593643459,6,6.0,422
5.479687286706974,1,60.0,1327
5.479917585818168,6,46.0,1261
5.480654267060104,1,4.0,1328
5.481016910903392,1,2.0,1329
5.482242910469924,1,54.0,1330
5.482787464290679,1,1.0,1331
5.482797722654467,6,5.0,726
5.4832493226666,1,46.0,1332
5.483561974278042,1,12.0,1333
5.483646577032775,1,49.0,1334
5.4842766587513445,1,2.0,1335
5.484684964555493,7,54.0,567
5.484811323015853,1,8.0,1336
5.4860517857785345,6,45.0,1069
5.486526786491387,1,2.0,1337
5.487250259187706,1,1.0,1338
5.48742784496825,6,7.0,1310
5.487817971780715,1,5.0,1339
5.4888827425332645,1,1.0,1340
5.489433250741971,6,3.0,989
5.490489309535398,1,6.0,1341
5.490610322529983,7,56.0,83
5.4912734450584555,1,1.0,1342
5.49156481705779,9,41.0,156
5.491622312105364,1,3.0,1343
5.491681940428203,6,33.0,1194
5.492983479621801,1,10.0,1344
5.4930352524269965,1,39.0,1345
5.49424982720585,1,9.0,1346
5.495901513398904,7,6.0,336
5.495952749122364,6,51.0,955
5.496470133102211,6,2.0,1176
5.497069145440202,6,2.0,1329
5.497618102339339,1,9.0,1347
5.497719411903696,6,54.0,1257
5.49780412623663,1,48.0,1348
5.499254956244901,1,10.0,1349
5.499718522030839,1,18.0,1350
5.500237928784975,1,2.0,1351
5.500988252994672,6,5.0,124
5.501180747708729,1,53.0,1352
5.501929391311357,6,3.0,1238
5.502055639040375,1,51.0,1353
5.502145065398122,7,23.0,892
5.5022840141310185,1,3.0,1354
5.502480638854831,1,3.0,1355
5.503274015342563,6,4.0,1092
5.503303656155908,6,12.0,1119
5.504028228380296,6,4.0,911
5.506764494769698,1,11.0,1356
5.508727040038987,6,49.0,1195
5.508975234820333,6,18.0,1350
5.5092990612772645,1,21.0,1357
5.515497209322421,1,5.0,1358
5.516062513393354,6,7.0,1134
5.518869225834901,8,6.0,645
5.51951165845524,1,39.0,1359
5.519714601740116,1,55.0,1360
5.520805650119187,1,52.0,1361
5.521142908179189,1,60.0,1362
5.521276363023575,6,2.0,772
5.522106206565352,6,2.0,810
5.523525864636739,2,7.0,1363
5.52394382894321,8,18.0,658
5.5244157368577165,1,2.0,1364
5.5246544774881485,6,55.0,534
5.52496492914205,1,2.0,1365
5.525919479269569,6,27.0,1219
5.526062491860783,1,5.0,1366
5.527965892250136,1,5.0,1367
5.528133344491164,1,59.0,1368
5.528172502070627,7,2.0,205
5.528198387942484,1,35.0,1369
5.528293101904401,6,48.0,1348
5.5283598546170385,6,17.0,757
5.528714520436474,6,44.0,1015
5.528858282794909,1,41.0,1370
5.528928697166595,1,7.0,1371
5.529223762426378,6,47.0,932
5.52971091123533,1,9.0,1372
5.529715916681877,1,8.0,1373
5.530295471702823,1,21.0,1374
5.530406263149899,6,4.0,953
5.531010080493572,1,8.0,1375
5.531115167672498,1,3.0,1376
5.531314181130932,1,2.0,1377
5.531349403731975,8,45.0,651
5.531525253413104,2,2.0,1378
5.533096253613168,6,2.0,918
5.534227969931219,8,22.0,968
5.537834258344005,6,5.0,1366
5.538272803198792,7,2.0,552
5.538781290294388,1,47.0,1379
5.539050304665103,1,39.0,1380
5.539077751333653,1,22.0,1381
5.540028525190323,1,3.0,1382
5.540086766701591,7,8.0,207
5.540169786476639,1,46.0,1383
5.540194275126276,6,5.0,929
5.540441832356742,1,1.0,1384
5.540825516762093,6,60.0,608
5.54204231943827,1,2.0,1385
5.542731512164174,1,53.0,1386
5.543146397504541,7,58.0,215
5.543972334082832,6,11.0,1251
5.54397437204498,7,12.0,314
5.547553408058928,6,21.0,1374
5.549156595676836,6,46.0,378
5.549650235147755,6,25.0,335
5.550980535313821,2,11.0,1387
5.551174116130188,1,1.0,1388
5.551612083039703,6,5.0,1339
5.55183409998608,1,36.0,1389
5.551890234112748,6,16.0,1319
5.552110409764754,1,59.0,1390
5.552185928218411,9,57.0,845
5.552504048965588,1,5.0,1391
5.5526826082174745,1,1.0,1392
5.552902530577353,6,43.0,1062
5.553366689016966,1,9.0,1393
5.554866532536138,1,14.0,1394
5.556140540474008,6,4.0,1292
5.556386351681039,1,2.0,1395
5.556504980690793,1,2.0,1396
5.556735482175585,1,1.0,1397
5.556778318238222,6,3.0,1130
5.558552585921209,7,57.0,233
5.558749053377078,7,59.0,12
5.559072898844245,6,6.0,796
5.559673725271898,6,51.0,1052
5.559841431723109,1,46.0,1398
5.560252749359744,1,43.0,1399
5.560984719634068,6,2.0,875
5.5622871978228785,1,17.0,1400
5.562555774564249,1,42.0,1401
5.563983467108728,1,54.0,1402
5.564529133098419,1,41.0,1403
5.566299809793074,1,2.0,1404
5.566360395893488,6,30.0,526
5.566579633792712,6,2.0,941
5.5668440480978045,6,5.0,95
5.567099649681158,6,34.0,1090
5.567372235133048,1,2.0,1405
5.568426115067866,6,9.0,1288
5.568780536896464,1,20.0,1406
5.570599458240726,6,5.0,1391
5.572056484659679,6,3.0,763
5.572467682688857,1,1.0,1407
5.57304040969606,1,53.0,1408
5.573197454347991,6,3.0,582
5.5739362088944375,6,4.0,898
5.574241573253092,1,9.0,1409
5.576420605749302,1,3.0,1410
5.576695372175723,7,11.0,283
5.576822625867643,6,55.0,1283
5.577881102062497,6,57.0,888
5.5791730498834795,6,28.0,1109
5.579849580145236,1,46.0,1411
5.582669221777518,1,50.0,1412
5.583099681112812,1,9.0,1413
5.583534362731413,6,1.0,1342
5.5840695644190195,1,53.0,1414
5.58423406540318,6,6.0,815
5.585116223846542,1,1.0,1415
5.585223410118389,6,46.0,1398
5.5875769355833995,1,2.0,1416
5.587741829766213,6,41.0,707
5.587931041041394,1,7.0,1417
5.58962094400212,1,2.0,1418
5.5906338296233775,1,14.0,1419
5.590989959851615,6,46.0,1411
5.591516547611419,7,6.0,337
5.591843950088315,6,19.0,1303
5.592152788335552,6,33.0,902
5.594360759158764,1,33.0,1420
5.594989606602912,1,6.0,1421
5.59534601331811,6,25.0,1003
5.595712016846763,6,19.0,1264
5.5962304239981915,6,2.0,1365
5.596569196171714,1,1.0,1422
5.598189259276656,6,1.0,1302
5.599217359193605,8,1.0,329
5.599966420142103,1,57.0,1423
5.602034054873119,6,4.0,1169
5.604004742257016,8,4.0,942
5.6040472908410965,1,38.0,1424
5.60451200905852,1,2.0,1425
5.605684507091103,1,1.0,1426
5.606627943558447,1,17.0,1427
5.607451971716181,1,4.0,1428
5.608580972660731,1,2.0,1429
5.608822850844336,6,36.0,1020
5.608862232774346,7,1.0,602
5.608953937321704,6,7.0,1284
5.6091115308560795,1,7.0,1430
5.609523313370587,1,48.0,1431
5.609568962813309,9,2.0,529
5.609640622492805,6,7.0,1417
5.610087311024051,1,1.0,1432
5.610606814796461,1,7.0,1433
5.611720792467821,9,4.0,344
5.612591815938645,6,31.0,878
5.612763487122908,1,34.0,1434
5.612940204270609,1,33.0,1435
5.614123199511597,1,4.0,1436
5.615043879495361,1,9.0,1437
5.615219833421458,6,5.0,1214
5.615469600102067,6,6.0,1190
5.615603716111812,6,18.0,1087
5.61562634097924,1,47.0,1438
5.61605633883042,1,34.0,1439
5.616096209887307,1,4.0,1440
5.616249834515041,7,51.0,404
5.617692394747674,6,32.0,356
5.61781817696409,7,36.0,431
5.618235828554248,6,12.0,811
5.618959798237356,6,20.0,974
5.6202916477279,7,4.0,319
5.6207041693277215,7,41.0,231
5.621430506290637,1,25.0,1441
5.623070366262026,6,2.0,1351
5.623411347949917,1,39.0,1442
5.623802744845158,6,7.0,1304
5.623973523350932,1,2.0,1443
5.624269738583343,1,35.0,1444
5.625080226839011,6,1.0,1179
5.625130016441017,1,5.0,1445
5.625967063129933,6,39.0,1359
5.626643284630363,8,31.0,423
5.626981316953481,6,4.0,910
5.62740431662244,1,4.0,1446
5.627537790996261,6,55.0,994
5.627578354131573,7,5.0,220
5.627643505723057,6,5.0,652
5.627799563492028,1,43.0,1447
5.628292261277684,7,2.0,80
5.629145307412679,1,53.0,1448
5.629180243648106,7,58.0,61
5.629232570513851,1,15.0,1449
5.632606279313548,1,1.0,1450
5.632741839831294,1,51.0,1451
5.6328555735433765,1,57.0,1452
5.6344484590005806,1,40.0,1453
5.635493039468719,6,14.0,1315
5.63587369684301,1,10.0,1454
5.635997506801427,1,1.0,1455
5.636712489404058,1,1.0,1456
5.637159897612622,6,1.0,1422
5.637241464078171,1,6.0,1457
5.6375504915252845,1,30.0,1458
5.638191179347101,6,49.0,1124
5.638622205102142,1,56.0,1459
5.639260951977641,1,6.0,1460
5.640401965802443,6,2.0,1416
5.64151479690599,1,3.0,1461
5.641788549064058,1,2.0,1462
5.642207925202932,1,3.0,1463
5.6425420160313005,1,1.0,1464
5.643098675286154,1,40.0,1465
5.643151616419378,1,23.0,1466
5.643265551711906,7,2.0,753
5.6432995703707265,1,2.0,1467
5.644213961390948,6,57.0,253
5.644934501777794,1,2.0,1468
5.645614092724496,1,36.0,1469
5.645939075402417,1,44.0,1470
5.646509435299698,6,18.0,1120
5.64717083748017,6,20.0,1012
5.6472120290487675,1,9.0,1471
5.647231341362895,6,2.0,1024
5.64794593443834,6,9.0,977
5.6490955464732195,1,2.0,1472
5.650857554828641,1,49.0,1473
5.650914048062838,6,56.0,1258
5.652040834575859,6,44.0,1470
5.652137492735455,6,14.0,1046
5.652139560788663,1,58.0,1474
5.653095642938401,1,2.0,1475
5.653821538266105,1,46.0,1476
5.655325173155038,7,24.0,41
5.657049247668846,7,47.0,588
5.657168484455733,1,52.0,1477
5.657303859285414,6,9.0,1372
5.658205318456376,7,47.0,775
5.660047654247069,1,16.0,1478
5.660679776335949,1,5.0,1479
5.662160399332041,6,2.0,1004
5.662831157010358,1,9.0,1480
5.66350916723377,6,6.0,766
5.663683115382799,1,21.0,1481
5.664130448394954,1,4.0,1482
5.664484538920836,6,43.0,1098
5.665895656893957,6,51.0,1255
5.66651261497251,1,5.0,1483
5.666858569220193,1,7.0,1484
5.667275456326534,6,49.0,885
5.667335943805636,9,4.0,163
5.668171053452916,6,15.0,1449
5.668234695013144,8,2.0,964
5.668274956769703,6,47.0,1323
5.668363337570729,1,2.0,1485
5.668929065246516,6,15.0,1226
5.6691487021823805,1,4.0,1486
5.669554157376183,1,52.0,1487
5.669670162617029,6,2.0,625
5.669670913288547,1,53.0,1488
5.670091885194786,6,6.0,568
5.670381234925968,1,45.0,1489
5.670412893759434,8,44.0,396
5.670573864919222,1,3.0,1490
5.670800557239603,1,14.0,1491
5.671036796273119,7,2.0,701
5.671515550668769,6,55.0,421
5.671535488588148,6,32.0,1236
5.671943985416072,1,7.0,1492
5.672587445502244,1,49.0,1493
5.673356327037041,6,3.0,1207
5.67344905820157,6,2.0,1131
5.674082803965799,1,52.0,1494
5.674166418050677,1,12.0,1495
5.674239877085271,6,26.0,822
5.674329124325367,6,58.0,828
5.675029616447346,1,1.0,1496
5.676465326596864,7,3.0,752
5.676656164008113,6,1.0,1312
5.677539249189625,1,1.0,1497
5.678218023375678,1,19.0,1498
5.678943606418817,1,38.0,1499
5.67909835012645,8,45.0,1123
5.679829105821893,6,2.0,821
5.679885526542036,6,8.0,908
5.68023119540795,1,9.0,1500
5.68033347612574,6,1.0,1455
5.680772362896031,7,55.0,605
5.681519723214327,7,2.0,54
5.681537437037783,1,3.0,1501
5.682479947451364,1,4.0,1502
5.683087750016407,6,55.0,1117
5.683293779403893,6,41.0,513
5.683833171191751,1,4.0,1503
5.684331944233172,7,1.0,176
5.685225554808715,7,45.0,838
5.685682755675033,6,59.0,1368
5.685853186326613,1,2.0,1504
5.6871252366993685,1,7.0,1505
5.687300238350932,1,52.0,1506
5.687371172335938,1,49.0,1507
5.68746037758063,1,6.0,1508
5.687524710048647,8,34.0,1113
5.688221459430403,1,49.0,1509
5.688274278076663,7,56.0,354
5.688344692412993,6,3.0,1157
5.6885873666922615,6,38.0,746
5.688768258697027,6,4.0,1316
5.689393525996705,6,57.0,1232
5.690245817621438,1,2.0,1510
5.6907017074701916,1,3.0,1511
5.69103693559777,1,56.0,1512
5.691099856947672,1,16.0,1513
5.691887319704029,1,53.0,1514
5.693414222117345,1,39.0,1515
5.6936438205907365,6,14.0,297
5.69392791587272,1,5.0,1516
5.694476547039185,1,13.0,1517
5.695284403465534,7,4.0,203
5.6954571132441805,1,38.0,1518
5.69569383465622,6,10.0,893
5.697140995768132,1,4.0,1519
5.697248228670045,6,59.0,1175
5.698712494881245,1,1.0,1520
5.698866346193034,6,17.0,531
5.699753607700952,6,6.0,882
5.699867080891092,6,2.0,1294
5.700072321371311,6,19.0,891
5.70011653929215,1,2.0,1521
5.701887826951742,1,60.0,1522
5.702166582247096,1,2.0,1523
5.703182519812695,6,2.0,1504
5.703229327738227,6,21.0,1481
5.704295735524997,1,40.0,1524
5.704395399865534,6,42.0,1296
5.70465845361317,8,5.0,184
5.704686717873386,6,17.0,1427
5.7055570481412765,1,6.0,1525
5.705994724634668,1,34.0,1526
5.706345397930466,1,5.0,1527
5.706901499697239,6,1.0,1456
5.707809123177559,1,34.0,1528
5.707980909234336,6,22.0,1252
5.708093398240647,7,27.0,639
5.7081809030177615,1,29.0,1529
5.709051192003468,1,25.0,1530
5.709087851985269,6,50.0,1084
5.709223770618505,6,55.0,1254
5.709533962633366,1,47.0,1531
5.709730928553818,6,3.0,741
5.709775563169048,7,7.0,557
5.709788500276705,8,5.0,124
5.710547668627843,1,56.0,1532
5.71114039411053,6,35.0,1369
5.711287519700751,1,15.0,1533
5.711546261408558,6,12.0,825
5.711613267925696,1,37.0,1534
5.713710248264335,8,25.0,965
5.713876978935779,6,56.0,1532
5.713899656616015,1,1.0,1535
5.71394582390951,1,8.0,1536
5.714559242470333,1,13.0,1537
5.714911358130321,6,8.0,1536
5.7153270662868305,6,4.0,1197
5.7157985856875415,7,6.0,181
5.717483070586713,7,7.0,170
5.717483070586713,16,7.0,170
5.717591800280631,6,4.0,1503
5.718336151782662,7,6.0,375
5.721308351048984,1,42.0,1538
5.72162446437572,1,2.0,1539
5.722160514727886,1,1.0,1540
5.722236432827369,2,2.0,1541
5.722358397981758,6,33.0,1202
5.722426037479282,1,1.0,1542
5.723082251611096,1,4.0,1543
5.723115823164456,1,1.0,1544
5.723301675342418,1,5.0,1545
5.723842006162496,6,34.0,1434
5.7268004908813515,6,4.0,1272
5.727237880789764,2,21.0,1546
5.727539160779415,6,12.0,1333
5.727833985943947,1,2.0,1547
5.728576378394995,1,57.0,1548
5.728596308227216,6,26.0,1097
5.728612515426199,1,6.0,1549
5.729221529746374,1,49.0,1550
5.7297139571936855,1,3.0,1551
5.729754376296116,1,1.0,1552
5.72984838389463,1,19.0,1553
5.730047206948863,1,6.0,1554
5.730737176517385,6,33.0,1185
5.731453693808744,7,58.0,394
5.732495124048951,6,10.0,217
5.732549715634201,6,11.0,635
5.732898080153568,6,41.0,546
5.7343746113967065,6,2.0,765
5.735550523330218,8,33.0,490
5.7359733873261725,1,8.0,1555
5.736459110485999,6,2.0,1181
5.7370650789198665,6,5.0,1000
5.738834836781315,6,32.0,1223
5.738840529413023,1,5.0,1556
5.739037139796735,7,6.0,614
5.740015973089025,1,2.0,1557
5.741129415451639,1,46.0,1558
5.7411335207030385,1,24.0,1559
5.7428196880069375,1,42.0,1560
5.743521775067476,6,11.0,499
5.743688151095089,7,55.0,649
5.743688151095089,16,55.0,649
5.743847594157416,1,11.0,1561
5.744363425298489,1,9.0,1562
5.7451093905182375,6,17.0,284
5.745257937759008,1,4.0,1563
5.745951526745922,8,5.0,917
5.746159385462892,1,10.0,1564
5.7463140402963635,1,11.0,1565
5.747110340181965,6,2.0,583
5.747864431107186,1,35.0,1566
5.749437556513219,1,6.0,1567
5.7497770162821835,1,7.0,1568
5.750031795318039,6,7.0,669
5.750848213470492,8,14.0,430
5.751191579271093,1,3.0,1569
5.7514011478000375,1,37.0,1570
5.751459446151889,1,59.0,1571
5.751986498660553,6,3.0,1501
5.752142682592774,9,51.0,148
5.753336225041379,1,36.0,1572
5.7534652501629235,6,14.0,1419
5.753503230964867,8,52.0,81
5.753613267843964,1,13.0,1573
5.753777959998847,1,6.0,1574
5.753807677017857,1,3.0,1575
5.753946097934019,6,36.0,1469
5.754186611229946,7,11.0,309
5.755654801806281,1,7.0,1576
5.755841405347423,7,31.0,69
5.756338948810561,1,1.0,1577
5.756826669941867,6,57.0,556
5.757116421645226,1,4.0,1578
5.75772489875636,1,22.0,1579
5.758006950463527,6,10.0,976
5.758314575088072,1,4.0,1580
5.758552610837736,1,39.0,1581
5.758706708912972,6,40.0,1524
5.758843335961382,1,37.0,1582
5.759518038552795,7,2.0,351
5.761105425609724,1,51.0,1583
5.762602340111541,1,12.0,1584
5.763021894112227,7,9.0,178
5.763145485603966,1,1.0,1585
5.763208785244091,1,2.0,1586
5.763361300382038,6,6.0,833
5.764932541696121,6,2.0,1055
5.765000907835028,6,50.0,1220
5.765694189940032,1,50.0,1587
5.765767731267707,2,22.0,1588
5.766051499784508,1,23.0,1589
5.767448162866626,6,2.0,979
5.767630437109229,6,43.0,1399
5.767660562002951,6,20.0,1277
5.767954560130986,6,4.0,1486
5.769090090334284,1,2.0,1590
5.769681590489665,6,13.0,909
5.770228854303282,6,3.0,504
5.770544051932527,1,50.0,1591
5.771061183067681,1,49.0,1592
5.771236623155817,1,2.0,1593
5.77181320644348,1,3.0,1594
5.773470263971298,1,1.0,1595
5.774238759021711,1,3.0,1596
5.7750878351156745,6,10.0,1454
5.775176404359211,1,46.0,1597
5.776861620577956,1,3.0,1598
5.778089427596098,6,38.0,1499
5.778220554726269,6,48.0,1431
5.779776233357174,6,20.0,1406
5.780521756333025,6,3.0,1313
5.780787853825247,6,10.0,1349
5.781505850882145,1,1.0,1599
5.782556361149546,1,22.0,1600
5.782702543085529,7,36.0,519
5.784056168484817,6,22.0,698
5.784362566422884,6,8.0,636
5.784677143390406,1,45.0,1601
5.785823684924311,1,1.0,1602
5.786044513551813,7,3.0,484
5.786303851808466,6,5.0,1445
5.786859784727016,1,4.0,1603
5.787417443752806,7,20.0,357
5.787989358115917,1,8.0,1604
5.788480408929378,1,20.0,1605
5.788818395940774,6,39.0,1581
5.788865018460095,6,20.0,1605
5.789168043522446,7,46.0,445
5.789562927330888,1,6.0,1606
5.7901571846260085,6,23.0,1466
5.7905600408336815,6,1.0,681
5.790849833469294,1,10.0,1607
5.791847606748173,6,4.0,903
5.791874936885955,6,43.0,1009
5.792336825474727,8,57.0,324
5.792445058446386,8,4.0,1292
5.792606546044018,1,2.0,1608
5.793602902662113,1,1.0,1609
5.7936089525764585,1,60.0,1610
5.79372947009186,1,1.0,1611
5.794449289411382,6,11.0,1356
5.794715710048149,6,45.0,686
5.794838052530872,8,58.0,949
5.795025758456035,1,6.0,1612
5.795928630206983,1,10.0,1613
5.796194011553434,2,19.0,1614
5.7963599722411185,1,3.0,1615
5.796683838565243,6,5.0,1269
5.796998216362774,6,6.0,1567
5.797024819325763,1,9.0,1616
5.797495213131128,1,24.0,1617
5.79786334965579,6,3.0,884
5.798366224360218,1,42.0,1618
5.798917858297244,6,22.0,1588
5.79939121987636,1,5.0,1619
5.800089667636544,6,7.0,1430
5.800175466139248,1,8.0,1620
5.800236483700522,1,54.0,1621
5.800257061669849,1,5.0,1622
5.801502940967959,6,21.0,1293
5.801971405155359,1,21.0,1623
5.802428106015882,1,52.0,1624
5.803179686435154,1,1.0,1625
5.803530142188605,6,5.0,1483
5.805280039048753,1,1.0,1626
5.805288489504277,1,59.0,1627
5.805420529362571,6,27.0,761
5.805583472120315,1,5.0,1628
5.806793941536458,1,48.0,1629
5.80707918828635,1,10.0,1630
5.807730344931255,1,2.0,1631
5.808218903846666,6,2.0,1364
5.808660350463723,1,9.0,1632
5.808681979707676,1,5.0,1633
5.808796668126918,1,2.0,1634
5.80903027195885,1,4.0,1635
5.809194069601223,6,36.0,1017
5.809492808403561,1,2.0,1636
5.810044796717061,1,45.0,1637
5.810063332406516,7,1.0,338
5.8113068955981815,1,2.0,1638
5.811501901274743,1,1.0,1639
5.812788296540577,7,3.0,225
5.812941100334449,1,1.0,1640
5.813573855388591,6,3.0,1410
5.813712882208904,1,37.0,1641
5.814193009057449,6,29.0,1529
5.814527022673331,1,3.0,1642
5.815603722463485,1,4.0,1643
5.815701593623121,1,6.0,1644
5.816692014628384,7,9.0,464
5.816751445315899,1,4.0,1645
5.8173317420914135,1,8.0,1646
5.817411715257077,1,2.0,1647
5.817605723263701,1,3.0,1648
5.817764882330125,6,1.0,1520
5.8177658639477885,8,4.0,403
5.8177676794658035,6,50.0,1587
5.8186390626735,6,56.0,4
5.81882009254513,1,12.0,1649
5.81886411400707,6,51.0,895
5.81894048285769,6,4.0,1031
5.819157554070528,7,3.0,385
5.81921938410004,1,39.0,1650
5.8196217391962906,1,7.0,1651
5.819804513632187,1,5.0,1652
5.820030073433991,1,50.0,1653
5.820191227663899,1,22.0,1654
5.820936058689438,6,9.0,1480
5.8213061595656965,6,1.0,1206
5.821337757952031,1,9.0,1655
5.821381151218822,8,2.0,1004
5.821693505574842,6,1.0,1426
5.8219046031464075,1,11.0,1656
5.822115319974505,6,9.0,1393
5.822389158912313,1,2.0,1657
5.822969369449789,1,2.0,1658
5.82297144801364,1,36.0,1659
5.824554829983665,6,6.0,1612
5.824673600641475,1,59.0,1660
5.824871711777146,1,1.0,1661
5.826528368507727,1,18.0,1662
5.826659585182158,1,1.0,1663
5.826919534529758,6,1.0,1032
5.827242301238789,6,2.0,1286
5.827728224121979,1,40.0,1664
5.829158334732438,1,59.0,1665
5.829217784523664,1,51.0,1666
5.829798052267129,1,7.0,1667
5.830077563263178,7,8.0,995
5.830230600910491,8,47.0,932
5.831571919007013,6,24.0,1299
5.831612537255143,7,54.0,55
5.832108780186593,6,14.0,1199
5.832496714790977,1,60.0,1668
5.834441497258077,1,46.0,1669
5.83504260455247,6,1.0,1210
5.835072141689983,6,3.0,1282
5.835708506162475,6,11.0,1262
5.8358545176697545,1,50.0,1670
5.836533466148633,1,46.0,1671
5.836770020950003,7,2.0,623
5.8376362170442295,1,3.0,1672
5.8376936385671865,6,6.0,1271
5.8382580462138245,1,40.0,1673
5.838396838895867,6,44.0,1075
5.8390376515951505,1,4.0,1674
5.839618475347323,6,8.0,787
5.841958051960074,1,23.0,1675
5.842078338298153,6,3.0,1073
5.842253207146166,6,7.0,1484
5.842353494368393,1,51.0,1676
5.843509686944454,7,17.0,177
5.843709347966802,1,13.0,1677
5.844374831948083,1,8.0,1678
5.844661858843104,1,2.0,1679
5.845166033836043,1,34.0,1680
5.845316671610511,7,2.0,637
5.8456934273101355,7,53.0,434
5.846553615132263,1,11.0,1681
5.84668285217053,1,2.0,1682
5.848477426674904,1,2.0,1683
5.848683334812131,6,6.0,1276
5.848908960098723,1,4.0,1684
5.84902610601039,6,50.0,1035
5.849293934783458,6,2.0,1337
5.849338577917081,6,10.0,300
5.849918006849861,6,2.0,1462
5.850524618217546,6,2.0,1679
5.850868412456428,1,2.0,1685
5.853525534725321,1,1.0,1686
5.854029694106443,6,38.0,1424
5.854043366593263,6,14.0,1394
5.854927253157508,6,9.0,1054
5.8555541382609695,1,31.0,1687
5.855788164741043,1,6.0,1688
5.856034127667014,1,3.0,1689
5.856066479337953,6,4.0,1543
5.856440830065462,1,52.0,1690
5.856757116063811,6,1.0,1189
5.856786527791294,1,7.0,1691
5.856865753844958,9,2.0,395
5.8569930891326125,6,60.0,1327
5.857441568596464,1,3.0,1692
5.857479455706854,1,3.0,1693
5.857550936623962,1,15.0,1694
5.8580361649757755,6,52.0,783
5.858338003641529,1,26.0,1695
5.858609407012274,1,3.0,1696
5.858824059468969,7,4.0,373
5.858956699812181,1,1.0,1697
5.859056963529374,8,5.0,943
5.85923364975801,1,4.0,1698
5.860415274946932,1,5.0,1699
5.860775263328301,1,3.0,1700
5.861514490918782,7,1.0,384
5.862147945460961,1,51.0,1701
5.862222580279249,1,51.0,1702
5.863140892650245,6,3.0,1146
5.863867639730091,6,37.0,1534
5.863921126107028,9,5.0,169
5.864098705986336,1,2.0,1703
5.864730341273629,6,9.0,981
5.865596010186011,6,10.0,788
5.865961036208668,1,51.0,1704
5.866095486373367,7,42.0,204
5.866534377525906,1,9.0,1705
5.867213201155757,1,2.0,1706
5.8673059324054755,6,33.0,482
5.867336542507773,7,5.0,570
5.867558325032549,1,2.0,1707
5.867886042723348,6,11.0,1064
5.868070308823925,6,17.0,1400
5.868145919806644,1,30.0,1708
5.8689836101393995,1,44.0,1709
5.870749745670074,1,9.0,1710
5.8707583078482655,1,1.0,1711
5.873449427329513,6,57.0,304
5.873509808984108,1,7.0,1712
5.87357824344877,1,38.0,1713
5.87447076155613,1,3.0,1714
5.8753360394379035,1,25.0,1715
5.875976423037426,6,6.0,1644
5.878260492105661,6,1.0,1088
5.878760613904434,6,7.0,1363
5.878823326474654,1,17.0,1716
5.878933681468894,6,38.0,1713
5.878934343362845,6,22.0,1600
5.8792786820911696,1,1.0,1717
5.880693259599073,6,3.0,1490
5.8810215335027305,12,5.0,957
5.881364570350858,1,6.0,1718
5.88213302938037,6,6.0,1688
5.882287019678502,9,1.0,933
5.883013857804118,7,39.0,905
5.88340420210507,1,54.0,1719
5.884146672584257,1,33.0,1720
5.884354289474111,1,1.0,1721
5.884736477089834,1,9.0,1722
5.885262004558234,6,3.0,644
5.886651054094624,1,1.0,1723
5.888142122365323,8,6.0,960
5.888756571443807,1,32.0,1724
5.888935643090305,6,5.0,1622
5.8891585708348595,1,58.0,1725
5.889376923788735,8,7.0,1284
5.88967835289149,2,8.0,1726
5.889790807501707,1,1.0,1727
5.889808341715814,1,11.0,1728
5.889992634155542,6,5.0,1545
5.890349741194013,6,56.0,1459
5.890466526190121,1,1.0,1729
5.890930843851269,6,2.0,850
5.8914771056898925,1,49.0,1730
5.891678992073358,8,60.0,608
5.892080554093615,1,60.0,1731
5.892612119579858,1,11.0,1732
5.892773412192939,1,55.0,1733
5.89298562387097,6,1.0,1388
5.893171296850528,1,3.0,1734
5.894298652984082,1,1.0,1735
5.894390529069482,6,2.0,1631
5.895067506754733,6,34.0,1439
5.895196898021677,6,1.0,1278
5.895401034187763,6,17.0,670
5.896219021510502,1,5.0,1736
5.896336180819191,1,6.0,1737
5.896776278997087,1,37.0,1738
5.896826048241405,1,40.0,1739
5.897004650132493,1,42.0,1740
5.897152087666364,6,33.0,1089
5.897504876350321,1,5.0,1741
5.898264939851985,6,1.0,1384
5.89843933420764,8,8.0,636
5.898793483649686,1,5.0,1742
5.899166146721416,8,2.0,460
5.899898263085837,6,1.0,1599
5.900448224776105,6,4.0,1239
5.900582180497275,6,7.0,1433
5.900711638429926,1,2.0,1743
5.901067877825099,1,15.0,1744
5.901270310739985,8,4.0,653
5.901648799133141,6,4.0,1244
5.902612642930863,6,31.0,998
5.902686768743373,8,4.0,898
5.903010461508044,9,17.0,143
5.903021842686767,1,11.0,1745
5.903113096469817,1,26.0,1746
5.9052696581848485,1,9.0,1747
5.905375370404832,6,2.0,1743
5.906351971175913,1,8.0,1748
5.906489915550343,6,3.0,1355
5.9081989772207315,1,25.0,1749
5.909402003992901,1,47.0,1750
5.909642825800901,1,2.0,1751
5.909923976442905,1,55.0,1752
5.9108929375629415,1,19.0,1753
5.911633405458527,1,48.0,1754
5.9118804539186005,1,2.0,1755
5.912995862480711,9,1.0,152
5.913016111341395,1,4.0,1756
5.913484738492066,6,53.0,862
5.913666944955134,1,5.0,1757
5.914239463848551,6,2.0,1281
5.9143513926067355,9,2.0,82
5.914619701646029,6,48.0,1629
5.914982543557875,1,2.0,1758
5.915045908109018,1,36.0,1759
5.915182657220045,1,2.0,1760
5.915226149071669,6,2.0,1028
5.9154466917592305,7,41.0,302
5.915855968292863,6,47.0,1379
5.916187909889535,1,2.0,1761
5.9162068690329255,7,2.0,120
5.916224150981319,1,26.0,1762
5.916607746573407,1,7.0,1763
5.916695276621667,1,46.0,1764
5.9167575069592,6,2.0,1467
5.919172782778792,6,3.0,1314
5.919417501514661,1,24.0,1765
5.920011018557024,1,1.0,1766
5.92029182052503,6,2.0,1758
5.9204466398925994,1,1.0,1767
5.920527504881894,6,2.0,559
5.921159939670254,1,11.0,1768
5.921638912637595,1,52.0,1769
5.921649378036079,6,11.0,660
5.92191626299331,8,5.0,252
5.922858746624864,1,7.0,1770
5.922955869488402,1,8.0,1771
5.923258374228936,6,2.0,1377
5.923689431981802,6,21.0,1546
5.923801054877373,1,2.0,1772
5.924703962065352,1,3.0,1773
5.925021715157042,6,1.0,1074
5.92512924076509,1,2.0,1774
5.925200884825876,1,1.0,1775
5.925607667290244,8,5.0,1269
5.926250455586511,1,10.0,1776
5.9263310158668485,1,19.0,1777
5.926924493652713,6,2.0,1172
5.927001564616355,1,47.0,1778
5.929305408269884,1,3.0,1779
5.930134686899924,6,1.0,1535
5.93051240830231,1,1.0,1780
5.930606136315576,7,11.0,332
5.9306568827195045,6,18.0,1228
5.930815379656511,1,57.0,1781
5.93093211592606,1,4.0,1782
5.931231591172353,6,7.0,1691
5.931400583875715,6,3.0,1689
5.9325735871608964,1,4.0,1783
5.932836441614273,1,4.0,1784
5.932990770118664,1,45.0,1785
5.933158610163699,7,1.0,237
5.933425961633976,6,7.0,1317
5.933973897061894,6,5.0,770
5.934102772091039,1,11.0,1786
5.934189225136327,6,8.0,978
5.934880881236429,6,44.0,894
5.935917366269836,1,3.0,1787
5.936061105768193,6,1.0,1136
5.936073630961532,1,60.0,1788
5.936401146781919,1,10.0,1789
5.937348645664718,1,34.0,1790
5.937363628190183,6,9.0,1710
5.937527113999627,9,2.0,42
5.937589374797878,8,48.0,812
5.938041427162343,1,1.0,1791
5.939316639387496,1,1.0,1792
5.940156106628666,1,2.0,1793
5.940211925645116,6,31.0,1142
5.940247041517578,1,45.0,1794
5.940385623042825,6,1.0,1140
5.942556244268913,6,1.0,1775
5.943291114833373,6,8.0,1005
5.943440029127624,6,53.0,547
5.943523952733617,1,48.0,1795
5.943609382145444,6,3.0,1121
5.94370318996765,7,9.0,327
5.944227510618864,1,40.0,1796
5.944611576296422,6,57.0,1781
5.944647864509225,7,3.0,189
5.945680193414712,1,2.0,1797
5.946389397039556,1,1.0,1798
5.946716161752346,1,52.0,1799
5.947653872962294,6,1.0,1164
5.947833834559948,7,7.0,684
5.948246579203232,1,2.0,1800
5.94872980893936,6,2.0,1050
5.948826475417242,6,1.0,863
5.949628148007318,6,2.0,1658
5.949745117428027,6,6.0,1508
5.95114255701636,1,2.0,1801
5.951246095969458,6,24.0,1559
5.952225436895082,6,33.0,1237
5.9525403271248605,6,10.0,1344
5.952699907820429,6,1.0,1542
5.953166352998212,6,11.0,1728
5.953870845166631,6,51.0,1451
5.954794185213476,7,24.0,273
5.954955350728359,6,4.0,1155
5.95497476266679,1,1.0,1802
5.955313847492211,1,59.0,1803
5.9557335273614305,9,49.0,417
5.956021787004293,1,5.0,1804
5.956543111674222,6,2.0,1801
5.957027898893452,7,1.0,105
5.957125510173799,8,12.0,811
5.9572575258956295,6,57.0,1548
5.9580275185419165,1,1.0,1805
5.958713041456919,6,40.0,1465
5.95883213177987,1,21.0,1806
5.959299293757245,1,22.0,1807
5.9595781092007645,1,3.0,1808
5.959597483972873,6,46.0,1764
5.959851495387024,1,56.0,1809
5.9600929987375535,1,1.0,1810
5.9601815959928075,1,2.0,1811
5.960650681889585,1,1.0,1812
5.96072171760179,6,18.0,1245
5.961155286467799,1,4.0,1813
5.9615191791859825,6,5.0,778
5.96178999306405,1,55.0,1814
5.962030089665486,6,12.0,1058
5.962736335796051,1,2.0,1815
5.9645088487762745,6,45.0,1489
5.964640780402195,1,1.0,1816
5.965269841770868,6,3.0,561
5.965733088585571,6,35.0,117
5.965983596525968,1,2.0,1817
5.968775666421357,6,40.0,1103
5.969198231714433,7,2.0,436
5.9704198160932505,1,9.0,1818
5.9718490742717325,8,13.0,951
5.972036092018773,1,3.0,1819
5.972114175794138,6,34.0,1528
5.972342722290344,6,1.0,1595
5.972356654699162,6,2.0,1198
5.973575542975413,1,54.0,1820
5.973626929712762,1,2.0,1821
5.974335062112878,1,1.0,1822
5.975202828084201,1,7.0,1823
5.9758190845710235,6,10.0,1564
5.976337426942039,1,11.0,1824
5.976435809240873,6,42.0,1618
5.976716653639934,6,1.0,912
5.976882243029349,6,52.0,1487
5.9791309678261,8,52.0,937
5.980203439283245,6,45.0,1193
5.981049686094301,1,49.0,1825
5.981670030015449,1,33.0,1826
5.9817992979818095,1,51.0,1827
5.982028445264359,7,34.0,1090
5.982263260804907,2,8.0,1828
5.982330576446124,1,7.0,1829
5.983732026468298,1,5.0,1830
5.985740519570698,1,26.0,1831
5.986735415378797,6,15.0,1297
5.986786088494728,6,25.0,1715
5.987131098113573,6,9.0,1616
5.987335031011617,1,14.0,1832
5.9875452956546695,9,52.0,81
5.98755686833612,7,5.0,364
5.987760292851083,1,33.0,1833
5.987898335041086,1,2.0,1834
5.988973981146022,1,1.0,1835
5.988982875429817,1,59.0,1836
5.989381698682703,1,3.0,1837
5.989435461074123,6,2.0,1557
5.989520146641366,6,4.0,374
5.989797135060402,1,5.0,1838
5.990047346918367,6,16.0,1298
5.990117653649658,1,1.0,1839
5.990666129847508,7,3.0,1147
5.990866073232194,1,41.0,1840
5.991306961643759,6,2.0,1685
5.99135361618689,1,5.0,1841
5.992960865216415,1,51.0,1842
5.99323721906625,1,31.0,1843
5.993263533800854,1,27.0,1844
5.993318328507584,6,10.0,773
5.993374791639386,6,2.0,1128
5.993447830205338,6,34.0,1680
5.99357934082956,1,39.0,1845
5.993909289288988,1,39.0,1846
5.993914816123903,7,6.0,666
5.99404694021613,1,18.0,1847
5.994683555383482,6,3.0,1170
5.994794053206258,6,49.0,127
5.9955953635446395,7,27.0,454
5.996270486590938,6,3.0,1163
5.996490103547036,1,57.0,1848
5.99659080046915,6,4.0,1783
5.998249955760115,1,1.0,1849
5.9982724638750575,6,4.0,478
5.99846488441754,1,2.0,1850
5.998581196531013,1,36.0,1851
5.9989722585766945,1,6.0,1852
5.999630838984305,1,8.0,1853
6.001696274322428,6,24.0,798
6.002223625128358,7,1.0,521
6.00225401687785,1,19.0,1854
6.002281464157368,1,1.0,1855
6.0024858456680255,18,,0
6.002706523725092,6,33.0,1435
6.002845744418168,101,5.0,1856
6.003181729933046,18,,0
6.003385734768767,101,2.0,1857
6.004198067563634,1,6.0,1858
6.004325302434639,1,30.0,1859
6.005883320281822,6,1.0,1116
6.006365290605795,1,12.0,1860
6.007375887686041,6,3.0,1787
6.007433778631553,6,60.0,1731
6.007736553633531,1,15.0,1861
6.007765542857913,9,17.0,619
6.007965921046577,8,1.0,1179
6.0098178090185295,1,6.0,1862
6.009915519848054,1,2.0,1863
6.010071861507592,1,1.0,1864
6.0104710514069595,1,2.0,1865
6.010622491018398,8,45.0,686
6.0107842722193805,6,1.0,1585
6.010963375032986,6,2.0,1774
6.011198884369287,6,5.0,1736
6.0112501063814845,1,2.0,1866
6.011808582783067,18,,0
6.011880009831355,101,5.0,1867
6.012501191183773,1,57.0,1868
6.01274094507189,6,41.0,1217
6.013087140921381,6,26.0,1746
6.013654550052447,1,6.0,1869
6.014036391000618,18,,0
6.014114260020629,101,6.0,1870
6.0146059798235365,6,1.0,1552
6.014714984848137,9,8.0,303
6.015521224322392,6,7.0,1188
6.0155798550887205,6,23.0,886
6.016667711372488,1,8.0,1871
6.016878829055848,6,6.0,1574
6.016898124309025,8,1.0,966
6.0169928221813676,8,12.0,1058
6.017012854676092,1,9.0,1872
6.017252968962075,6,37.0,1641
6.017708040847928,7,19.0,397
6.0180865354643815,18,,0
6.018148321954175,101,47.0,1873
6.01904313625991,6,12.0,1860
6.019265807257261,6,7.0,1159
6.019423607707926,18,,0
6.019588747043685,101,4.0,1874
6.019643342387854,6,46.0,1476
6.02040126137527,8,22.0,1588
6.020672498516723,1,49.0,1875
6.021318429391619,1,7.0,1876
6.021527592858045,6,60.0,1362
6.021785650842695,6,37.0,795
6.02217952557472,6,59.0,1803
6.022244215847725,6,9.0,1747
6.02233653088143,18,,0
6.022393042983895,101,1.0,1877
6.0226645993266645,6,3.0,1463
6.022689198884978,1,13.0,1878
6.022715506050448,18,,0
6.0227428552797795,101,13.0,1879
6.023287551137634,1,1.0,1880
6.023598997825089,6,37.0,841
6.023676261101731,1,5.0,1881
6.024304180209041,9,11.0,496
6.024801895292176,1,9.0,1882
6.024817120396321,7,48.0,851
6.024989623622245,6,6.0,1869
6.02542494688175,1,48.0,1883
6.025804189487166,9,49.0,678
6.026637423956613,6,17.0,262
6.026862899756792,18,,0
6.026881960123485,101,12.0,1884
6.0270719708904625,6,35.0,973
6.027170358591104,8,17.0,262
6.027821769076035,1,27.0,1885
6.027886086374106,1,4.0,1886
6.028001883071367,1,51.0,1887
6.0280338989110565,1,8.0,1888
6.028954160685803,6,2.0,1751
6.029083242410892,6,8.0,1014
6.02920028518706,7,14.0,103
6.02941744039396,1,6.0,1889
6.029431201595915,18,,0
6.029443073568474,6,46.0,1671
6.029458164731623,101,37.0,1890
6.029546965637918,1,13.0,1891
6.030058626330913,1,5.0,1892
6.0307640759925905,1,6.0,1893
6.0307847959317264,1,13.0,1894
6.0312325427990965,6,20.0,1222
6.031971590997867,8,5.0,676
6.032768122665428,6,10.0,1607
6.0329078443945665,18,,0
6.0329482093709474,101,5.0,1895
6.0332029764517285,6,15.0,1533
6.0335852945085815,6,12.0,1027
6.0337406752947045,1,9.0,1896
6.033774414444761,1,10.0,1897
6.033948346575156,6,39.0,1442
6.034542746073971,7,56.0,164
6.034799340751886,1,57.0,1898
6.036229931629831,1,48.0,1899
6.0363965417239,18,,0
6.036419176733668,101,50.0,1900
6.036595254013301,6,1.0,1855
6.037213351216242,18,,0
6.037454593223471,101,7.0,1901
6.037513863729912,1,3.0,1902
6.037962621511038,1,3.0,1903
6.038023569556527,6,11.0,1656
6.038094440267378,1,38.0,1904
6.039405059814747,6,8.0,1771
6.039465597349286,1,17.0,1905
6.039887134617459,1,3.0,1906
6.04050292290989,18,,0
6.040507431373366,101,1.0,1907
6.040597692584125,6,1.0,1496
6.040721748927114,1,2.0,1908
6.041701811347269,1,2.0,1909
6.04178008939917,1,2.0,1910
6.042073118150249,1,5.0,1911
6.042413717495861,1,5.0,1912
6.042655367187389,1,56.0,1913
6.04306366191119,1,2.0,1914
6.043345311160898,1,3.0,1915
6.043683848472391,2,5.0,1916
6.04382084836743,1,4.0,1917
6.043829549251032,18,,0
6.044055600413855,101,24.0,1918
6.044375660268689,1,3.0,1919
6.045012821397927,18,,0
6.045071604288034,101,6.0,1920
6.045563435886255,7,6.0,764
6.045605068397701,1,4.0,1921
6.045760166695077,7,10.0,1068
6.0466454373270855,1,1.0,1922
6.046800090348376,18,,0
6.046970429498873,101,32.0,1923
6.047304301226703,1,6.0,1924
6.047326438189344,6,52.0,1769
6.047328848154008,1,7.0,1925
6.048192336522533,1,2.0,1926
6.0490343436676195,1,2.0,1927
6.049085401511873,18,,0
6.049122191339653,101,38.0,1928
6.049180337578644,1,2.0,1929
6.049231919965049,1,53.0,1930
6.0492848141005355,8,1.0,948
6.049290906419079,6,25.0,1441
6.049518323021102,9,1.0,806
6.049776615422737,6,6.0,1460
6.049823229877899,6,2.0,1760
6.050430062554019,6,6.0,1421
6.050719168263168,6,45.0,721
6.052767382015968,6,8.0,1373
6.053989076811045,6,2.0,1273
6.055183124151679,1,6.0,1931
6.055223235637156,1,2.0,1932
6.055925595394949,7,50.0,665
6.056743644321324,6,50.0,1653
6.056792230651535,1,1.0,1933
6.057915420844383,1,3.0,1934
6.058389875035824,1,1.0,1935
6.058891257622716,1,1.0,1936
6.059709853323307,1,4.0,1937
6.060301141495921,9,7.0,435
6.061718773732289,7,49.0,728
6.062859570480714,1,10.0,1938
6.0628732248371335,1,9.0,1939
6.063008764698606,1,5.0,1940
6.063826621689181,6,5.0,1892
6.064519215982633,6,3.0,843
6.065222702688693,1,41.0,1941
6.066055452087845,1,57.0,1942
6.066319846235342,6,1.0,1697
6.066630128194998,8,5.0,1867
6.067355513613312,1,3.0,1943
6.067878489022957,1,10.0,1944
6.068188210159923,6,1.0,1497
6.068617055094749,1,52.0,1945
6.068895221349519,8,1.0,1595
6.06893579667439,7,6.0,125
6.069032213792087,6,12.0,238
6.069075457950649,1,14.0,1946
6.069604455307704,1,31.0,1947
6.069636154122325,1,8.0,1948
6.0699090105577564,1,41.0,1949
6.069940204391143,8,37.0,795
6.070076423445628,1,24.0,1950
6.070561644546245,6,14.0,1832
6.070571622438359,1,8.0,1951
6.071838163466667,1,5.0,1952
6.071957632422539,6,1.0,1816
6.07230174280355,1,9.0,1953
6.072477886431359,1,60.0,1954
6.073328009243906,1,1.0,1955
6.0737498838115656,6,33.0,924
6.073807183148158,1,34.0,1956
6.073807638179812,1,34.0,1957
6.074042156665124,1,38.0,1958
6.074843296792969,6,29.0,1033
6.074965911819832,1,40.0,1959
6.075305452475183,1,1.0,1960
6.077382304073699,1,54.0,1961
6.077581152534811,1,42.0,1962
6.077689805766508,1,41.0,1963
6.078047074631195,1,5.0,1964
6.078632834090295,6,43.0,999
6.078675885704367,7,58.0,294
6.079428485254263,6,41.0,1370
6.0794517495479745,7,23.0,555
6.079629856464335,6,1.0,706
6.079923505109907,1,3.0,1965
6.080135800682763,1,5.0,1966
6.080867154688763,6,5.0,879
6.081206986676298,1,11.0,1967
6.081678549572677,6,1.0,732
6.081732307159522,1,5.0,1968
6.081790227019317,1,17.0,1969
6.0827928480177444,7,2.0,688
6.082809231541789,7,2.0,476
6.083686542529977,6,5.0,756
6.0839227311579265,1,47.0,1970
6.083999805260694,7,4.0,731
6.084115682869559,1,7.0,1971
6.084531804640671,1,2.0,1972
6.087642626138929,6,4.0,1578
6.088017232715322,1,8.0,1973
6.088646726911587,6,5.0,1841
6.0887694745391485,7,46.0,755
6.0892061374831545,1,4.0,1974
6.089563005959699,1,4.0,1975
6.089872879890347,1,5.0,1976
6.089928132075141,1,44.0,1977
6.090375687690484,6,2.0,1755
6.090426296593197,1,1.0,1978
6.090586256395383,6,13.0,1878
6.091845556530203,1,3.0,1979
6.092349411957415,1,3.0,1980
6.092363076420866,6,19.0,1498
6.09305647038176,9,3.0,563
6.0935856545471685,1,1.0,1981
6.093792298816857,1,3.0,1982
6.094820037748154,7,2.0,194
6.09503792124092,1,28.0,1983
6.095178725677392,7,60.0,598
6.095529574347703,6,6.0,1067
6.096227690893377,6,19.0,1854
6.097363810366774,6,31.0,1843
6.09751805897576,7,43.0,1062
6.097528239661779,1,1.0,1984
6.097580399725378,1,13.0,1985
6.097979680697753,1,4.0,1986
6.098112268208972,1,37.0,1987
6.0994944342984345,1,55.0,1988
6.099535735411657,1,2.0,1989
6.0995900220724755,1,7.0,1990
6.101407197439542,6,44.0,1085
6.1017917945638995,6,48.0,1754
6.103059041435214,9,1.0,383
6.1037347297626265,6,38.0,1080
6.104009959925018,1,1.0,1991
6.1041032063311755,1,14.0,1992
6.1044059102568395,1,1.0,1993
6.105129699040009,1,4.0,1994
6.10518314961592,1,1.0,1995
6.105360360732406,1,2.0,1996
6.105501192198399,6,9.0,1138
6.105690877041987,6,36.0,1659
6.10577500919577,8,3.0,1490
6.105786790804695,6,1.0,1450
6.106094293306623,6,1.0,859
6.107393178236055,6,3.0,969
6.10754008470009,6,34.0,1526
6.107607979137019,1,3.0,1997
6.107621493994518,1,34.0,1998
6.108156477155974,1,5.0,1999
6.1082819980872305,1,32.0,2000
6.108314688231728,6,39.0,1650
6.1097580185044205,1,2.0,2001
6.110171664319071,6,11.0,1768
6.110227551176603,1,2.0,2002
6.111034542412066,6,37.0,1570
6.111072098777992,6,1.0,1625
6.111676830064926,6,3.0,1263
6.113487772172925,7,2.0,566
6.113606879572755,6,2.0,1425
6.113980847006023,1,7.0,2003
6.114075768271591,1,1.0,2004
6.114778134098453,6,13.0,1573
6.11498585286954,6,2.0,1850
6.115527325053279,1,44.0,2005
6.116802093142461,7,30.0,913
6.1169182265570345,1,1.0,2006
6.117454633958827,1,1.0,2007
6.118384567638981,1,2.0,2008
6.1186183129136165,1,7.0,2009
6.119064499760517,1,4.0,2010
6.11991452959513,6,2.0,1378
6.120278353091956,6,11.0,1101
6.120486784053087,9,3.0,497
6.120827410035955,1,1.0,2011
6.121241650277127,6,4.0,1070
6.1220723073098275,1,6.0,2012
6.122186420830851,1,6.0,2013
6.122253602740837,6,42.0,1166
6.122697010274283,1,3.0,2014
6.123877767224835,6,2.0,1156
6.1239259412544085,7,1.0,368
6.124290761641638,6,59.0,1295
6.1244530509900335,8,18.0,1087
6.124546607536851,7,23.0,672
6.124711135015734,1,3.0,2015
6.124852440504541,1,40.0,2016
6.125484328920226,1,2.0,2017
6.1256619698324455,6,3.0,1982
6.126053255578377,6,22.0,768
6.126478120209874,1,7.0,2018
6.126479085767182,1,36.0,2019
6.127014137226224,1,55.0,2020
6.127477279764273,1,2.0,2021
6.127543056296084,6,1.0,1072
6.127741607627153,1,10.0,2022
6.127900920841445,2,17.0,2023
6.128095609008355,6,60.0,1668
6.128137032057627,1,43.0,2024
6.128619609303671,1,9.0,2025
6.128985617275243,1,6.0,2026
6.129886677413309,1,6.0,2027
6.130341119890092,6,9.0,2025
6.130799006545613,1,47.0,2028
6.13100542940203,7,27.0,15
6.131255535458137,8,59.0,1175
6.13158551721579,1,8.0,2029
6.13216045650565,6,59.0,1665
6.133343785318637,1,16.0,2030
6.133807387000379,1,5.0,2031
6.134046044181077,6,1.0,1822
6.134280813586472,1,2.0,2032
6.134884454398965,6,6.0,1322
6.1348863395869415,1,59.0,2033
6.134919754796516,1,5.0,2034
6.135650104329059,1,54.0,2035
6.1368144640108575,1,2.0,2036
6.1374013083111665,1,22.0,2037
6.137980951850679,1,2.0,2038
6.139415044344981,6,1.0,1723
6.140734782101719,7,4.0,462
6.140958503487591,1,33.0,2039
6.141162594440659,6,8.0,1726
6.14250505427949,1,45.0,2040
6.142567497973467,1,1.0,2041
6.1429007002519525,7,3.0,1130
6.143353747510839,1,12.0,2042
6.143800225875982,1,30.0,2043
6.144401868475595,6,10.0,1630
6.144610719098911,8,18.0,1245
6.145140656466181,6,13.0,1537
6.1456854325633685,1,19.0,2044
6.145843812944066,1,14.0,2045
6.145903503579898,6,49.0,1334
6.146185015454102,6,47.0,1531
6.1462258202512725,1,2.0,2046
6.146722535908849,6,3.0,1324
6.146761207478912,1,5.0,2047
6.147583992184887,1,2.0,2048
6.148038557710521,6,1.0,1792
6.148373741630158,1,7.0,2049
6.148433066540714,1,1.0,2050
6.148900013479643,1,1.0,2051
6.148966506832058,6,53.0,1930
6.149384682478949,8,5.0,91
6.149402568677361,1,45.0,2052
6.149648385916187,1,7.0,2053
6.150219215996833,6,57.0,361
6.150403830043284,1,2.0,2054
6.150453037342908,1,44.0,2055
6.150582608859873,6,1.0,1922
6.150649479105665,8,13.0,1879
6.15115945824348,6,55.0,1752
6.15150592088985,6,5.0,1243
6.151667526462827,6,2.0,1593
6.1517865276020585,1,5.0,2056
6.152144852140462,1,22.0,2057
6.15305154698636,6,22.0,2057
6.153515915342997,1,13.0,2058
6.154475630171834,1,2.0,2059
6.154821487988603,6,2.0,1539
6.155210867375493,1,2.0,2060
6.155551940701349,1,45.0,2061
6.155744539782777,1,2.0,2062
6.1560983752753975,6,4.0,745
6.156282911636826,1,5.0,2063
6.156666695269912,9,5.0,91
6.157797070733744,1,10.0,2064
6.157823657585031,6,21.0,1623
6.157895883571865,6,26.0,1326
6.158550699312917,7,5.0,560
6.158850533198955,1,16.0,2065
6.159449424685177,6,6.0,1554
6.160342372612899,9,45.0,1123
6.16040485332508,7,41.0,616
6.160631654826871,6,49.0,1592
6.161366841198691,6,33.0,1420
6.162553794436794,1,7.0,2066
6.162681091376802,6,2.0,1429
6.162745481667106,6,32.0,1724
6.163013448754961,6,1.0,1960
6.1631439070338025,1,52.0,2067
6.164414770224145,6,6.0,1718
6.164906375557634,7,5.0,640
6.164946807083653,6,5.0,1912
6.16533217272034,2,7.0,2068
6.166073781892777,1,5.0,2069
6.167785282201944,7,56.0,281
6.167831332777635,1,56.0,2070
6.168132491924427,1,4.0,2071
6.169140991492149,1,38.0,2072
6.169404245149185,6,2.0,1683
6.169434045916912,1,6.0,2073
6.169879773449495,1,1.0,2074
6.1704103169001225,1,1.0,2075
6.17089668863818,6,16.0,1478
6.171003520140048,1,5.0,2076
6.1713107392961675,1,5.0,2077
6.172157367725471,6,2.0,1636
6.172755017086343,6,50.0,1412
6.17305383532814,1,3.0,2078
6.173185911758906,1,3.0,2079
6.173190348753703,7,2.0,370
6.173243668369736,6,6.0,2026
6.17327963844523,1,1.0,2080
6.174048926659293,1,13.0,2081
6.1742480464719725,8,6.0,1067
6.174770910317496,8,1.0,961
6.175659464771056,7,5.0,553
6.176168829922452,1,38.0,2082
6.176414928623113,1,2.0,2083
6.1774407096834185,6,50.0,416
6.177510442929204,8,6.0,402
6.178879497739926,6,1.0,1464
6.179924272717427,6,33.0,881
6.180273981273213,1,57.0,2084
6.180499733317539,6,14.0,959
6.180650993638721,1,3.0,2085
6.180838702687886,6,5.0,1011
6.18108547404883,16,57.0,16
6.181903882389936,1,49.0,2086
6.182019418273392,1,3.0,2087
6.182236572995098,1,15.0,2088
6.182816343375837,1,6.0,2089
6.182950036002447,6,1.0,1640
6.184165134832227,1,8.0,2090
6.18441013565242,1,5.0,2091
6.184489838375729,6,40.0,1453
6.185128990813972,6,4.0,1428
6.187738919470475,1,2.0,2092
6.188430485321576,1,7.0,2093
6.189389632593423,1,9.0,2094
6.18988507563326,1,4.0,2095
6.189898359581784,6,46.0,508
6.189914466684654,1,5.0,2096
6.190174057196884,6,36.0,1389
6.190176850969947,1,54.0,2097
6.190617110298816,1,5.0,2098
6.190895025848926,6,24.0,1765
6.1910039997365205,7,27.0,325
6.191823406915998,1,18.0,2099
6.192828707423461,1,4.0,2100
6.192978354686269,6,13.0,1891
6.19347189883881,6,8.0,1853
6.193543667210898,6,24.0,1617
6.1935490035054235,6,2.0,954
6.194454408894796,1,44.0,2101
6.19483495649469,1,19.0,2102
6.196014347757049,1,52.0,2103
6.1961494709290115,6,6.0,1606
6.196200891372275,7,39.0,269
6.196326011487726,6,36.0,1256
6.196522357551351,6,49.0,1550
6.19697864236541,7,2.0,280
6.19861805140972,1,10.0,2104
6.198734458904351,1,6.0,2105
6.20002136417236,6,7.0,1505
6.200800697849914,1,56.0,2106
6.201166328850211,1,9.0,2107
6.201269924220546,7,7.0,355
6.201363132736518,1,34.0,2108
6.202200019553729,6,54.0,1402
6.20243835664632,6,34.0,1212
6.203332095590154,1,3.0,2109
6.203452473870769,1,4.0,2110
6.20373255016762,1,8.0,2111
6.204143045903301,7,3.0,736
6.20419392110342,1,8.0,2112
6.2047667692534345,1,1.0,2113
6.2049617980205305,6,53.0,1108
6.205712612614989,6,6.0,839
6.206462908272524,1,23.0,2114
6.206529101926483,1,4.0,2115
6.206607348537462,6,4.0,1886
6.206734472866408,6,1.0,551
6.206846188203276,1,1.0,2116
6.207184307969525,1,7.0,2117
6.207560804617365,6,3.0,1575
6.20781307167673,8,6.0,1870
6.2085623419568226,1,2.0,2118
6.210531961365249,6,10.0,1613
6.2108515785408205,1,2.0,2119
6.211021451227932,9,1.0,966
6.211283827128584,6,5.0,1699
6.2114080584188,1,3.0,2120
6.211542173935084,1,7.0,2121
6.212346009703772,6,53.0,1408
6.21271155665987,6,5.0,1358
6.214052726992222,7,59.0,250
6.214108264334629,6,29.0,535
6.214590420444598,7,8.0,539
6.215049776508075,7,11.0,367
6.21523242561435,7,48.0,919
6.215257985860578,1,7.0,2122
6.2155665154366835,1,50.0,2123
6.215908541544419,6,42.0,1962
6.216941112689347,7,57.0,855
6.217276528110585,1,53.0,2124
6.2176894501099165,1,13.0,2125
6.217896171670458,1,1.0,2126
6.217899301269939,1,9.0,2127
6.218630748733865,1,33.0,2128
6.218647286113482,1,1.0,2129
6.2201805225392555,2,4.0,2130
6.220500008827321,1,55.0,2131
6.22071952021046,1,55.0,2132
6.220793684179012,6,58.0,234
6.220908045213856,6,3.0,1183
6.2210251449051945,6,4.0,1756
6.22152450149827,1,11.0,2133
6.221686506796672,6,4.0,1937
6.221941139137349,6,11.0,1786
6.2223249308460105,7,3.0,186
6.222594944751818,1,3.0,2134
6.223265243882198,6,9.0,1500
6.223669608421453,6,45.0,1785
6.223859825037946,1,3.0,2135
6.2238746387964925,6,53.0,1448
6.2246710023898615,6,59.0,1151
6.225398729218309,8,25.0,511
6.225639176766594,1,1.0,2136
6.2269483749311485,7,3.0,803
6.2273671620008955,1,2.0,2137
6.227383389182519,1,36.0,2138
6.2274107188133145,6,8.0,1678
6.227435349700083,1,17.0,2139
6.228021385183251,9,25.0,511
6.228550980826117,1,22.0,2140
6.229207635193446,1,4.0,2141
6.229695010171102,1,8.0,2142
6.229720846398149,6,6.0,1341
6.229764795212871,8,36.0,739
6.230101193662991,7,47.0,632
6.230343976423389,7,23.0,113
6.230395914165221,6,8.0,2112
6.2306071282739195,6,51.0,1676
6.230609143015069,7,58.0,899
6.230685646980722,6,2.0,1638
6.2309720129748625,7,8.0,380
6.2311361362386695,6,16.0,2030
6.231258743873873,6,3.0,1551
6.2318502049502005,6,51.0,1173
6.231875981754323,7,1.0,114
6.231975042012556,8,7.0,1304
6.232403805673257,1,3.0,2143
6.233669848782064,6,34.0,1956
6.233990558886347,1,57.0,2144
6.234308716786952,1,29.0,2145
6.234603206198554,1,42.0,2146
6.234653601122018,6,5.0,2077
6.235150552647669,1,2.0,2147
6.235171010446533,1,17.0,2148
6.235294313097951,6,4.0,1635
6.235363012861291,6,9.0,1346
6.235702867679174,6,54.0,1621
6.236226592010951,6,5.0,2031
6.236392548002631,7,2.0,467
6.237120893244441,1,39.0,2149
6.237828345588054,7,8.0,1038
6.238307940732601,6,1.0,1993
6.238543969990306,9,6.0,808
6.241108146149899,1,25.0,2150
6.241119075611107,1,1.0,2151
6.241268081840197,1,2.0,2152
6.2412801478419135,6,4.0,2071
6.242838819444469,1,1.0,2153
6.243435073112656,1,9.0,2154
6.243758919794624,6,2.0,897
6.244137740192285,1,3.0,2155
6.244422018282296,1,3.0,2156
6.2449453215475454,1,3.0,2157
6.24526241045122,6,2.0,2059
6.245751656353275,6,3.0,516
6.245823625572105,1,7.0,2158
6.245844933155461,7,9.0,713
6.246138856257347,6,9.0,1896
6.246517535875365,6,7.0,2066
6.247238775702497,6,17.0,2023
6.247291588105399,1,6.0,2159
6.247400387544556,7,59.0,696
6.247547543346785,6,10.0,1063
6.247654481567599,6,1.0,1110
6.247879139279321,1,3.0,2160
6.247950698666308,6,2.0,2002
6.248176266189663,6,2.0,1590
6.248197758461016,6,13.0,2058
6.248354389616979,1,20.0,2161
6.248760052474779,6,3.0,1102
6.248783340799785,1,8.0,2162
6.249922427409048,1,10.0,2163
6.250092565861511,1,1.0,2164
6.250100297669053,1,3.0,2165
6.250810931271188,8,2.0,821
6.251576903420128,6,6.0,2073
6.251674503658579,1,5.0,2166
6.252028802329725,1,29.0,2167
6.252127614367218,1,11.0,2168
6.252279194916704,6,3.0,1934
6.252291390586885,1,5.0,2169
6.252710450993981,7,47.0,466
6.2527896754460475,6,54.0,571
6.252908938868622,6,8.0,1375
6.253513048593357,1,41.0,2170
6.254839315884589,6,58.0,1141
6.255509965200913,6,12.0,1495
6.2559735464531725,1,4.0,2171
6.256166827232975,6,31.0,524
6.256349967922795,1,1.0,2172
6.257994087137285,1,2.0,2173
6.258247280276799,7,53.0,196
6.258862996185947,1,3.0,2174
6.2591149323643105,6,3.0,776
6.259185302736672,6,18.0,1847
6.259261309256981,1,48.0,2175
6.259503429623422,1,7.0,2176
6.260102776988165,8,47.0,1873
6.260421413347867,1,2.0,2177
6.261067131679796,1,4.0,2178
6.261848892584396,1,3.0,2179
6.2620379118020635,7,14.0,542
6.262194106158187,1,26.0,2180
6.262287302412309,6,3.0,1162
6.262690089987258,1,11.0,2181
6.2629366176416035,6,4.0,1440
6.263352466099315,6,27.0,525
6.264281595416503,1,5.0,2182
6.264399824211678,6,2.0,1475
6.2648479606605,6,2.0,611
6.265173785094455,6,22.0,1807
6.265194040901775,1,7.0,2183
6.266144294649724,1,5.0,2184
6.266788128230171,6,7.0,1763
6.267336141977774,7,2.0,200
6.267762366292288,6,39.0,1082
6.267892542400994,6,7.0,2122
6.268028424775882,1,4.0,2185
6.2683110932946065,6,1.0,2080
6.268366420686399,1,2.0,2186
6.268993107231192,1,7.0,2187
6.2699342984172945,6,1.0,2113
6.270049586019727,1,1.0,2188
6.270051757455338,1,1.0,2189
6.270271270214259,1,2.0,2190
6.272660712078862,1,59.0,2191
6.272824681466747,1,2.0,2192
6.273074969068045,6,2.0,1865
6.273485356847307,7,4.0,923
6.274715432748897,1,52.0,2193
6.274752150943232,6,36.0,1572
6.275023376066596,6,57.0,494
6.275042878971624,1,5.0,2194
6.275128798296151,1,6.0,2195
6.275177457472912,1,4.0,2196
6.2758932051583605,1,47.0,2197
6.27591911269812,1,54.0,2198
6.276133966980657,6,37.0,1738
6.276884275503386,7,60.0,790
6.277187987588716,1,4.0,2199
6.27753628064525,1,4.0,2200
6.2775519050858755,6,1.0,1661
6.277953801266773,1,25.0,2201
6.278099357254975,6,8.0,930
6.279302726563963,7,54.0,1125
6.2803385374054965,1,5.0,2202
6.280636495102488,1,35.0,2203
6.2806856986450965,1,1.0,2204
6.281020190480115,1,18.0,2205
6.281591260037684,1,8.0,2206
6.282123676422699,6,8.0,1948
6.282544906332625,6,1.0,827
6.2834836471268325,1,4.0,2207
6.2838342872906505,1,5.0,2208
6.284118226149012,8,22.0,768
6.284128155967534,1,48.0,2209
6.28427380738454,6,53.0,1488
6.284417806900516,7,7.0,1114
6.284806827872907,1,38.0,2210
6.284980190860539,9,18.0,400
6.285702579020164,6,3.0,1980
6.285917615846053,6,2.0,2032
6.285940036231501,1,14.0,2211
6.285991048962812,8,3.0,1355
6.287020868575254,7,6.0,766
6.287439509310581,1,7.0,2212
6.288260747337501,6,11.0,1561
6.288844313183163,6,51.0,1704
6.288948440062807,1,2.0,2213
6.289269800961509,1,17.0,2214
6.289414972905906,1,6.0,2215
6.2896583791414615,1,9.0,2216
6.289815886607873,1,57.0,2217
6.290272729183051,6,25.0,2201
6.290368818143355,1,7.0,2218
6.290881911153749,6,8.0,1620
6.291050794959395,1,8.0,2219
6.291559701825833,1,3.0,2220
6.291592747055948,2,1.0,2221
6.292012967161817,1,1.0,2222
6.292425683871924,6,7.0,1712
6.292469317783515,1,7.0,2223
6.292932918125651,8,24.0,971
6.29314168912267,6,53.0,1352
6.293388143485805,1,5.0,2224
6.293989824321306,6,6.0,1525
6.294105215450231,6,5.0,657
6.294542482262297,7,5.0,818
6.294724014562515,1,2.0,2225
6.294780251137752,6,6.0,579
6.295553801616418,6,5.0,1741
6.2957424511491995,1,47.0,2226
6.298856010918216,6,30.0,1859
6.2989847628115925,8,3.0,884
6.299207380855821,1,4.0,2227
6.299403200044731,1,5.0,2228
6.2999241210935235,1,15.0,2229
6.300198178957842,1,2.0,2230
6.300315584716422,7,32.0,854
6.300315584716422,16,32.0,854
6.302326796804477,1,1.0,2231
6.303137590112523,7,53.0,455
6.303496165614353,6,5.0,826
6.303564714687692,6,3.0,1307
6.304047795734819,6,50.0,1670
6.304459955295438,1,7.0,2232
6.304504687899186,1,1.0,2233
6.304925768590731,1,6.0,2234
6.304988912802285,1,1.0,2235
6.3053583377119145,1,32.0,2236
6.30545664998132,6,4.0,1446
6.3055866377163134,9,5.0,124
6.3059577814850165,1,3.0,2237
6.30621948010773,7,46.0,506
6.306237678057046,1,34.0,2238
6.306854889573465,1,11.0,2239
6.307027093970518,1,9.0,2240
6.307611383359706,1,19.0,2241
6.307651056538854,1,53.0,2242
6.307901063812849,1,4.0,2243
6.30804621510713,6,55.0,2020
6.308422676775771,1,6.0,2244
6.3093835729793,7,2.0,554
6.30987201450191,1,48.0,2245
6.309947210722597,6,59.0,1571
6.31008496225695,6,45.0,1637
6.310267792857244,6,1.0,1936
6.3104908786729315,7,3.0,693
6.310726237951397,6,57.0,1423
6.311397779256882,1,6.0,2246
6.312123831510996,1,47.0,2247
6.312263750869762,9,1.0,426
6.312795592947719,1,4.0,2248
6.312926407380688,1,15.0,2249
6.3133354032041975,9,5.0,407
6.313763670871367,1,5.0,2250
6.315309164308317,6,59.0,1836
6.315382626341994,6,10.0,945
6.315723670639441,1,40.0,2251
6.316322979792974,6,2.0,2186
6.316656693446606,1,30.0,2252
6.316700211567327,7,59.0,285
6.317033618363117,1,2.0,2253
6.3178534536592785,1,4.0,2254
6.317989931243928,1,3.0,2255
6.318112783108281,6,2.0,2046
6.318447992556681,6,9.0,1247
6.319488489371722,9,1.0,1179
6.319509866739151,1,24.0,2256
6.320071351793684,7,1.0,1165
6.320688692223658,1,4.0,2257
6.32074224193745,6,35.0,1566
6.321066531100756,6,41.0,1963
6.321279885237912,6,7.0,1318
6.321323584841458,1,2.0,2258
6.321594507815732,1,59.0,2259
6.32181923203492,6,49.0,1825
6.322321527917296,6,5.0,1966
6.3223264768673335,6,9.0,1632
6.322482516567058,2,56.0,2260
6.3227935513036275,1,58.0,2261
6.322853371413236,1,1.0,2262
6.322993251173293,1,6.0,2263
6.323846017864622,6,50.0,737
6.324545222181669,7,6.0,829
6.3250865179899165,6,7.0,452
6.325086928230137,7,3.0,1242
6.325672062068066,6,3.0,2237
6.325738665977226,6,8.0,1336
6.327067162802648,1,1.0,2264
6.327714033094084,1,9.0,2265
6.328061991020372,6,1.0,2004
6.32822715492566,1,1.0,2266
6.329581858081981,7,55.0,994
6.330636031602483,1,34.0,2267
6.331651175186119,1,47.0,2268
6.332593910113267,6,55.0,2132
6.3328272607830876,6,3.0,2078
6.333238743371468,2,5.0,2269
6.3332826465193905,1,10.0,2270
6.3335443992412435,7,10.0,874
6.333637960430501,1,10.0,2271
6.333785719292948,6,6.0,1737
6.333797361143289,1,36.0,2272
6.334563841913051,6,29.0,2167
6.335580406555867,9,1.0,609
6.335695944933813,6,1.0,2204
6.336147860147064,1,7.0,2273
6.336527833982426,6,7.0,1823
6.336667413438301,1,35.0,2274
6.336723694976347,6,3.0,1965
6.336820377437226,1,2.0,2275
6.336855344180332,6,4.0,1975
6.337310300414519,6,37.0,1582
6.33733827184992,1,17.0,2276
6.337436705172551,6,6.0,345
6.337909926862348,1,5.0,2277
6.338190544311298,6,40.0,2016
6.339128198366289,1,8.0,2278
6.33924260993486,6,1.0,1331
6.340824625804089,1,5.0,2279
6.340870248336766,1,6.0,2280
6.341628440761263,6,33.0,1720
6.341973843388791,1,1.0,2281
6.342877381007405,1,54.0,2282
6.343895222511122,6,2.0,1196
6.3439204219543415,6,2.0,1972
6.34420809815842,1,2.0,2283
6.344404438790855,1,2.0,2284
6.344429150722086,1,6.0,2285
6.344468379238046,1,2.0,2286
6.344903499584592,1,1.0,2287
6.345054852348628,6,34.0,2238
6.345091159134101,1,8.0,2288
6.345261136441788,1,23.0,2289
6.3468532571557,1,13.0,2290
6.347298311099864,1,9.0,2291
6.347387976344764,6,26.0,2180
6.34854641790183,1,2.0,2292
6.348950850594631,6,13.0,1152
6.34923546993403,1,28.0,2293
6.350502173924824,7,3.0,413
6.351775606821412,9,6.0,402
6.352000569188812,6,22.0,2037
6.352035171207975,1,8.0,2294
6.352817979793889,1,23.0,2295
6.353316485464845,8,51.0,782
6.353746046088862,6,56.0,835
6.354330292284427,6,3.0,2156
6.354356192786237,1,18.0,2296
6.355170426807216,6,2.0,2283
6.355340559233251,1,2.0,2297
6.35570917318298,1,3.0,2298
6.356127681795021,6,5.0,2063
6.356297301425425,7,3.0,480
6.356297301425425,16,3.0,480
6.356317525480073,1,6.0,2299
6.356962866682004,1,9.0,2300
6.357341916251553,6,47.0,1438
6.35746451996804,8,3.0,1313
6.358603495863212,6,6.0,1549
6.358640903241905,6,4.0,2199
6.358685664003982,6,52.0,2067
6.359027353013718,6,8.0,1871
6.35917084555136,2,7.0,2301
6.359947902195231,1,40.0,2302
6.3603454761905525,1,9.0,2303
6.360372290150188,1,7.0,2304
6.3606824174136865,1,27.0,2305
6.361021516020667,6,2.0,813
6.361581058609396,1,5.0,2306
6.361632277272549,7,1.0,1006
6.361692686993488,1,48.0,2307
6.362022842807855,7,6.0,390
6.3625378002087665,6,4.0,2178
6.363025662701211,1,15.0,2308
6.363357192169511,7,40.0,275
6.363357192169511,16,40.0,275
6.3639865052297715,6,2.0,2060
6.364309027284079,1,14.0,2309
6.364520576223754,6,46.0,1558
6.364662154241002,1,6.0,2310
6.36524116814535,1,1.0,2311
6.365435381782784,1,2.0,2312
6.366605419990538,7,35.0,488
6.367474713630312,1,39.0,2313
6.367893918296006,1,3.0,2314
6.369211073123004,6,26.0,1695
6.369543929993111,1,17.0,2315
6.369552414572261,1,5.0,2316
6.369637126780306,2,10.0,2317
6.369951772992086,6,7.0,2009
6.370481747119249,6,18.0,2099
6.371667908278579,1,10.0,2318
6.372048457427281,6,48.0,1883
6.372096531562171,7,2.0,620
6.372183966320091,1,4.0,2319
6.372413592025867,2,5.0,2320
6.372826422827069,1,12.0,2321
6.373840418844354,6,54.0,656
6.374068953127478,6,44.0,2055
6.374566436403638,1,9.0,2322
6.374998023901737,1,2.0,2323
6.375267863788239,6,1.0,1880
6.3764577226820744,1,3.0,2324
6.37737241396492,6,4.0,2110
6.377545446382741,6,17.0,2276
6.3776144557721075,6,5.0,2228
6.377906332341254,2,5.0,2325
6.378113736522308,6,7.0,2049
6.378155452600682,6,54.0,1961
6.378416710165985,6,1.0,1798
6.378798311345564,6,12.0,1094
6.379046005323148,1,7.0,2326
6.379789754855394,6,2.0,1932
6.380017324660289,1,1.0,2327
6.380391212391037,1,17.0,2328
6.380634386246242,7,17.0,531
6.380819675053804,6,12.0,1249
6.381271413994137,1,2.0,2329
6.381537281870227,6,2.0,2192
6.38173765310498,1,11.0,2330
6.382307348493324,1,1.0,2331
6.382441721735869,7,10.0,348
6.382799191028703,1,8.0,2332
6.3832260765197235,1,16.0,2333
6.383253178289608,6,2.0,1817
6.383538222159695,1,5.0,2334
6.384303788845058,6,9.0,1818
6.384995021482071,7,11.0,655
6.3850982621973476,7,6.0,882
6.385278664134126,6,48.0,134
6.3857452568892175,1,2.0,2335
6.385886208303419,1,46.0,2336
6.386171448115281,7,55.0,185
6.386171448115281,16,55.0,185
6.386281902084071,1,2.0,2337
6.386298886018902,1,26.0,2338
6.386983539142622,6,8.0,2206
6.388751722066052,7,39.0,610
6.389102203584263,6,39.0,1846
6.389501247543761,6,31.0,1687
6.389625405680618,1,6.0,2339
6.389795596841445,6,2.0,1926
6.39168465223908,7,9.0,1480
6.391773391902897,1,2.0,2340
6.391965641653548,1,34.0,2341
6.3921466094809105,6,45.0,1111
6.392284980129948,1,2.0,2342
6.392575025550556,6,2.0,1761
6.3931544534037625,8,57.0,888
6.393301030572884,1,10.0,2343
6.393660932366778,6,34.0,1132
6.39399083732308,1,4.0,2344
6.394369318844951,6,4.0,1698
6.394758047583814,1,14.0,2345
6.395401913068599,1,7.0,2346
6.395451109413994,6,8.0,2142
6.395488067287393,1,54.0,2347
6.397045067100855,7,44.0,161
6.397541212443045,1,3.0,2348
6.397613211364749,6,18.0,1160
6.397690559687905,1,49.0,2349
6.397854851202816,1,2.0,2350
6.398599296398653,7,46.0,643
6.398601465780233,1,8.0,2351
6.398874958878843,1,32.0,2352
6.399027905633506,7,47.0,251
6.399488512481035,6,1.0,278
6.399496282681789,1,5.0,2353
6.40027895583829,6,3.0,857
6.400637971729675,6,19.0,1777
6.401091979204248,6,52.0,1477
6.401157995958862,1,3.0,2354
6.401711598815357,6,5.0,748
6.401741446818349,6,22.0,1654
6.401954824733649,6,53.0,2124
6.402244824379446,1,53.0,2355
6.403181318326078,6,2.0,1908
6.403773966079069,1,6.0,2356
6.404764535992571,6,3.0,1596
6.405126677977073,6,2.0,2350
6.406222297955946,1,4.0,2357
6.406360026287185,6,56.0,1809
6.406546413228727,1,1.0,2358
6.408851589834816,6,47.0,846
6.408965799682135,1,4.0,2359
6.409450845978579,1,54.0,2360
6.409960172014471,6,2.0,2190
6.410589250403909,1,6.0,2361
6.410905817350833,1,33.0,2362
6.410991565251913,6,46.0,1669
6.411357897304524,1,6.0,2363
6.411462178448933,1,18.0,2364
6.411616265144397,6,45.0,2052
6.4116525066816346,6,7.0,2158
6.412659848495309,8,24.0,798
6.412919417714006,1,59.0,2365
6.414717210318158,1,2.0,2366
6.4154340717137,6,56.0,1301
6.41567407074435,6,34.0,2341
6.416153486069462,1,2.0,2367
6.416354132351635,7,6.0,779
6.416374675037927,6,39.0,1845
6.416541828998315,1,3.0,2368
6.416601315482983,8,54.0,1961
6.416980294590189,7,7.0,1048
6.41710700011286,1,5.0,2369
6.4177367031036185,7,40.0,1524
6.418151868091913,1,3.0,2370
6.418164723419411,6,54.0,1719
6.418271344439977,7,36.0,1020
6.418713422138998,1,8.0,2371
6.418739571819751,6,16.0,2065
6.418999044710481,1,1.0,2372
6.419443954721363,7,2.0,1250
6.419874895870801,6,1.0,2011
6.420302817410281,1,43.0,2373
6.42091017761458,8,1.0,1136
6.421358523914204,1,40.0,2374
6.421565876567155,1,5.0,2375
6.421695131428215,6,4.0,1502
6.42176208957863,6,1.0,1626
6.421803062730738,1,16.0,2376
6.422242183249976,1,1.0,2377
6.422496692175671,1,2.0,2378
6.422558924975413,1,2.0,2379
6.422894039014375,6,55.0,1988
6.423481800146024,6,30.0,2252
6.424581256177458,6,49.0,1509
6.425077725319176,1,3.0,2380
6.425180983932846,8,32.0,687
6.425221319112414,6,2.0,1797
6.425573675059493,6,26.0,2338
6.425632189192037,1,52.0,2381
6.4258152326400335,1,49.0,2382
6.426115033010457,6,1.0,2126
6.426631599925953,1,5.0,2383
6.427276953931809,1,5.0,2384
6.427297904603292,7,54.0,1019
6.4275628090780295,1,4.0,2385
6.428249356009042,1,34.0,2386
6.428335438885445,1,5.0,2387
6.428764622339415,6,1.0,1611
6.428961939481186,8,32.0,1923
6.429141552243471,1,4.0,2388
6.429184259998467,1,3.0,2389
6.431235444880687,8,26.0,2180
6.431612106715139,1,2.0,2390
6.431775274099152,6,2.0,1418
6.431822358480537,2,2.0,2391
6.433484035687849,6,5.0,1838
6.43351476085993,6,7.0,2068
6.433656403305051,1,6.0,2392
6.433988299743754,1,4.0,2393
6.434038130145818,7,6.0,708
6.434380895704441,7,3.0,315
6.434909743180923,6,13.0,1894
6.4350036152305945,8,27.0,761
6.435568961473068,1,34.0,2394
6.435884894134311,6,32.0,492
6.4362355915622596,7,15.0,236
6.436737696520925,1,2.0,2395
6.436996641460515,6,2.0,2340
6.437165869106148,6,15.0,1694
6.437221367344138,9,4.0,942
6.438234741972364,1,2.0,2396
6.438450887928337,1,47.0,2397
6.439354454951979,1,17.0,2398
6.439420575884707,6,45.0,2061
6.4395948233641125,6,10.0,2318
6.439816519179309,1,5.0,2399
6.440604597840527,1,6.0,2400
6.441142671559172,1,5.0,2401
6.441162737180073,6,12.0,2042
6.4413389031528885,1,33.0,2402
6.441734393482909,7,47.0,267
6.441772120164966,1,6.0,2403
6.441862008158356,8,3.0,989
6.442008868402548,1,4.0,2404
6.442058299834192,6,5.0,599
6.442173198102978,1,50.0,2405
6.442241416821315,6,9.0,391
6.443593099752747,1,10.0,2406
6.4438515955977715,1,3.0,2407
6.443873192857381,1,7.0,2408
6.444991125717128,1,6.0,2409
6.4455777239689604,1,59.0,2410
6.445659757544355,6,6.0,1893
6.445876902561789,6,6.0,1325
6.446166632876717,7,20.0,227
6.446496371419285,6,29.0,834
6.446575587347293,1,3.0,2411
6.446714667946856,6,19.0,1614
6.446778310584802,6,3.0,1700
6.447997051171804,9,58.0,730
6.448272894603832,1,58.0,2412
6.448386945636771,8,4.0,1092
6.449293224568762,6,3.0,1343
6.449523544300539,1,26.0,2413
6.44998585303638,1,3.0,2414
6.450025652607102,6,1.0,1609
6.450342769167161,6,54.0,2035
6.45037343107233,1,4.0,2415
6.450677923253806,1,2.0,2416
6.451010317545681,1,59.0,2417
6.451453940612363,8,2.0,1631
6.4515887285448565,1,9.0,2418
6.452236897662209,1,3.0,2419
6.452428327262447,7,2.0,450
6.452784919070036,1,12.0,2420
6.453258484524634,8,57.0,1781
6.4540726375187765,7,6.0,988
6.454753534537282,8,6.0,1737
6.454776289708952,1,1.0,2421
6.455164869640865,1,10.0,2422
6.455893040526224,1,2.0,2423
6.456858872312671,1,1.0,2424
6.456989710687721,1,9.0,2425
6.457293674132307,1,19.0,2426
6.457492168279874,6,2.0,2423
6.4574977226812385,6,3.0,802
6.4576023629587835,6,47.0,1970
6.457819434032173,7,45.0,1069
6.45808905394268,6,5.0,2098
6.458459114992913,2,38.0,2427
6.459520165753358,1,1.0,2428
6.459665400628832,1,3.0,2429
6.460078630047248,1,2.0,2430
6.460087156185486,8,1.0,398
6.4609997512402595,9,1.0,948
6.461662194352963,6,12.0,1274
6.4619981703736356,6,3.0,1714
6.4622721667544925,7,4.0,1244
6.462790228505172,1,5.0,2431
6.462855644441536,7,1.0,29
6.463790578366482,1,32.0,2432
6.464277856461065,6,47.0,2028
6.4644164746262,1,2.0,2433
6.464425856329753,6,52.0,1361
6.465491968197994,6,4.0,1519
6.466212116017108,6,34.0,1790
6.466268071320836,1,8.0,2434
6.466661460950209,1,7.0,2435
6.466927601907859,1,1.0,2436
6.467228960400318,1,2.0,2437
6.467233375665814,1,4.0,2438
6.468063585411914,1,12.0,2439
6.468150258841809,6,1.0,2153
6.468567751562137,1,2.0,2440
6.468775473587034,1,32.0,2441
6.468924507878868,1,5.0,2442
6.470065008596277,6,22.0,1231
6.470080520655197,1,1.0,2443
6.470308214743031,1,16.0,2444
6.470722243859036,7,3.0,479
6.470842135084759,8,4.0,1543
6.470998101818205,6,10.0,2064
6.47103776615335,7,3.0,935
6.471572045149431,1,8.0,2445
6.471770656404786,1,2.0,2446
6.4724923201669435,1,12.0,2447
6.472810738556429,7,19.0,743
6.473093134217886,1,40.0,2448
6.47390888554538,7,48.0,165
6.474031455163482,1,59.0,2449
6.474417049454341,6,1.0,2075
6.474966521423956,1,35.0,2450
6.475117823659996,6,3.0,2157
6.475557948347274,6,3.0,907
6.475743441804983,1,8.0,2451
6.476118137045746,1,1.0,2452
6.476188589112108,1,10.0,2453
6.476940424958559,1,2.0,2454
6.477068252467088,6,5.0,1126
6.477089496887991,6,10.0,2271
6.477535857594092,1,8.0,2455
6.477800367765581,1,10.0,2456
6.478026357597206,1,4.0,2457
6.478233399346697,6,2.0,1608
6.47880982322724,1,2.0,2458
6.479033394526603,6,34.0,725
6.479406696897167,1,3.0,2459
6.4794611281205166,1,2.0,2460
6.479740560019994,9,2.0,406
6.480831142077977,1,23.0,2461
6.481371503478052,1,28.0,2462
6.481802809864908,7,6.0,1271
6.482815423201624,6,3.0,2109
6.482851722369309,7,10.0,347
6.483397106917297,6,58.0,718
6.483438205484401,1,53.0,2463
6.48427878069291,6,58.0,1474
6.484402862050493,1,31.0,2464
6.484569649223202,1,5.0,2465
6.484694703267316,7,33.0,342
6.484823179769749,7,3.0,429
6.484905395647322,1,11.0,2466
6.485053607193108,6,5.0,2383
6.485085846850854,1,46.0,2467
6.485404073012329,9,1.0,690
6.486291511913662,7,53.0,240
6.487164864980112,1,3.0,2468
6.488164153674622,6,2.0,2292
6.488266313495564,1,8.0,2469
6.48876793797171,1,2.0,2470
6.489591997544745,1,56.0,2471
6.48977581204016,6,25.0,2150
6.490319502369406,1,2.0,2472
6.490864592447206,1,2.0,2473
6.491373699966788,1,3.0,2474
6.49177616700777,6,21.0,638
6.492780159400973,7,24.0,562
6.4929112767252315,1,3.0,2475
6.4934176380017705,1,60.0,2476
6.493569144499082,1,2.0,2477
6.494480908080471,1,53.0,2478
6.494511565826497,1,2.0,2479
6.494791644103912,1,7.0,2480
6.494931090435017,6,1.0,626
6.494992175671269,7,48.0,1629
6.495392274335684,6,2.0,2137
6.495586192679668,6,52.0,2103
6.495888447610851,1,2.0,2481
6.496067638994586,1,14.0,2482
6.496281695344166,1,1.0,2483
6.496714169308358,1,3.0,2484
6.497881889094909,1,58.0,2485
6.497993578563293,1,18.0,2486
6.498580738418979,6,3.0,1696
6.498626713336564,8,10.0,300
6.498863913917253,8,12.0,662
6.499383759222518,1,6.0,2487
6.499826765854212,6,12.0,578
6.500681154766114,6,14.0,2345
6.500882452303676,9,19.0,427
6.500882452303676,16,19.0,427
6.501227327447882,6,5.0,2096
6.501652340589249,1,29.0,2488
6.502557240211581,6,12.0,1129
6.502979986153649,7,37.0,438
6.502996133410687,8,2.0,1050
6.503105178587259,1,10.0,2489
6.50347596207929,1,7.0,2490
6.50422715845049,8,35.0,920
6.5045540701462725,7,5.0,729
6.504906137551026,1,12.0,2491
6.5052732488606475,6,43.0,2373
6.505787122346843,1,5.0,2492
6.505961232042813,7,41.0,255
6.506386059958487,1,1.0,2493
6.506867209594596,6,2.0,2337
6.507450160439886,1,5.0,2494
6.50772044357571,6,45.0,985
6.507840691626569,1,42.0,2495
6.508622900632746,7,14.0,410
6.5089115164966564,1,5.0,2496
6.508974963739422,1,46.0,2497
6.509182322882657,1,2.0,2498
6.50969535539739,1,1.0,2499
6.509871310222051,1,12.0,2500
6.510111082738945,6,24.0,1950
6.510186272104473,6,33.0,1826
6.511125760496256,1,1.0,2501
6.511489822189009,9,11.0,77
6.5120124815582585,1,2.0,2502
6.5120957841513425,6,4.0,2115
6.512314581537151,7,11.0,37
6.512324053161003,6,2.0,2458
6.512418191285844,6,10.0,2022
6.512788346209834,6,1.0,1392
6.51321363343067,1,4.0,2503
6.514200452996716,6,50.0,1591
6.514596070187698,7,48.0,115
6.514793915791316,6,54.0,2347
6.515328575082488,1,3.0,2504
6.515378299431573,1,7.0,2505
6.515650543372164,6,27.0,1885
6.516368022969694,8,54.0,656
6.516676031037579,7,54.0,650
6.516823709629728,1,20.0,2506
6.517734719070851,1,7.0,2507
6.5179491104768115,6,2.0,1863
6.5183240072206985,7,1.0,322
6.518865045241415,1,9.0,2508
6.519254639176334,1,4.0,2509
6.51965882093541,1,6.0,2510
6.519660129156316,8,6.0,1606
6.520209959109585,1,3.0,2511
6.520841012716266,1,7.0,2512
6.521474741284203,6,4.0,2171
6.5216040588052255,1,12.0,2513
6.52235595077299,1,2.0,2514
6.523190067893322,1,5.0,2515
6.523307952149528,6,7.0,2490
6.523471566518484,1,1.0,2516
6.523896130237503,1,10.0,2517
6.523954160429489,6,1.0,2377
6.524190424419119,1,37.0,2518
6.524517201747476,1,2.0,2519
6.526356576219092,6,54.0,1057
6.5266768914455255,6,5.0,1742
6.526741532953712,9,36.0,739
6.5267900283088425,1,31.0,2520
6.526847709678731,6,48.0,1795
6.5269340329004715,7,2.0,372
6.527140391603103,1,6.0,2521
6.527392801999311,1,10.0,2522
6.527967336710102,8,2.0,2283
6.528770882766546,9,13.0,951
6.529208034880927,6,3.0,2411
6.529398095484947,1,2.0,2523
6.529559046495083,6,1.0,2372
6.5298509664494775,6,44.0,2101
6.530103512726747,1,1.0,2524
6.530917087705715,7,4.0,1112
6.531347374908314,6,21.0,1357
6.531485304467365,9,14.0,430
6.531804541247791,6,8.0,1748
6.532050510410982,1,46.0,2525
6.5326695731528295,6,4.0,887
6.533664188067055,7,11.0,499
6.53437295455231,6,1.0,1168
6.534383779027717,6,12.0,1649
6.534931068305469,6,4.0,2095
6.535255503726357,1,1.0,2526
6.53576096455883,1,5.0,2527
6.535886742566071,1,49.0,2528
6.536160397684891,1,1.0,2529
6.5364942786037865,6,1.0,1177
6.5367110911415836,1,6.0,2530
6.537398032348432,6,38.0,1904
6.538207866089596,7,10.0,331
6.538501450368613,1,6.0,2531
6.538584460517606,1,2.0,2532
6.539008188628956,6,46.0,2525
6.53908807701211,6,6.0,2363
6.539235057258508,1,2.0,2533
6.539735138253482,6,3.0,2143
6.540369904537119,6,13.0,2290
6.541049960316157,6,1.0,1338
6.541079633313857,1,4.0,2534
6.5422183720983025,1,10.0,2535
6.54280429119203,6,5.0,2334
6.542992499661264,1,6.0,2536
6.544350297730675,6,56.0,997
6.544522922553035,7,3.0,984
6.54466061869129,6,4.0,2534
6.544669936691187,7,6.0,990
6.54467641899836,7,7.0,694
6.544781535416198,6,1.0,1161
6.5454008864572195,2,1.0,2537
6.545448453817196,6,2.0,489
6.546172275476098,1,7.0,2538
6.546217561425819,1,3.0,2539
6.546631957098267,6,4.0,1145
6.5470827053087515,1,7.0,2540
6.54750790957742,1,3.0,2541
6.547622199697983,6,32.0,2432
6.54800088465313,2,52.0,2542
6.549072331161275,1,42.0,2543
6.5490969887515345,6,5.0,2091
6.549141248607542,1,40.0,2544
6.549165410235141,6,23.0,2461
6.549359209242612,6,56.0,921
6.549389040209728,6,3.0,2474
6.549685332127155,1,14.0,2545
6.549902343485914,1,2.0,2546
6.5500728010161815,8,5.0,1742
6.5504138709426005,6,5.0,1628
6.55081299183516,6,7.0,1568
6.551056669362676,6,1.0,1540
6.551975132569529,1,6.0,2547
6.552154434105859,1,2.0,2548
6.552638257057128,6,51.0,1701
6.552882818717602,1,7.0,2549
6.5529624242097775,1,1.0,2550
6.553179645759157,1,5.0,2551
6.5537214761721305,6,8.0,1951
6.554094814340684,6,51.0,1702
6.554185435979153,1,43.0,2552
6.554456115571152,6,4.0,1917
6.554618637852476,1,14.0,2553
6.554773814065115,6,7.0,2512
6.554857876185837,6,36.0,2272
6.555870149319595,1,3.0,2554
6.556072068505705,6,36.0,1759
6.556234711070475,6,1.0,1767
6.556407303670721,8,1.0,1338
6.5565139594888695,1,12.0,2555
6.557003211029246,6,9.0,2265
6.557530805016283,1,22.0,2556
6.5578080979535756,6,48.0,1899
6.557900727355793,1,3.0,2557
6.558095331847888,1,1.0,2558
6.558579275667198,6,50.0,2405
6.559002257947523,2,9.0,2559
6.559494870877952,6,32.0,2352
6.560307984794205,6,3.0,2557
6.561075183367803,7,53.0,1049
6.56151834985475,1,2.0,2560
6.561565270248423,6,48.0,2175
6.561939009470334,1,11.0,2561
6.562116204369159,1,17.0,2562
6.56222398125867,6,2.0,1866
6.562357689207057,1,14.0,2563
6.562477121828967,6,2.0,1472
6.563317008785434,6,3.0,2429
6.56368101659368,6,56.0,359
6.563989992523212,1,7.0,2564
6.5647864540559535,9,48.0,812
6.565405828721184,1,3.0,2565
6.566359478214322,1,2.0,2566
6.566523106364495,6,47.0,2197
6.566690159214035,1,5.0,2567
6.567616830259125,6,56.0,590
6.568053802924463,6,52.0,2193
6.568262113024202,1,3.0,2568
6.568510219607319,6,7.0,2212
6.568592236681733,6,3.0,1174
6.5689823820530355,1,1.0,2569
6.569444079592717,8,7.0,703
6.569668217054289,1,35.0,2570
6.569830448330324,1,3.0,2571
6.570033450521215,1,2.0,2572
6.570467446690568,1,1.0,2573
6.571789324767273,6,9.0,1705
6.572472020985528,6,54.0,587
6.572707403416361,1,6.0,2574
6.572766015422965,7,9.0,349
6.57290140271574,7,3.0,192
6.573574257165619,1,5.0,2575
6.574354516593583,1,1.0,2576
6.5747577079509085,1,1.0,2577
6.574914769662361,9,11.0,160
6.575828346976481,1,8.0,2578
6.575901120166189,6,8.0,744
6.57676283312383,1,6.0,2579
6.577178349047037,3,55.0,2580
6.577627602102053,7,45.0,365
6.577642676030397,6,5.0,2194
6.577759981104875,2,55.0,2581
6.578009652065896,7,2.0,353
6.578037504302384,7,1.0,512
6.578102101518001,1,34.0,2582
6.578462770976399,1,42.0,2583
6.578779986582478,1,3.0,2584
6.578915476108568,1,3.0,2585
6.579444709721134,6,10.0,2489
6.580334722581527,9,36.0,800
6.580510374770129,8,32.0,1223
6.580528336593569,1,9.0,2586
6.580829913046863,1,34.0,2587
6.581847967422267,1,5.0,2588
6.5825125008384795,6,3.0,1692
6.583428193783751,8,57.0,556
6.584267983755065,6,8.0,2111
6.584596326030181,7,56.0,1139
6.585956287104355,1,2.0,2589
6.586179832025384,1,30.0,2590
6.5864819711349165,1,56.0,2591
6.58648315405005,7,45.0,1193
6.586505553611464,6,2.0,2038
6.586619549365261,6,2.0,1989
6.586883567069,8,5.0,726
6.587740825289172,1,5.0,2592
6.588320371933401,6,11.0,1565
6.588380729186347,1,6.0,2593
6.588495244860124,1,5.0,2594
6.588679437568485,1,2.0,2595
6.589315735845274,7,1.0,722
6.589579472858394,1,26.0,2596
6.589687283023047,8,5.0,1895
6.589963885537221,6,17.0,2562
6.590007276595645,6,3.0,1382
6.590094856633482,9,13.0,1879
6.591151876216106,1,2.0,2597
6.592034746633111,6,48.0,1241
6.592501656280574,1,2.0,2598
6.592764896695704,1,4.0,2599
6.593527447145864,1,4.0,2600
6.594082966981123,7,40.0,296
6.5945790197838114,6,6.0,473
6.595088187274208,1,3.0,2601
6.595330519533965,1,3.0,2602
6.596169547868856,9,6.0,645
6.59675130801794,1,5.0,2603
6.597141894946338,6,46.0,1597
6.597221353619652,6,2.0,2472
6.598459409430401,8,1.0,1426
6.598883940023782,1,5.0,2604
6.599133426444334,1,3.0,2605
6.5992531705978825,8,56.0,359
6.599473460846341,6,10.0,2163
6.599622078398451,6,48.0,2307
6.600473643634674,6,49.0,2349
6.6008842591828865,7,3.0,168
6.600924425775977,6,3.0,2568
6.60102673453924,6,1.0,809
6.601446291785802,1,5.0,2606
6.601484384338253,7,9.0,697
6.601645739559226,1,5.0,2607
6.602479918014322,1,16.0,2608
6.6026542304179365,6,7.0,2564
6.602696399162651,6,2.0,648
6.6027752738316945,6,3.0,2504
6.602919644276841,6,1.0,2050
6.603133258385284,1,2.0,2609
6.603406236837704,6,4.0,2141
6.603519244065396,6,35.0,1265
6.603804140128856,1,1.0,2610
6.604131046711279,1,5.0,2611
6.605184115455017,6,36.0,2138
6.605335302391463,6,7.0,1925
6.605345456935665,6,9.0,2094
6.608173313061611,1,5.0,2612
6.608209456640713,7,20.0,1605
6.608238238214492,6,1.0,797
6.608504426383414,1,28.0,2613
6.608727594327014,1,6.0,2614
6.608852350216271,6,3.0,2468
6.609226624774791,6,9.0,1882
6.609465994380839,1,13.0,2615
6.609605223935988,6,38.0,2082
6.610175577748327,6,2.0,1266
6.610210953335595,1,1.0,2616
6.6103223274649725,6,58.0,1201
6.61046660530724,6,34.0,2108
6.610531303112321,1,4.0,2617
6.611557627131043,1,1.0,2618
6.611748022781201,9,55.0,544
6.611908826213212,6,3.0,2601
6.612246013611596,1,1.0,2619
6.612272534991054,6,16.0,2444
6.612384178635928,1,3.0,2620
6.612515202968537,8,8.0,1061
6.613367922578406,1,6.0,2621
6.61387014656485,1,1.0,2622
6.61390693477126,6,29.0,842
6.6140594122483325,6,13.0,792
6.614355300253293,1,13.0,2623
6.614766701717915,6,35.0,2203
6.6152063666875165,1,24.0,2624
6.615529976880459,1,54.0,2625
6.615686171290816,6,5.0,1964
6.616617164376147,6,60.0,1610
6.616892232141326,6,60.0,1143
6.61715545890727,6,12.0,2447
6.617268795141531,1,7.0,2626
6.617434238874604,1,4.0,2627
6.617820959768653,8,4.0,1229
6.618039431975914,6,2.0,2598
6.618233718678069,1,50.0,2628
6.618800412445688,6,4.0,2599
6.618887847118784,1,8.0,2629
6.619072027128615,1,9.0,2630
6.619566939830419,1,6.0,2631
6.619706555543572,1,5.0,2632
6.620932735789468,1,48.0,2633
6.621285330801479,7,17.0,503
6.621348472097131,6,11.0,2239
6.621420968980498,1,47.0,2634
6.621698152170073,1,5.0,2635
6.622047312689495,1,18.0,2636
6.622141879541505,1,4.0,2637
6.622383662903787,1,2.0,2638
6.622542456597731,6,57.0,2084
6.623653866146034,2,38.0,2639
6.624757387235645,6,6.0,2579
6.624859107355102,1,5.0,2640
6.624991486544041,1,38.0,2641
6.6250712847470075,6,2.0,289
6.62522254379338,1,5.0,2642
6.625236583753574,1,16.0,2643
6.6252732056604415,7,42.0,641
6.625474970958216,1,5.0,2644
6.625878823384886,6,47.0,1750
6.625996181731409,7,48.0,190
6.6260698434671355,9,22.0,968
6.626838854969454,8,3.0,1965
6.627477738070684,1,9.0,2645
6.627592524734805,9,1.0,961
6.628138950432249,1,1.0,2646
6.62869781345619,6,1.0,1984
6.628790946173808,1,51.0,2647
6.628865469902515,6,16.0,1309
6.629234133387166,6,42.0,1740
6.629281253856211,1,1.0,2648
6.629411004141468,6,1.0,2188
6.629481428714837,6,39.0,2149
6.629622511455891,6,59.0,2033
6.629663554722827,1,2.0,2649
6.629976566047783,1,3.0,2650
6.6307959833447185,6,7.0,1829
6.630822471429484,8,5.0,243
6.631450386826107,1,3.0,2651
6.631679045828975,7,50.0,1587
6.6317120020148,1,3.0,2652
6.632891291535829,1,12.0,2653
6.633323450365577,6,10.0,2535
6.633735353316829,1,6.0,2654
6.634351008520883,2,2.0,2655
6.634744379178555,1,6.0,2656
6.634906722360927,6,2.0,1204
6.634920259633484,8,6.0,444
6.636125889261993,1,2.0,2657
6.636189808388454,1,1.0,2658
6.636869427933822,1,11.0,2659
6.637093010370582,2,60.0,2660
6.637245549213139,6,54.0,1118
6.637414252226636,1,1.0,2661
6.638604758204782,7,43.0,1022
6.638674633392612,6,51.0,2647
6.638819808774048,6,15.0,1115
6.63910425564422,1,23.0,2662
6.639834474843762,6,17.0,2148
6.640851122524733,6,4.0,2404
6.641187372575501,6,2.0,2638
6.642127668710261,7,4.0,446
6.642198398359733,6,1.0,865
6.6427439356335425,6,10.0,2104
6.643413944209985,6,23.0,2289
6.643551714354811,7,2.0,334
6.643794221076938,8,5.0,784
6.644149810152651,6,9.0,2418
6.644750345737533,1,1.0,2663
6.645057065303184,6,1.0,1167
6.645462483632994,7,9.0,2025
6.646083513801456,6,7.0,1026
6.646671049953209,1,10.0,2664
6.647128846692354,6,49.0,1507
6.647602465332051,6,1.0,1577
6.647966272456427,6,2.0,2523
6.648249647636781,9,2.0,964
6.6483912736192075,1,1.0,2665
6.64937786552205,6,44.0,1977
6.650063554574793,9,7.0,468
6.650599952948452,6,47.0,2226
6.650727516805201,6,11.0,1221
6.650731869888657,1,9.0,2666
6.650859735824757,7,2.0,1378
6.65160869224989,1,7.0,2667
6.6517205089065365,1,6.0,2668
6.652526939358736,6,4.0,1563
6.653595947917257,1,1.0,2669
6.653615372326761,1,9.0,2670
6.654285459773911,1,5.0,2671
6.654447157210045,6,8.0,1555
6.655166641583652,1,41.0,2672
6.655172543646144,1,10.0,2673
6.655181906606559,1,3.0,2674
6.65521512359638,7,4.0,1122
6.655335883378342,6,5.0,1633
6.655507001616677,6,4.0,1674
6.655604126809888,6,3.0,1837
6.656598626412194,1,10.0,2675
6.657014454510119,1,3.0,2676
6.657163110602212,6,3.0,2314
6.6574340257727656,6,5.0,1516
6.657960517637159,1,6.0,2677
6.658336551450046,6,23.0,2295
6.658905893736715,7,9.0,263
6.658953134716037,1,20.0,2678
6.659260249447759,1,2.0,2679
6.6592916722446915,8,3.0,1700
6.659533020700218,1,19.0,2680
6.659862513742007,1,27.0,2681
6.659995046100191,6,3.0,2652
6.660013837424758,1,3.0,2682
6.660111766543849,7,54.0,716
6.661046853732667,8,5.0,1516
6.661334890757977,1,3.0,2683
6.662307178038926,1,1.0,2684
6.662620844188732,3,57.0,2685
6.6630430495649,6,2.0,2597
6.663115886440133,1,46.0,2686
6.663429958311024,6,1.0,1686
6.663485190994732,7,2.0,1218
6.663725102742957,1,3.0,2687
6.664187656671845,1,3.0,2688
6.664432039492691,1,4.0,2689
6.6647747137537525,9,38.0,101
6.664957081301745,1,6.0,2690
6.665372868380877,6,11.0,2133
6.665501817258908,1,15.0,2691
6.665798109764892,1,48.0,2692
6.66598559873645,7,16.0,1319
6.66624879182517,8,13.0,823
6.666513422049617,7,46.0,328
6.666683155289384,1,46.0,2693
6.666792071454793,6,3.0,2541
6.667320797197388,6,1.0,2007
6.667435704165891,1,51.0,2694
6.667587606391812,1,1.0,2695
6.667616825683336,9,45.0,651
6.668006263439225,6,11.0,749
6.668144312410828,1,13.0,2696
6.66838890092549,6,3.0,2165
6.6685239163943635,6,9.0,1655
6.668651934793836,1,2.0,2697
6.669023829017143,6,2.0,2649
6.669478590545884,1,9.0,2698
6.669815845354177,1,7.0,2699
6.670000204869827,1,33.0,2700
6.670565811185084,1,44.0,2701
6.670656772247384,6,46.0,1332
6.671359939441205,6,2.0,2147
6.671603061218492,6,2.0,2284
6.672331441764571,6,5.0,2375
6.672429497027285,1,1.0,2702
6.673043456523955,1,43.0,2703
6.673875411494695,1,1.0,2704
6.673881043510055,1,3.0,2705
6.674025170773497,9,1.0,329
6.6746587339794425,1,3.0,2706
6.674937497255397,7,8.0,1287
6.675165519477966,8,1.0,1464
6.675359218702747,1,13.0,2707
6.676079643678662,1,37.0,2708
6.6761596315825535,1,41.0,2709
6.676211118302309,1,8.0,2710
6.676740888746925,1,2.0,2711
6.6769037820567165,1,7.0,2712
6.677151464081612,6,42.0,2146
6.6772394724215935,6,2.0,1385
6.677326152031942,6,3.0,1734
6.67790732274989,1,48.0,2713
6.67822193372196,8,7.0,669
6.678307544179746,6,1.0,1717
6.678483571266893,9,8.0,1061
6.678502796946532,9,5.0,252
6.67853742934596,1,6.0,2714
6.6786593821927855,6,2.0,2001
6.679317437035236,6,2.0,1135
6.679748672223037,6,19.0,2680
6.680075131384599,1,1.0,2715
6.680879675627617,6,1.0,1839
6.681745418598562,1,4.0,2716
6.681817432822878,6,53.0,2463
6.681963513983333,1,1.0,2717
6.682624369483922,6,18.0,2205
6.682673320745912,1,7.0,2718
6.68282061460506,7,1.0,418
6.683047073555221,7,2.0,840
6.6842015286150085,6,3.0,1209
6.68465199235063,7,56.0,1211
6.68465199235063,16,56.0,1211
6.684670187781294,6,13.0,2125
6.684783203635749,1,54.0,2719
6.6848142293768085,6,19.0,2044
6.684843643112934,1,1.0,2720
6.685195518102421,6,56.0,2106
6.685786021569314,1,1.0,2721
6.686063291802174,1,9.0,2722
6.686110061068725,1,5.0,2723
6.686333724497438,1,2.0,2724
6.686416956711632,1,4.0,2725
6.6869792325776665,1,6.0,2726
6.687039895731325,6,40.0,2544
6.687163281798253,1,1.0,2727
6.687728450459269,1,16.0,2728
6.688539637741963,1,4.0,2729
6.688690049221614,6,8.0,2578
6.688713368611312,6,9.0,2722
6.688941786258114,6,9.0,1233
6.689141501681653,1,1.0,2730
6.689527596172988,1,7.0,2731
6.690057602891113,1,3.0,2732
6.690230936921343,1,6.0,2733
6.690729329686917,9,3.0,962
6.6907891806984585,8,13.0,792
6.690844084904933,1,3.0,2734
6.690991971756597,9,3.0,1313
6.691029339934924,1,5.0,2735
6.691078440623895,1,30.0,2736
6.691505541186316,6,8.0,2451
6.691959182082469,1,7.0,2737
6.6920488971305625,1,20.0,2738
6.692088044752978,1,49.0,2739
6.692333686488477,6,52.0,2381
6.692681374483017,1,50.0,2740
6.692780424780546,8,1.0,975
6.693085480497039,6,2.0,2416
6.693112864615378,6,23.0,1002
6.693137964357958,8,25.0,481
6.693148879089811,1,5.0,2741
6.693191775896919,1,1.0,2742
6.69319453613229,1,4.0,2743
6.693281450352828,7,1.0,1456
6.6934379115136435,6,24.0,581
6.693757183224207,7,34.0,219
6.694213004615304,7,56.0,1532
6.694276930726044,1,11.0,2744
6.694371501852687,6,7.0,2176
6.694753337461866,6,3.0,1902
6.694756670414237,1,6.0,2745
6.6953782860067745,8,3.0,1314
6.696136863824676,6,4.0,1784
6.696718485744638,6,59.0,2410
6.6970549297435715,7,49.0,1195
6.69706779231007,1,8.0,2746
6.6973924403972935,1,30.0,2747
6.697414520837953,1,9.0,2748
6.698169871503193,9,13.0,823
6.698482315541793,6,45.0,2040
6.6991014618623845,6,38.0,1958
6.699274068899707,1,3.0,2749
6.6998823354526245,1,1.0,2750
6.699952938391432,1,13.0,2751
6.700141073970876,6,3.0,2220
6.700315359945439,7,1.0,1625
6.700684702684373,1,4.0,2752
6.701303119570256,1,6.0,2753
6.701548639059078,1,23.0,2754
6.70191919945662,2,24.0,2755
6.70200181372366,6,3.0,1291
6.703892139794021,1,18.0,2756
6.70406285066772,6,2.0,1815
6.704066898975961,8,5.0,1358
6.704292797159236,1,3.0,2757
6.704943430530747,7,2.0,1077
6.705099979002343,1,5.0,2758
6.705289992962128,1,4.0,2759
6.705446238323985,6,8.0,2278
6.70560208544551,6,3.0,2174
6.707454418179124,6,25.0,983
6.708168310222248,8,10.0,893
6.708376213463835,2,4.0,2760
6.708575646533554,7,44.0,894
6.708855146249506,1,3.0,2761
6.708879406488644,6,20.0,2161
6.709293101858624,1,47.0,2762
6.709419765425994,7,46.0,847
6.70964988465863,8,3.0,629
6.709823841555339,7,55.0,387
6.709923022229219,1,52.0,2763
6.710249400992154,1,1.0,2764
6.710872994633871,6,9.0,1872
6.712616152745968,1,42.0,2765
6.712766969829635,6,24.0,944
6.712767926605986,1,34.0,2766
6.7136743441359,1,43.0,2767
6.713912675161555,1,5.0,2768
6.714021988495419,6,1.0,1849
6.714898745971125,8,13.0,1891
6.71526980432702,6,16.0,2333
6.7163168962299435,1,3.0,2769
6.716350455950132,1,6.0,2770
6.716353869286565,6,6.0,2593
6.716643536419779,7,4.0,108
6.716667207930263,6,7.0,1876
6.717110395372968,6,43.0,982
6.717295702208979,8,5.0,2063
6.717422624399034,1,10.0,2771
6.717640830978606,6,27.0,260
6.717740303711908,6,12.0,2321
6.718590218273976,6,2.0,2440
6.7187849896171015,1,3.0,2772
6.71882744187483,1,1.0,2773
6.719058080662322,1,2.0,2774
6.720198518572296,6,2.0,2572
6.7202855844984155,6,6.0,2656
6.720514989295421,1,42.0,2775
6.720723431001757,1,5.0,2776
6.720762331594622,7,5.0,182
6.721602061976463,6,1.0,2264
6.722200970875515,6,3.0,1997
6.722616039011302,1,2.0,2777
6.722956196566587,8,2.0,1135
6.72305935599284,6,7.0,485
6.724691297350695,6,15.0,2249
6.725914082563927,9,2.0,807
6.726411788826657,1,1.0,2778
6.726614670325263,6,35.0,2570
6.726847126921569,2,31.0,2779
6.726859944622503,2,3.0,2780
6.729012436722301,6,2.0,2378
6.729079094871056,1,53.0,2781
6.729112109658807,6,33.0,819
6.7293521835344965,1,3.0,2782
6.730021498253808,6,49.0,2086
6.730755623168311,1,8.0,2783
6.731125821234204,6,5.0,1830
6.731302039732637,1,6.0,2784
6.731717618563146,1,8.0,2785
6.732548044992952,1,4.0,2786
6.733308036341472,7,4.0,565
6.733308036341472,16,4.0,565
6.733357918360131,7,54.0,1257
6.733377451583814,9,2.0,1050
6.733888677547985,6,31.0,2779
6.733992754817777,1,4.0,2787
6.73442213562109,6,2.0,597
6.734886341531939,6,51.0,1842
6.735074202096445,6,5.0,1916
6.7351639247678525,1,19.0,2788
6.735407171650057,1,8.0,2789
6.735453619954857,6,5.0,2640
6.735652728846912,7,27.0,1219
6.735869029988703,7,8.0,978
6.736328024170045,2,2.0,2790
6.736423697919866,7,8.0,1008
6.7376452533789255,1,9.0,2791
6.73821534951296,7,8.0,1106
6.7382163883478166,1,5.0,2792
6.738302401902417,1,1.0,2793
6.738388385715666,6,3.0,1919
6.738732978008756,6,5.0,2606
6.7387440617859955,1,3.0,2794
6.739262508557061,6,2.0,1404
6.73931412745679,6,50.0,1051
6.740111976825813,7,29.0,723
6.740552353923997,1,3.0,2795
6.741565064853963,1,8.0,2796
6.741831011477641,7,2.0,1679
6.741903057533911,6,56.0,456
6.742421116931937,6,5.0,2208
6.742717875007498,6,9.0,2666
6.7431951100052565,8,5.0,2098
6.743775482346551,1,3.0,2797
6.743892127694286,2,21.0,2798
6.744409605851739,1,2.0,2799
6.744430703257224,1,2.0,2800
6.744437861566445,1,4.0,2801
6.74517708251905,1,8.0,2802
6.745315217479773,6,5.0,906
6.745343287085566,1,3.0,2803
6.746109919088751,1,17.0,2804
6.746351162115044,1,10.0,2805
6.747121953723989,6,6.0,2356
6.747693019343527,1,7.0,2806
6.7481412804971335,1,16.0,2807
6.7483672265521,6,9.0,2154
6.749196631019331,1,3.0,2808
6.749388739638237,6,6.0,2263
6.750557131085252,6,1.0,1308
6.750604554254428,1,44.0,2809
6.75141117984453,1,6.0,2810
6.752093548005046,6,41.0,876
6.752115693167801,1,15.0,2811
6.752253282496021,1,38.0,2812
6.752374227767543,1,4.0,2813
6.75313829255621,1,3.0,2814
6.753174464551696,9,4.0,914
6.753323268990909,6,15.0,1861
6.753781804362008,1,11.0,2815
6.753982119494321,6,6.0,2536
6.754863700758083,6,1.0,1780
6.7555222247697495,6,28.0,1983
6.755558886143962,6,5.0,2202
6.755851108487725,6,3.0,1191
6.756152794536734,1,1.0,2816
6.756569205726449,1,4.0,2817
6.756712194147079,1,24.0,2818
6.756844382832322,6,58.0,2485
6.757391759646086,6,1.0,1268
6.7577563989493035,8,45.0,2052
6.757793044565272,6,52.0,2542
6.757843058694704,1,1.0,2819
6.758895630635423,6,4.0,2817
6.759138528865383,6,4.0,1328
6.759160178642645,7,7.0,1712
6.7593702955708626,1,2.0,2820
6.759930684894268,6,34.0,2267
6.760144380889889,1,7.0,2821
6.760343250280357,1,14.0,2822
6.7603490250650395,1,41.0,2823
6.760584303869947,7,43.0,1098
6.760660173132232,7,40.0,1103
6.761659892260181,1,2.0,2824
6.761903998151411,1,49.0,2825
6.762160792121976,6,2.0,2533
6.762529910949727,1,1.0,2826
6.762841756210444,1,27.0,2827
6.763169192887887,1,9.0,2828
6.763330036458874,1,18.0,2829
6.763639963266144,7,9.0,977
6.764036439458084,1,23.0,2830
6.7643109854142525,6,1.0,2262
6.764531139036984,1,2.0,2831
6.764643537163297,1,8.0,2832
6.76508338157141,6,3.0,2087
6.765339148905965,1,48.0,2833
6.7655355606210295,1,2.0,2834
6.765678419742946,1,8.0,2835
6.765827359954951,1,24.0,2836
6.766017412943835,7,57.0,110
6.766261365897238,1,3.0,2837
6.766408987784905,1,20.0,2838
6.766442735846802,6,1.0,2715
6.766913497986271,6,2.0,2566
6.7678809039070815,1,1.0,2839
6.7679393759141115,6,7.0,1971
6.767983770151263,1,3.0,2840
6.769060911946165,1,4.0,2841
6.769529860173347,1,4.0,2842
6.770192757559978,2,1.0,2843
6.770576814136751,6,59.0,709
6.770927094451749,6,1.0,1802
6.771702023330427,1,13.0,2844
6.771870431170252,1,9.0,2845
6.7723189179329015,6,8.0,2796
6.773154267113454,1,47.0,2846
6.773413401162343,6,7.0,2223
6.773924633063574,1,53.0,2847
6.774211990489066,1,4.0,2848
6.775173156109839,6,20.0,2838
6.775638631756099,6,5.0,2306
6.775887368085049,1,21.0,2849
6.776222365278144,6,1.0,2231
6.776444773088348,1,9.0,2850
6.776474648474437,1,30.0,2851
6.776574443599651,7,39.0,486
6.776629832981559,6,10.0,2522
6.776639581874814,6,1.0,1933
6.776766623653634,6,46.0,1383
6.77701136464154,6,5.0,2279
6.777962379759797,7,5.0,1445
6.778438190432349,1,2.0,2852
6.778457883954941,7,2.0,1010
6.778516532419959,1,41.0,2853
6.778588439591406,1,7.0,2854
6.7786683917158586,6,2.0,1634
6.778845420216527,1,3.0,2855
6.779136222958298,7,53.0,801
6.779214078596856,1,9.0,2856
6.77952049054587,1,2.0,2857
6.779865315437393,6,6.0,2285
6.78019143873188,1,4.0,2858
6.780227973728794,8,8.0,316
6.780450496033189,6,9.0,1230
6.7806629163040775,6,46.0,379
6.7813078413467975,6,2.0,2430
6.781313817515798,1,29.0,2859
6.782191224168581,6,3.0,2795
6.7825247462370015,1,3.0,2860
6.7825436348878885,1,54.0,2861
6.782664877331995,1,6.0,2862
6.782845839070039,1,51.0,2863
6.783363951417928,7,10.0,976
6.783718906929977,6,7.0,538
6.784581991076733,1,25.0,2864
6.784637816558946,6,1.0,1397
6.785028633534924,1,1.0,2865
6.785372073819861,6,7.0,1492
6.785657371251006,1,12.0,2866
6.7860629893061315,6,4.0,2254
6.786609006974921,1,58.0,2867
6.786969611516892,6,2.0,2834
6.787008464042295,6,7.0,2346
6.787122448932672,1,14.0,2868
6.787832335051169,1,3.0,2869
6.7879123683653875,2,8.0,2870
6.7884167426408935,2,4.0,2871
6.788487077670226,1,56.0,2872
6.788747648300207,6,7.0,2018
6.788820348880838,1,8.0,2873
6.788987652168787,9,57.0,888
6.789074999743269,1,30.0,2874
6.789862337570116,6,8.0,2870
6.789896808764267,6,2.0,2477
6.790275794636284,6,4.0,2858
6.790584184831914,7,6.0,1525
6.790672746288442,6,22.0,2140
6.790974397696586,6,17.0,1716
6.791068500931785,6,17.0,2398
6.791072732213495,6,2.0,2548
6.791181647615518,1,33.0,2875
6.79153772572556,1,30.0,2876
6.7915510522208775,1,3.0,2877
6.791580820450996,1,1.0,2878
6.7915999256599555,6,5.0,2635
6.791638786242852,6,10.0,1789
6.791817937278616,1,3.0,2879
6.792580984382695,6,48.0,1053
6.792749718038093,7,15.0,1533
6.793206796263507,1,11.0,2880
6.793232207205924,1,6.0,2881
6.793311405217954,6,6.0,2862
6.79337565439068,1,29.0,2882
6.793561862748453,1,3.0,2883
6.793932833866441,7,4.0,1137
6.793935464836897,6,17.0,1905
6.794069536019308,1,36.0,2884
6.79452835975094,6,24.0,2256
6.794775950544852,6,5.0,2551
6.795928958227338,6,4.0,2243
6.796064845548589,1,3.0,2885
6.796182467264572,6,52.0,674
6.7962917049930285,6,2.0,2048
6.796306203599912,6,3.0,1208
6.796410185230672,1,2.0,2886
6.797115751456717,9,7.0,993
6.79714323839762,1,4.0,2887
6.797198309412931,1,3.0,2888
6.797367896765478,6,6.0,2215
6.797756169512412,6,6.0,2361
6.797815700658701,7,7.0,1691
6.798500087193789,1,1.0,2889
6.799783244233125,1,5.0,2890
6.800520217012951,1,1.0,2891
6.8009594900310795,1,3.0,2892
6.801076352129236,1,47.0,2893
6.801252479690126,6,4.0,2344
6.801595609478749,8,9.0,1747
6.801963038539596,7,9.0,627
6.802338874060296,1,3.0,2894
6.802350141614943,1,36.0,2895
6.80235962303352,6,2.0,760
6.802377853268767,1,1.0,2896
6.802412510139079,7,2.0,1351
6.802865075818723,9,4.0,653
6.802906720618318,1,12.0,2897
6.8031786776635546,1,3.0,2898
6.8041531859567135,7,2.0,1034
6.804245126588189,1,30.0,2899
6.804263504992641,6,28.0,1279
6.804351479218219,8,2.0,1329
6.804619506831787,1,15.0,2900
6.804734424248789,8,1.0,901
6.805007637870695,7,32.0,1236
6.805050681218466,7,31.0,878
6.805296471491171,6,2.0,2454
6.80544355559114,9,3.0,884
6.806051156667709,1,35.0,2901
6.8060874544312195,1,1.0,2902
6.806091881290593,6,2.0,1682
6.806515185514803,1,9.0,2903
6.806958902930354,6,8.0,2455
6.8071040981530215,9,2.0,460
6.807105458332638,1,2.0,2904
6.807765144159154,6,45.0,927
6.8078413038890195,6,12.0,2491
6.807870349512682,1,30.0,2905
6.807979981878005,6,36.0,2019
6.8080095306129,1,17.0,2906
6.808341107561149,1,8.0,2907
6.808497453422951,7,5.0,1391
6.808567228538317,7,5.0,1148
6.808591758680439,1,6.0,2908
6.808671289814371,1,2.0,2909
6.808990793564082,6,1.0,2839
6.809216803792216,7,46.0,537
6.809523902770018,6,1.0,2889
6.809657808335357,8,9.0,1346
6.809666858564836,6,1.0,208
6.8100707649130605,1,1.0,2910
6.810441146588822,1,60.0,2911
6.810638290870867,8,56.0,456
6.810690631955912,1,12.0,2912
6.810803810286831,7,5.0,695
6.81107482186486,1,5.0,2913
6.8113945828765114,6,4.0,2752
6.81196501931295,1,8.0,2914
6.812913962271513,1,4.0,2915
6.813155453712685,6,8.0,1888
6.813256388712673,1,4.0,2916
6.813888456691822,6,7.0,734
6.814845281984954,6,3.0,2135
6.814862935649202,6,9.0,2791
6.816084348677191,6,1.0,2618
6.816168867288841,1,15.0,2917
6.8164604769636385,7,53.0,1448
6.816664351954787,1,2.0,2918
6.817400771623568,6,5.0,2492
6.817409643993648,1,34.0,2919
6.8184967731678,1,11.0,2920
6.81857517861854,6,1.0,2704
6.818841916599291,1,2.0,2921
6.8193411208743555,1,36.0,2922
6.819795702502047,6,5.0,2465
6.819797417758312,6,11.0,1681
6.819830420832978,1,8.0,2923
6.820012492286075,9,44.0,396
6.820284305897623,1,5.0,2924
6.820885093623714,1,5.0,2925
6.821328064871649,1,3.0,2926
6.8214272287652875,7,9.0,276
6.821609358838184,1,13.0,2927
6.821793604589186,6,27.0,2827
6.822293679405131,1,1.0,2928
6.822490335161198,6,3.0,2565
6.822607625555182,1,1.0,2929
6.823296751224955,2,5.0,2930
6.823596537693942,6,41.0,2853
6.823791233049813,1,1.0,2931
6.823836035370047,7,9.0,2265
6.823932541503261,1,2.0,2932
6.824478228013218,1,47.0,2933
6.824825931889963,1,3.0,2934
6.824859914183294,1,4.0,2935
6.824895998738288,6,6.0,2714
6.825197933065194,6,43.0,1447
6.82543164735666,6,4.0,2509
6.825535525155911,8,25.0,2150
6.826502169168034,7,12.0,1119
6.826774084707484,1,6.0,2936
6.826779405407619,6,2.0,459
6.827537953375402,1,2.0,2937
6.827595654688651,8,1.0,863
6.82763570079923,1,1.0,2938
6.827798408639001,1,54.0,2939
6.827883283873555,1,4.0,2940
6.827906526132375,6,6.0,2614
6.828496480339867,1,1.0,2941
6.829771156380053,6,2.0,2152
6.829854024893339,7,6.0,833
6.8300426067223485,6,3.0,2120
6.830282204893956,6,45.0,832
6.830632705877817,1,55.0,2942
6.8306605069580115,7,5.0,652
6.83082959749275,9,34.0,1113
6.8310397301797865,6,2.0,2724
6.831252646049036,7,15.0,187
6.83188219870088,1,6.0,2943
6.8328578044637025,6,2.0,1927
6.833514511203095,1,14.0,2944
6.834075460270052,1,9.0,2945
6.834934099714996,6,5.0,2442
6.83507271664466,6,1.0,2266
6.835232062605259,7,15.0,277
6.8355003453847925,1,3.0,2946
6.835687033481491,9,59.0,1175
6.836304737548733,2,17.0,2947
6.8364249835093,1,2.0,2948
6.837122278146945,1,3.0,2949
6.837739418206357,6,1.0,2878
6.837826681557612,1,3.0,2950
6.838443004376942,6,13.0,1517
6.838507485924829,1,11.0,2951
6.838576192690227,6,8.0,2029
6.8386322115463365,6,2.0,2697
6.839070033362837,1,45.0,2952
6.839128802418593,1,4.0,2953
6.83927620743608,6,6.0,1021
6.839601939420925,1,35.0,2954
6.8396626033163805,1,4.0,2955
6.839752840933226,6,2.0,1586
6.840024188965798,8,56.0,1258
6.84022941632329,7,3.0,287
6.84028979326004,1,4.0,2956
6.840353429924308,1,4.0,2957
6.840397239581131,7,5.0,432
6.840412748224315,6,1.0,1729
6.840470176494603,1,6.0,2958
6.840708474380349,1,2.0,2959
6.8410800903986075,1,55.0,2960
6.841115471092094,1,36.0,2961
6.841386342798061,9,4.0,1229
6.8416979364754855,6,3.0,2780
6.841953441328935,1,7.0,2962
6.842207636149932,1,2.0,2963
6.842265201100866,6,57.0,457
6.842532638957024,1,4.0,2964
6.842738449896476,6,30.0,2736
6.842822262210012,1,6.0,2965
6.843348794664243,1,5.0,2966
6.843787102464905,7,3.0,593
6.843787552769371,8,36.0,1469
6.844118654635854,6,18.0,2364
6.844314463764462,1,5.0,2967
6.844323772491855,1,27.0,2968
6.844711414202575,1,17.0,2969
6.8450359596898105,6,8.0,931
6.845063211854477,6,44.0,1709
6.845183020119774,1,5.0,2970
6.845253983445784,1,3.0,2971
6.845432598686183,7,5.0,685
6.846026514029676,7,23.0,271
6.846133296278239,6,33.0,1154
6.847247933598195,1,4.0,2972
6.847415086099639,6,38.0,2072
6.847422567254112,7,11.0,1101
6.847422624793149,1,10.0,2973
6.847422973212808,1,3.0,2974
6.847670783840073,2,2.0,2975
6.848563432393596,1,1.0,2976
6.849145018335297,1,22.0,2977
6.849445598199062,6,2.0,1405
6.849456954306029,1,5.0,2978
6.849641342282236,1,1.0,2979
6.8509606988873175,6,7.0,2326
6.850978488810874,1,1.0,2980
6.851443465003673,1,2.0,2981
6.851492812121827,7,9.0,853
6.851637970552129,7,43.0,1234
6.851759509959595,1,3.0,2982
6.851865418556977,1,1.0,2983
6.85198389833127,1,2.0,2984
6.851996329042867,8,19.0,2680
6.853211439828431,1,2.0,2985
6.853246786011938,1,1.0,2986
6.853430440001879,1,36.0,2987
6.853558421802939,6,3.0,2688
6.854263386788402,1,2.0,2988
6.854503289419523,6,11.0,2181
6.854546916918948,6,7.0,2117
6.854801898262118,1,3.0,2989
6.855340913548328,6,47.0,2247
6.85561231142082,1,8.0,2990
6.855720594605288,7,46.0,963
6.856023380708413,1,4.0,2991
6.856433816193225,1,15.0,2992
6.85669754597334,6,27.0,2968
6.856790095823583,6,1.0,1602
6.856834175929958,6,4.0,2940
6.8569177428130414,6,3.0,2950
6.857002076151828,7,25.0,335
6.857248422209039,9,5.0,726
6.8576074584442654,6,16.0,1513
6.858102736174794,6,34.0,2587
6.859059246688514,1,37.0,2993
6.859117555019004,6,7.0,2507
6.859131433972173,1,5.0,2994
6.859147669792897,9,25.0,481
6.859303650335329,7,33.0,947
6.860073013044839,1,8.0,2995
6.860427132178594,6,9.0,2903
6.861288909692765,7,5.0,1366
6.861603008283754,6,8.0,1158
6.863224890561661,7,25.0,594
6.863310085257847,1,9.0,2996
6.863884165952539,1,1.0,2997
6.864626998531252,6,6.0,2089
6.8647242720183215,1,23.0,2998
6.865328580963523,6,1.0,2222
6.865560376935996,1,46.0,2999
6.865601773168864,7,42.0,860
6.865613277154117,1,21.0,3000
6.865676504801679,6,1.0,2695
6.8658920309490785,9,7.0,703
6.866048223662556,1,2.0,3001
6.866198007728532,1,3.0,3002
6.867058447916087,6,46.0,2467
6.86740105812329,6,32.0,2441
6.868142150946271,6,36.0,1851
6.86968177063489,6,6.0,2677
6.870832941236399,1,3.0,3003
6.871081202766055,6,1.0,2287
6.8712172603285335,6,6.0,2244
6.871718866892457,1,5.0,3004
6.871745820986217,1,25.0,3005
6.87189036216295,6,7.0,2626
6.872197948806346,6,5.0,2890
6.87256271341179,6,3.0,1672
6.872787042528853,1,6.0,3006
6.87284080033411,1,2.0,3007
6.872965851597448,6,3.0,2348
6.873036174284969,6,18.0,2756
6.873074873053984,6,1.0,1432
6.873237089524199,1,9.0,3008
6.873336918550711,6,4.0,2964
6.873537070027377,7,3.0,601
6.874172904427316,6,24.0,2836
6.875406977578948,1,6.0,3009
6.87616572218814,1,2.0,3010
6.876450964522421,6,9.0,2291
6.876487333677719,1,5.0,3011
6.876726943577843,10,55.0,2580
6.876905652522254,1,2.0,3012
6.877275584290613,6,3.0,791
6.877457586133306,1,2.0,3013
6.877651332024542,6,4.0,2100
6.877873839801875,1,7.0,3014
6.878288488661713,1,3.0,3015
6.878573089885048,1,16.0,3016
6.87895113525554,6,12.0,2420
6.879117269178435,7,36.0,1017
6.880610869801522,6,9.0,1105
6.881044594954767,1,1.0,3017
6.881351381651966,6,2.0,621
6.881436784919322,1,9.0,3018
6.882155949515547,1,1.0,3019
6.882827003379927,1,5.0,3020
6.88283238026785,6,4.0,2196
6.882964595546604,1,8.0,3021
6.883391577443093,1,3.0,3022
6.883634376426829,1,3.0,3023
6.884017871417819,6,1.0,1727
6.884380389104308,7,2.0,1131
6.884418180300849,7,51.0,229
6.884584929072281,1,2.0,3024
6.884757803859856,1,1.0,3025
6.88479350034266,7,46.0,501
6.885190449344407,6,6.0,2299
6.885871127106903,1,3.0,3026
6.885990766905203,6,1.0,2658
6.886124521095564,1,4.0,3027
6.886409505052377,6,6.0,2753
6.886708667358375,6,1.0,2529
6.886907342441657,1,6.0,3028
6.886956677517274,6,11.0,2920
6.887217098390809,1,6.0,3029
6.88725297345869,1,1.0,3030
6.887744271874817,6,1.0,2421
6.88793174022954,1,7.0,3031
6.888285501260622,6,15.0,747
6.888366661057918,1,11.0,3032
6.8884290813890345,6,56.0,1913
6.8886737325652,6,52.0,1945
6.889226420320503,6,57.0,2144
6.889554744986632,1,54.0,3033
6.889874125912073,1,18.0,3034
6.889889389936337,8,11.0,635
6.890049201691265,6,5.0,2184
6.8901200060215215,8,28.0,1983
6.890140830649131,6,2.0,2342
6.890165211337365,7,11.0,213
6.890835742822379,8,5.0,2640
6.891744368352187,1,1.0,3035
6.891883788571596,6,3.0,2757
6.892235705511719,1,28.0,3036
6.892263953164603,1,6.0,3037
6.892425835564472,1,10.0,3038
6.892865376676927,1,2.0,3039
6.893156774677034,1,2.0,3040
6.893710188002913,6,6.0,2668
6.893814245480044,1,2.0,3041
6.894220391840426,1,58.0,3042
6.894250539025592,1,3.0,3043
6.8945481868483105,1,15.0,3044
6.89500260212293,7,1.0,1116
6.895169085783879,6,4.0,2393
6.895527512377022,7,7.0,1029
6.895938489079435,1,14.0,3045
6.896374067280896,1,2.0,3046
6.896439849275388,6,2.0,2473
6.896628032339583,6,35.0,980
6.897154796369811,7,53.0,358
6.897208704062756,6,40.0,1664
6.897440515929427,1,19.0,3047
6.8976930151516935,1,33.0,3048
6.898053643993085,6,41.0,2709
6.898518447853118,6,2.0,2921
6.89872332680546,6,51.0,805
6.898901407778094,7,7.0,715
6.899915589291106,1,13.0,3049
6.899955906326539,6,17.0,2315
6.900462567831937,1,2.0,3050
6.900505902840091,7,5.0,756
6.900603683510587,7,1.0,1496
6.900896697700953,1,2.0,3051
6.90115345600361,6,4.0,2185
6.901945939418593,1,3.0,3052
6.902008913407549,6,3.0,3023
6.9029039044042415,8,11.0,1656
6.902911221002966,1,7.0,3053
6.90309826159345,6,1.0,1791
6.904195086504677,1,58.0,3054
6.904199149023564,1,6.0,3055
6.904288894387732,7,2.0,522
6.90441643325932,9,17.0,262
6.904431255223715,6,6.0,2027
6.904595956087663,1,3.0,3056
6.904813678760664,6,4.0,890
6.905576925266283,7,19.0,1042
6.905898839700876,1,34.0,3057
6.906390085556758,1,26.0,3058
6.90674605606114,7,8.0,677
6.906861720610534,1,56.0,3059
6.907348881721791,6,5.0,986
6.9075586779441505,1,9.0,3060
6.907954116036252,7,2.0,2002
6.90847834769831,6,7.0,2549
6.908487663977072,6,1.0,1711
6.908722232521287,1,6.0,3061
6.908733507402131,6,1.0,1995
6.908898242879122,6,3.0,2676
6.909162751718888,7,1.0,1189
6.909262888374143,1,23.0,3062
6.909474452427117,1,2.0,3063
6.909552859507119,1,6.0,3064
6.90998369073344,1,6.0,3065
6.910140212307535,6,7.0,2667
6.911057262517219,2,5.0,3066
6.911058945270459,1,2.0,3067
6.911088695628089,1,2.0,3068
6.911425781216828,6,3.0,1943
6.911663555332886,6,46.0,2693
6.912214860677599,6,49.0,1473
6.913895017778925,6,8.0,1646
6.914669725753537,1,42.0,3069
6.914749242213537,1,5.0,3070
6.914799926435566,1,1.0,3071
6.9151592914412685,7,55.0,421
6.915203769603199,1,11.0,3072
6.915662870418019,6,1.0,2616
6.916114164359412,1,2.0,3073
6.916425134242691,1,6.0,3074
6.917431095770166,7,53.0,1060
6.917543664141931,6,11.0,2815
6.917557921689074,1,4.0,3075
6.918230615823402,6,6.0,2965
6.918510114910802,9,57.0,242
6.9186421393103945,7,1.0,323
6.918723802666425,6,9.0,2856
6.919056488734979,1,1.0,3076
6.919107178071322,6,9.0,2828
6.919786222160262,6,24.0,2755
6.920494011612007,6,45.0,1601
6.920610487953012,7,3.0,461
6.921728108417064,1,5.0,3077
6.921860153964622,8,2.0,259
6.922901119427831,1,8.0,3078
6.922985026763384,2,60.0,3079
6.9232498380651,1,9.0,3080
6.923479926203383,1,4.0,3081
6.923665681297719,6,8.0,2371
6.923714085239996,1,59.0,3082
6.924249478336503,7,7.0,1430
6.924391549711331,6,53.0,2847
6.924419170711934,6,1.0,1216
6.924544982796853,1,1.0,3083
6.924851991068362,1,8.0,3084
6.924982766221925,6,19.0,3047
6.92585150718856,1,51.0,3085
6.925877595628861,1,2.0,3086
6.9260040310778015,1,5.0,3087
6.926048265204638,6,1.0,2816
6.926053942642603,6,16.0,2807
6.926319299822723,1,2.0,3088
6.926678012224325,6,5.0,2399
6.927103922202222,1,56.0,3089
6.927356330967412,6,4.0,2010
6.927541201338755,1,1.0,3090
6.927722455479614,7,28.0,1109
6.927733884967775,7,3.0,239
6.927955242138413,6,3.0,1903
6.92836710999764,6,5.0,2369
6.928960998941454,1,1.0,3091
6.929141770443409,6,2.0,2932
6.929173814249479,1,25.0,3092
6.929920071703806,7,4.0,1503
6.93011947047368,1,4.0,3093
6.930364649975899,6,21.0,2849
6.930822879360416,1,13.0,3094
6.931318017177235,1,3.0,3095
6.931477785944631,1,7.0,3096
6.931576968515419,1,15.0,3097
6.9316728029499055,6,2.0,2657
6.9318429706292015,6,4.0,2759
6.932618747292681,1,51.0,3098
6.932747938721723,1,3.0,3099
6.933299759652088,1,4.0,3100
6.9335360912924555,1,14.0,3101
6.933628381874209,1,27.0,3102
6.934723468721691,1,41.0,3103
6.934806571060316,1,5.0,3104
6.934903432955874,1,1.0,3105
6.9354232196007635,1,3.0,3106
6.935501503625894,1,5.0,3107
6.9357289226139835,6,30.0,2590
6.935954453172748,1,20.0,3108
6.936140681967617,1,2.0,3109
6.936556630186767,1,2.0,3110
6.936954142324589,1,2.0,3111
6.9371486045945865,6,4.0,1482
6.937229136498426,6,1.0,2558
6.9377295748125976,6,3.0,2511
6.938356438913106,6,6.0,2958
6.938836093654309,1,58.0,3112
6.939206858095978,1,30.0,3113
6.939445092440872,6,4.0,2359
6.939737486799609,1,1.0,3114
6.939749899457442,6,4.0,2627
6.939931642494282,1,53.0,3115
6.940147361548883,6,3.0,2079
6.940237246746701,6,38.0,2210
6.940703837392883,7,51.0,509
6.940815461617031,6,1.0,1059
6.941180347907658,1,1.0,3116
6.941398450956847,1,12.0,3117
6.942391938345769,1,28.0,3118
6.942410912125835,1,5.0,3119
6.942783485902166,6,7.0,2183
6.942791692193641,6,30.0,3113
6.943212470225925,8,56.0,4
6.94387313642205,1,21.0,3120
6.944331856608612,6,7.0,683
6.9443646237631045,6,7.0,2505
6.9443691640978376,1,46.0,3121
6.944510578729819,6,1.0,2931
6.944534358086017,8,10.0,1349
6.94461754577841,6,2.0,1521
6.944788878756501,6,20.0,2678
6.94481067528121,7,57.0,253
6.944880650142651,1,18.0,3122
6.944920777583744,1,9.0,3123
6.945548393657884,1,2.0,3124
6.945571245102688,6,5.0,3107
6.94560237340978,6,2.0,3040
6.945641227143895,2,5.0,3125
6.945656102616332,6,3.0,2370
6.94568638099211,6,3.0,2877
6.945759667766056,2,5.0,3126
6.945858238367811,6,2.0,3046
6.946034467548869,2,43.0,3127
6.94751644447828,6,2.0,1706
6.947784501086018,7,39.0,849
6.94818727607931,6,1.0,2483
6.948355763962322,1,43.0,3128
6.948365874297132,1,7.0,3129
6.948404983297498,1,3.0,3130
6.94855876201915,1,16.0,3131
6.948688521966079,6,49.0,2825
6.94871330796438,6,56.0,2591
6.948871181182196,6,13.0,1321
6.949976343466205,6,30.0,2876
6.949994462070003,1,9.0,3132
6.950344506559159,6,48.0,2713
6.950385777510142,7,12.0,1333
6.950720810229152,6,40.0,1796
6.950886702189463,1,2.0,3133
6.9510629580445356,1,2.0,3134
6.9513307534110185,1,2.0,3135
6.951825751648027,1,9.0,3136
6.952468764573305,1,2.0,3137
6.952539001262059,1,4.0,3138
6.952705717958257,1,4.0,3139
6.95270973606925,6,5.0,2930
6.953463263075107,6,12.0,2555
6.953946249582218,6,1.0,2727
6.9540835153594625,6,2.0,2258
6.954847809643072,6,4.0,2801
6.954939863964437,9,5.0,943
6.954992486122798,1,6.0,3140
6.955205591198514,7,2.0,659
6.955293472381061,7,4.0,953
6.955653589460924,1,3.0,3141
6.955954594283276,6,3.0,2155
6.956067795863152,7,1.0,469
6.956746420869279,6,58.0,3054
6.956820464460405,6,31.0,2464
6.957237123833449,1,9.0,3142
6.957541771789305,6,1.0,1721
6.958003966034868,1,4.0,3143
6.958006604983985,1,18.0,3144
6.958389726447634,1,13.0,3145
6.958769941102026,1,3.0,3146
6.959222391775189,1,2.0,3147
6.959343548547856,9,6.0,960
6.959475200080636,1,40.0,3148
6.960896663507272,6,2.0,1203
6.961159922176835,1,4.0,3149
6.961342574046078,7,7.0,1417
6.961366898659336,1,7.0,3150
6.9614485956757814,8,1.0,1032
6.961817138658063,6,35.0,2954
6.961941361393375,6,2.0,2008
6.962012111126878,6,55.0,1814
6.962065601756414,1,23.0,3151
6.962167803130828,1,5.0,3152
6.962723942620942,6,10.0,2675
6.962758561047518,7,54.0,1153
6.962922662368105,1,5.0,3153
6.9632004694426195,1,6.0,3154
6.96358125769613,9,47.0,1873
6.965853979223648,1,21.0,3155
6.966442906386002,6,4.0,2956
6.966553149320598,8,3.0,907
6.967141031676701,6,2.0,1335
6.967299091789231,7,55.0,584
6.967844648950636,1,34.0,3156
6.96800704089787,1,6.0,3157
6.968159612740619,7,12.0,1224
6.968525794514195,1,3.0,3158
6.9687548332857165,7,57.0,872
6.968773820853049,7,11.0,1356
6.969661044233433,1,4.0,3159
6.970164103655631,1,1.0,3160
6.970872291312245,9,38.0,311
6.971040654838627,6,5.0,2768
6.971116781354094,1,5.0,3161
6.971483199112368,1,9.0,3162
6.971660510812267,6,7.0,774
6.971751002142284,1,5.0,3163
6.972060363454755,6,10.0,1776
6.972363844656889,6,2.0,1909
6.97277039322224,1,1.0,3164
6.97297123315684,1,1.0,3165
6.973529089102796,7,46.0,738
6.973600568194663,1,1.0,3166
6.973889790594135,6,2.0,3133
6.974135444835083,6,6.0,3029
6.9747140727424215,1,40.0,3167
6.974714186574587,1,31.0,3168
6.974884635600801,6,1.0,1066
6.975388981405166,6,2.0,1547
6.975647841684778,6,42.0,2583
6.97585278877366,6,3.0,2085
6.97594934645393,1,5.0,3169
6.976073097354261,1,1.0,3170
6.9772042840777555,1,3.0,3171
6.977313738753959,6,56.0,2260
6.977420493642684,8,14.0,959
6.977523435157796,1,5.0,3172
6.977730526118113,1,49.0,3173
6.978715069884363,1,5.0,3174
6.978854674677217,8,45.0,832
6.97887089615333,6,52.0,1690
6.979383207255095,6,18.0,1662
6.979745825028351,7,4.0,1031
6.979977816420638,6,52.0,2763
6.980002564393205,8,3.0,900
6.980687082028755,1,3.0,3175
6.98074708817576,6,32.0,956
6.980828358743535,7,39.0,758
6.980935019333859,1,30.0,3176
6.981182916142525,1,5.0,3177
6.981390879284269,1,17.0,3178
6.981396756720341,6,1.0,1735
6.981998721636234,9,18.0,658
6.984142683865299,6,11.0,2744
6.984278137875551,6,14.0,1946
6.984457635203039,7,55.0,543
6.9847819493852334,6,36.0,780
6.984873227475957,6,3.0,2389
6.984998865654935,6,23.0,3062
6.985272625708645,6,3.0,2934
6.985318967006887,7,7.0,306
6.985514771983072,9,2.0,137
6.985741252354166,8,49.0,1509
6.986342489005679,6,5.0,2496
6.986431060739676,7,40.0,1184
6.986437172706163,6,48.0,2692
6.9867261094723885,1,6.0,3179
6.986934944409485,1,23.0,3180
6.987684290373563,6,60.0,3079
6.98830580561893,6,48.0,2833
6.988371387474379,6,4.0,2388
6.988620412948996,6,47.0,2268
6.98893725027491,1,18.0,3181
6.988993908934314,6,38.0,2427
6.989800811295789,1,1.0,3182
6.989838345746633,1,40.0,3183
6.990679242655377,6,22.0,2977
6.990833785828459,7,6.0,815
6.991083852173893,1,17.0,3184
6.991716188419866,1,4.0,3185
6.992129203552365,1,8.0,3186
6.992767130240887,1,47.0,3187
6.993056532433563,7,48.0,675
6.993165656825299,1,32.0,3188
6.993387731920754,1,5.0,3189
6.993512317138444,8,1.0,2113
6.99370380655744,6,46.0,2336
6.99436622737484,1,50.0,3190
6.994455401790679,1,2.0,3191
6.9945688373588215,6,4.0,2916
6.994794662625083,1,1.0,3192
6.99504846850365,6,5.0,1952
6.995148664465646,6,54.0,2625
6.995277492059842,6,5.0,3066
6.99552035019478,6,18.0,3181
6.9956251953605095,6,2.0,2918
6.995817885773684,6,14.0,3045
6.9958684573142245,6,59.0,1660
6.996204016070219,1,5.0,3193
6.996227314372834,1,3.0,3194
6.996319773949994,7,3.0,516
6.997366187213433,1,1.0,3195
6.997399974637308,8,5.0,2031
6.997836281930107,6,3.0,3099
6.998722793480583,8,3.0,1121
6.998773150210795,6,52.0,1624
6.998932780184496,6,6.0,2246
6.9989873118266885,1,1.0,3196
6.999521983929952,1,3.0,3197
7.000035228178344,1,5.0,3198
7.000139233195251,1,3.0,3199
7.00088605433937,1,3.0,3200
7.000918828462693,1,10.0,3201
7.00169503119323,1,7.0,3202
7.001941323337636,6,54.0,2360
7.002081235192958,1,12.0,3203
7.002724907465435,1,43.0,3204
7.003414471250088,1,5.0,3205
7.003533576444244,8,5.0,748
7.003577822611359,18,,0
7.003582609310659,101,5.0,3206
7.003670988363391,1,7.0,3207
7.003682034169625,7,59.0,545
7.003760626431493,6,2.0,1707
7.005024423830988,18,,0
7.005098921402683,101,1.0,3208
7.005557169247179,6,3.0,824
7.006081287912692,1,42.0,3209
7.006399335837682,1,2.0,3210
7.00674587378212,1,5.0,3211
7.006780254357761,1,12.0,3212
7.006913114906179,6,3.0,2946
7.007410896687514,6,50.0,3190
7.007429630872087,6,18.0,313
7.007454453751266,18,,0
7.007456402923747,101,5.0,3213
7.007916435115928,6,1.0,3182
7.007985746331062,8,35.0,946
7.008047732713042,1,2.0,3214
7.008514921615956,1,7.0,3215
7.008679174435935,18,,0
7.008724453190883,101,57.0,3216
7.008886374785677,6,2.0,3214
7.009029436313033,7,6.0,1612
7.00935225258671,1,6.0,3217
7.009591628993116,1,42.0,3218
7.009714469020354,1,5.0,3219
7.009788705139746,1,4.0,3220
7.010018221540428,1,1.0,3221
7.010229944393154,6,2.0,2083
7.01061638751863,1,14.0,3222
7.011022295566484,6,2.0,1703
7.01104693334744,1,4.0,3223
7.011261853046092,1,20.0,3224
7.0118160456710665,1,1.0,3225
7.0119882684168315,6,7.0,2540
7.012344725477343,9,1.0,975
7.012350932932028,18,,0
7.012413003467409,102,5.0,3226
7.013245717160808,6,3.0,2794
7.013417695486598,6,2.0,2062
7.013832510632758,6,1.0,2826
7.013946597167881,1,1.0,3227
7.014526403999126,18,,0
7.014610872473643,101,17.0,3228
7.014647690049602,1,59.0,3229
7.0147341246531685,8,2.0,2192
7.015074358301134,6,2.0,2390
7.015112361317081,6,40.0,1320
7.015153973088645,1,10.0,3230
7.0152244534933335,1,6.0,3231
7.015412258750554,1,3.0,3232
7.015449553652095,6,56.0,2070
7.015522627841937,6,4.0,1684
7.016142301485791,18,,0
7.0161938749101544,101,2.0,3233
7.01620955105454,18,,0
7.016234110689536,101,1.0,3234
7.016256503067199,1,24.0,3235
7.016665362507676,1,29.0,3236
7.017026050482787,1,16.0,3237
7.017074014661803,6,3.0,2414
7.017189139356242,7,33.0,482
7.017198753573288,6,16.0,3131
7.017883166913617,1,52.0,3238
7.01791418224396,1,7.0,3239
7.0180427137921315,1,5.0,3240
7.018152927414443,1,3.0,3241
7.018534210752465,18,,0
7.018581224042299,101,22.0,3242
7.0186486706404665,2,5.0,3243
7.018980117894978,7,7.0,928
7.019525990463393,6,5.0,2575
7.020081792483537,1,3.0,3244
7.0201581023860475,6,3.0,3197
7.02020320611646,7,19.0,1498
7.020591436870942,6,1.0,2501
7.020706762255003,6,3.0,1598
7.020740638570045,7,8.0,1948
7.02079516619263,6,16.0,1259
7.020873526777776,1,25.0,3245
7.021161577199821,1,6.0,3246
7.02144066265984,7,12.0,2447
7.021660948881359,1,1.0,3247
7.021920559387596,1,1.0,3248
7.022571951148619,1,17.0,3249
7.022665886744893,1,49.0,3250
7.022807426936957,6,11.0,1745
7.023708315618923,7,19.0,1854
7.023942116493696,1,1.0,3251
7.024183719727982,6,49.0,2528
7.024198127841728,18,,0
7.024202563942392,103,32.0,3252
7.024231349838865,8,39.0,1581
7.024478043161459,6,9.0,2945
7.025185244669309,7,45.0,474
7.025632625775154,6,5.0,2592
7.026661084767475,1,9.0,3253
7.026722344046923,8,3.0,1463
7.027030321159854,1,5.0,3254
7.027593255011852,6,60.0,1079
7.0278152887556065,6,2.0,2230
7.028087096295914,1,4.0,3255
7.028254460400996,6,35.0,2901
7.028430391511883,9,39.0,1581
7.028928627964653,1,40.0,3256
7.029197432540218,6,42.0,2495
7.02920606534435,1,10.0,3257
7.029340345667996,7,31.0,972
7.030588969595305,1,3.0,3258
7.030605485615695,18,,0
7.030633171319842,101,1.0,3259
7.031338904453069,1,60.0,3260
7.031728692657166,8,49.0,1592
7.031938633038517,1,9.0,3261
7.032095118665087,1,4.0,3262
7.032360472648537,8,6.0,2263
7.032637914796147,1,3.0,3263
7.03267905578632,6,1.0,1978
7.033273756807449,6,4.0,2813
7.03338779605994,1,8.0,3264
7.033953546422636,6,21.0,3000
7.034074028238272,1,28.0,3265
7.034186260966015,8,2.0,2060
7.034211401457412,7,38.0,439
7.034211401457412,16,38.0,439
7.0348114971920594,6,5.0,2056
7.034870302819258,7,51.0,873
7.03489833703776,1,6.0,3266
7.035004694968383,6,1.0,2986
7.035107413993336,18,,0
7.035224361060956,101,51.0,3267
7.035464321997701,1,1.0,3268
7.036147599528048,6,2.0,3068
7.0364313055398835,1,3.0,3269
7.036589219223286,7,55.0,1117
7.036597687839681,1,5.0,3270
7.036602723234885,8,37.0,1582
7.036718328568346,1,8.0,3271
7.037373030645814,6,60.0,2660
7.037624060787221,6,5.0,2604
7.037635684937782,1,4.0,3272
7.037818875784627,1,3.0,3273
7.037897141164651,1,10.0,3274
7.037909003440754,8,1.0,2262
7.0380489905028245,18,,0
7.038137071729682,6,2.0,2831
7.038168206207584,101,2.0,3275
7.038192421558715,1,1.0,3276
7.038773368896075,1,3.0,3277
7.03949342206568,6,5.0,1078
7.03959009894994,1,3.0,3278
7.040051698535741,6,21.0,2798
7.041114594367596,7,34.0,1434
7.041888032853098,18,,0
7.041907690701238,101,15.0,3279
7.042041817754791,18,,0
7.0420648543231374,101,1.0,3280
7.042703666860655,1,36.0,3281
7.043851101104885,1,5.0,3282
7.044007124959742,1,3.0,3283
7.044130431184099,6,5.0,1652
7.04423711351045,7,1.0,1072
7.0444281914009705,18,,0
7.044586360558377,101,2.0,3284
7.044640395187993,8,2.0,2284
7.044835821886997,6,5.0,2269
7.045206859327548,1,3.0,3285
7.045345274967574,6,40.0,3167
7.045771278911758,6,30.0,3176
7.045855475150451,6,5.0,3104
7.045967370432084,18,,0
7.046145616712133,18,,0
7.046217053852011,101,3.0,3286
7.046330020388752,101,57.0,3287
7.046469552423732,1,2.0,3288
7.047344124005713,18,,0
7.04736483475363,101,42.0,3289
7.048644254553501,7,3.0,1163
7.048940272724491,1,10.0,3290
7.049114802729038,1,19.0,3291
7.049214527378375,1,1.0,3292
7.049727705026845,18,,0
7.0498096619287045,101,25.0,3293
7.0510111457112075,1,2.0,3294
7.051023296821748,1,4.0,3295
7.051530641783782,1,2.0,3296
7.051931983663226,7,5.0,1892
7.052160891093598,1,1.0,3297
7.052471539559965,7,39.0,786
7.053170371332329,1,4.0,3298
7.053607022231853,7,1.0,71
7.053757295909987,6,1.0,2327
7.054651087499481,7,30.0,514
7.054762236699294,1,4.0,3299
7.054768293063,7,46.0,532
7.054844716265769,1,6.0,3300
7.054969869920447,1,1.0,3301
7.055024651500739,6,2.0,950
7.055618517836842,6,30.0,2043
7.055777546653181,6,1.0,1305
7.055833097990584,1,1.0,3302
7.0562718669309055,8,3.0,1282
7.057213083881395,1,14.0,3303
7.057536404328319,1,3.0,3304
7.057596156295427,1,1.0,3305
7.05820432168348,1,2.0,3306
7.05848354133417,6,6.0,2521
7.058730355128729,1,5.0,3307
7.0587439684642455,1,52.0,3308
7.059004144387242,1,6.0,3309
7.059555163866211,1,3.0,3310
7.059957713811161,6,2.0,2312
7.061503049544495,9,56.0,4
7.061855968530223,1,4.0,3311
7.062459114182852,7,8.0,2112
7.062554162313965,6,30.0,2905
7.062603929105283,1,47.0,3312
7.062825316054479,7,18.0,754
7.0631982658346555,6,17.0,2906
7.063266732826822,1,32.0,3313
7.063301963684998,6,2.0,2948
7.0634662388121425,7,1.0,1552
7.063815684224879,6,10.0,2973
7.063988154910513,8,36.0,293
7.064036244289494,7,5.0,1041
7.064331091314333,1,1.0,3314
7.064646667267335,1,24.0,3315
7.0646938142122195,1,2.0,3316
7.064760588315523,1,9.0,3317
7.064816413475268,1,45.0,3318
7.064910143831939,1,5.0,3319
7.065014094083692,6,16.0,2643
7.065164527748957,1,5.0,3320
7.065347072670629,1,16.0,3321
7.065975313906767,6,7.0,2731
7.0660195504808865,6,7.0,2737
7.066189083140784,7,49.0,1825
7.066518965639476,1,2.0,3322
7.066817333033171,6,19.0,1100
7.0680750472523695,6,2.0,1468
7.068151256638452,1,2.0,3323
7.068251498782788,6,1.0,2516
7.068889411243414,1,1.0,3324
7.069422486711364,6,5.0,411
7.069736132343405,8,6.0,382
7.070146632906201,6,32.0,3313
7.071109300048225,6,1.0,2129
7.0711294389961745,1,1.0,3325
7.071371646181569,1,4.0,3326
7.0715619026960255,6,3.0,2368
7.071577872479112,1,10.0,3327
7.0721937836821995,1,1.0,3328
7.072495803007059,1,1.0,3329
7.072526241427306,6,1.0,1955
7.07254577191188,6,3.0,2761
7.0727261247322515,6,1.0,2976
7.072748718610233,1,3.0,3330
7.0728674953959745,1,4.0,3331
7.0729561157439464,1,1.0,3332
7.073238894090466,6,25.0,1182
7.07328968632064,1,9.0,3333
7.0735195926467735,8,7.0,2212
7.073552697962786,7,1.0,1342
7.073555559738851,1,58.0,3334
7.074458423937856,1,1.0,3335
7.075096339398811,1,11.0,3336
7.0753941883001215,6,1.0,1340
7.075645591219363,6,53.0,1386
7.0767956714901326,1,3.0,3337
7.077414664138598,1,18.0,3338
7.077455864184033,8,1.0,1907
7.07813648924554,6,9.0,1939
7.078762534136968,7,1.0,1520
7.078879400033358,1,2.0,3339
7.0792986023532904,1,1.0,3340
7.07983510959951,1,12.0,3341
7.079975059062639,7,60.0,603
7.080477073309706,6,34.0,3057
7.080742302302354,1,8.0,3342
7.081024300336463,9,11.0,442
7.081419245701923,6,6.0,1858
7.081442657356251,1,14.0,3343
7.081836980187104,6,6.0,3231
7.082024201437629,6,1.0,2742
7.082283353971162,6,8.0,2469
7.083357266008498,6,59.0,2449
7.083373675108661,6,2.0,2857
7.083627346887565,9,5.0,917
7.083720236249384,1,1.0,3344
7.08390816196248,1,60.0,3345
7.084297041044239,7,1.0,572
7.084297041044239,16,1.0,572
7.0843874640285645,6,1.0,3196
7.084387474086284,1,11.0,3346
7.085110135621211,1,49.0,3347
7.085142534600466,6,36.0,3281
7.085241036322029,1,3.0,3348
7.0852451554898765,1,2.0,3349
7.085511563725211,6,36.0,2922
7.086063172288172,1,2.0,3350
7.086334309371539,1,2.0,3351
7.087124392852877,9,4.0,1092
7.087211520815559,7,58.0,828
7.08721200656311,1,2.0,3352
7.087889574934764,1,22.0,3353
7.088087942524612,6,33.0,2402
7.088187705956586,1,6.0,3354
7.088976339399901,6,1.0,2750
7.089087365418075,1,38.0,3355
7.08942224405422,1,5.0,3356
7.089928140739649,7,2.0,2190
7.0902095193004895,1,2.0,3357
7.09043713842251,7,48.0,1039
7.090555871751463,6,4.0,2887
7.091013724228881,1,5.0,3358
7.091351494790462,1,6.0,3359
7.091464936067572,6,47.0,2397
7.091512141218093,1,3.0,3360
7.091600663064467,1,19.0,3361
7.091906332603283,7,3.0,843
7.091952042946978,1,24.0,3362
7.092460692290933,1,25.0,3363
7.092539086338567,1,1.0,3364
7.0927222962544505,1,7.0,3365
7.09302550749715,6,3.0,2354
7.094121379804113,8,4.0,1578
7.094813767443128,1,1.0,3366
7.0949681477333275,1,47.0,3367
7.09500059181039,6,2.0,1914
7.095178883365554,6,3.0,3277
7.095238713385616,7,35.0,1127
7.0954620574927985,7,57.0,769
7.095464964698641,8,5.0,889
7.095600818694911,6,58.0,2412
7.095694878795451,7,10.0,1564
7.09574127687081,6,9.0,2107
7.096529771327894,6,2.0,3357
7.096666774057696,1,2.0,3368
7.0967041144068785,1,21.0,3369
7.097023392413665,6,25.0,3363
7.097208654230954,6,8.0,2835
7.097276358254366,1,2.0,3370
7.097629113348201,1,4.0,3371
7.097670211428014,6,3.0,2879
7.09778065599008,7,10.0,301
7.098109659326322,6,6.0,2409
7.098260586420607,6,7.0,2304
7.098901028488827,1,20.0,3372
7.0989042216183025,1,41.0,3373
7.098990587499762,6,1.0,785
7.099192742694696,1,6.0,3374
7.099339676356684,6,48.0,2209
7.099743502771018,1,6.0,3375
7.1005544044898254,6,6.0,2733
7.100758744476081,1,5.0,3376
7.101177616325608,1,5.0,3377
7.101732542984423,1,3.0,3378
7.101739680362111,8,31.0,2464
7.101762501191461,6,10.0,3274
7.101917148524697,6,5.0,1248
7.101981770498547,6,58.0,3112
7.102007249138622,8,22.0,3242
7.1021690305489455,6,2.0,2711
7.102364131530241,1,3.0,3379
7.102530341506871,6,2.0,2774
7.102645878087993,1,1.0,3380
7.102950936600581,6,3.0,2894
7.102963271162323,7,20.0,1222
7.103105447513339,1,1.0,3381
7.104008369155271,1,2.0,3382
7.104680616482564,1,34.0,3383
7.1048546680843705,1,39.0,3384
7.104978974887098,1,5.0,3385
7.105234488947548,7,6.0,1893
7.10610943266435,6,18.0,3122
7.106542477344647,1,2.0,3386
7.107266822138612,1,22.0,3387
7.107302806042384,6,34.0,2394
7.107636309421494,6,41.0,1403
7.107750441641173,6,19.0,2241
7.10826131284852,6,6.0,2936
7.108313290467607,1,2.0,3388
7.1083300675123935,1,2.0,3389
7.1093619961225,1,1.0,3390
7.109715318894233,1,8.0,3391
7.109737612026001,6,2.0,617
7.10982957345115,6,2.0,2017
7.1102772782850225,8,5.0,2930
7.1108866618832005,1,26.0,3392
7.110932245807778,6,24.0,3235
7.1113155675718565,6,3.0,3273
7.1118141289842365,1,13.0,3393
7.111940886093269,6,8.0,3186
7.112087512754433,9,32.0,687
7.112395248262935,6,18.0,2829
7.112712638982868,1,3.0,3394
7.1128170533463555,1,38.0,3395
7.113317120317823,1,1.0,3396
7.1133394908256475,1,4.0,3397
7.113549237298433,6,7.0,926
7.113717528990025,1,3.0,3398
7.113781813250606,1,15.0,3399
7.114094225556032,6,11.0,1099
7.114185520122368,1,57.0,3400
7.11538871091994,1,11.0,3401
7.11555192356432,6,7.0,1667
7.116552345197145,1,2.0,3402
7.116802093142461,16,30.0,913
7.116854551349395,7,49.0,1550
7.117326379542184,1,23.0,3403
7.117622915309227,1,27.0,3404
7.117681981210736,6,4.0,1645
7.118214592496633,1,1.0,3405
7.11822558555898,7,7.0,689
7.118277318612159,6,2.0,2532
7.1183520800865,8,42.0,2146
7.118467246769302,7,4.0,910
7.11883910055283,1,2.0,3406
7.1188917521440365,7,1.0,848
7.119716301990088,7,1.0,1497
7.119863903988394,6,7.0,607
7.120020199748329,6,49.0,1730
7.12011675881364,6,21.0,3369
7.120988950525401,6,2.0,2446
7.121023357670129,7,13.0,1878
7.121224011383714,8,5.0,3213
7.121417022186312,1,3.0,3407
7.121503352380115,8,2.0,2724
7.1216011082818715,6,4.0,1436
7.121673753374016,1,2.0,3408
7.122180416167524,1,1.0,3409
7.123173320315318,1,1.0,3410
7.1232359915699925,7,10.0,2163
7.123462769314841,1,1.0,3411
7.123516566319029,2,5.0,3412
7.123614529911783,1,2.0,3413
7.123654082592305,8,4.0,1874
7.124468600033972,1,9.0,3414
7.12476676582201,7,37.0,1534
7.125210432124187,8,10.0,2535
7.125224088035807,1,5.0,3415
7.125320838571724,6,8.0,3084
7.125583551329377,3,55.0,3416
7.125626546367299,6,6.0,2403
7.125911114207402,1,1.0,3417
7.126227546173347,1,7.0,3418
7.126429793859539,1,26.0,3419
7.126430011334105,1,60.0,3420
7.12650877859028,9,3.0,94
7.126509937638588,6,41.0,1949
7.126566869849859,7,45.0,721
7.126772244918228,6,6.0,2654
7.126938094027748,7,1.0,1735
7.127121461708916,6,26.0,3058
7.127329959092301,1,11.0,3421
7.128092145711526,1,6.0,3422
7.1283598724673345,1,3.0,3423
7.129206127125568,6,3.0,3106
7.129375143041749,1,12.0,3424
7.130136309677709,6,2.0,3063
7.130287286525107,1,6.0,3425
7.130338368563234,1,1.0,3426
7.131043913366671,6,51.0,1666
7.131354208273352,1,8.0,3427
7.131817105546028,6,55.0,2942
7.131819000748244,1,1.0,3428
7.131996628558563,7,2.0,2038
7.132072313810635,8,48.0,2209
7.132238208456999,1,21.0,3429
7.1324734238781815,9,2.0,727
7.1329245464073265,1,5.0,3430
7.133093185331484,7,50.0,577
7.133536974012965,6,1.0,2537
7.133758720008281,6,1.0,2619
7.133833564151185,6,8.0,3427
7.134003323183352,7,60.0,1143
7.134167109761342,6,1.0,3090
7.1344382710837815,2,6.0,3431
7.134749850483213,6,11.0,3346
7.136317366840339,1,3.0,3432
7.136878130892822,1,42.0,3433
7.136931684259457,1,54.0,3434
7.1375707929893775,6,3.0,794
7.137758780893623,6,4.0,2357
7.137803606854863,7,2.0,1036
7.138076297812782,1,4.0,3435
7.1382876714201755,6,1.0,3019
7.138299034872084,7,3.0,261
7.13853043283355,1,7.0,3436
7.139477202850921,6,1.0,1864
7.139538896209265,6,46.0,700
7.139916729687982,1,44.0,3437
7.139928943161804,1,1.0,3438
7.140075993614273,1,1.0,3439
7.140255093625221,1,11.0,3440
7.140363798056369,6,6.0,3309
7.140841885942473,6,3.0,2620
7.14148595216524,6,5.0,2913
7.142014010544399,6,1.0,3192
7.142164954061288,8,5.0,2056
7.142220711578866,1,60.0,3441
7.142453467385627,7,48.0,502
7.142484378249006,1,5.0,3442
7.142523547304743,9,45.0,173
7.1426834928154,6,8.0,2914
7.143031444939277,8,47.0,1438
7.143584113487385,8,57.0,494
7.143588047150093,1,4.0,3443
7.1438306772568785,6,6.0,3246
7.144110381449991,1,3.0,3444
7.144477756500068,1,16.0,3445
7.1445328926971,1,13.0,3446
7.14522815417268,7,31.0,1142
7.14533386856645,6,42.0,399
7.145789231510809,1,44.0,3447
7.145827413884337,1,1.0,3448
7.146380820381686,1,35.0,3449
7.1467124713900985,6,3.0,3244
7.146978472496194,6,60.0,634
7.147179749344255,6,2.0,3001
7.147202282657539,1,54.0,3450
7.147535657060046,6,6.0,3065
7.147560486535636,7,18.0,1120
7.147682118900001,6,2.0,3010
7.147792867001284,6,2.0,3050
7.148981983799552,6,4.0,3371
7.149020180122066,7,59.0,1836
7.14913210178817,6,1.0,3396
7.150014411210549,7,3.0,817
7.150086405218292,7,60.0,1731
7.150114580197078,1,54.0,3451
7.150351141637891,1,6.0,3452
7.150462588147655,6,2.0,2679
7.150843039616957,6,9.0,1437
7.151308842905736,1,2.0,3453
7.151390903898867,1,17.0,3454
7.15147079204041,7,1.0,2153
7.152290276049686,6,2.0,1929
7.152347817473716,1,16.0,3455
7.152786304817375,7,17.0,622
7.153454675511809,1,2.0,3456
7.153645749537857,6,3.0,1511
7.153926742733786,1,1.0,3457
7.1539703736704015,9,4.0,1292
7.154879483812062,6,54.0,2198
7.155671113940846,1,5.0,3458
7.155832053755626,1,3.0,3459
7.156231400199661,1,5.0,3460
7.156985984756695,7,47.0,837
7.157221938542539,6,31.0,2520
7.157655868672095,7,38.0,746
7.158029818215333,7,2.0,366
7.158093963317518,6,53.0,2242
7.159029442533474,1,2.0,3461
7.159368294171417,6,49.0,1875
7.160034534483644,1,4.0,3462
7.160047881351097,7,13.0,909
7.160090615985015,1,6.0,3463
7.1601544552036565,1,49.0,3464
7.160189324545096,1,30.0,3465
7.160676250480584,7,40.0,2016
7.1609574436148975,6,57.0,517
7.161360413538899,6,1.0,2526
7.161709341400776,1,1.0,3466
7.162242390026002,6,4.0,3143
7.162392165953156,1,2.0,3467
7.163635424154998,6,3.0,2324
7.163964330164021,6,4.0,2257
7.164104933676164,8,60.0,1610
7.164111629168267,7,5.0,470
7.164239250610182,1,1.0,3468
7.164884981218796,1,5.0,3469
7.16500542436344,1,8.0,3470
7.167010168892052,6,2.0,3073
7.167042950065216,6,3.0,2869
7.167322726972754,6,5.0,1911
7.16742303595213,1,4.0,3471
7.167483237727532,2,47.0,3472
7.16750830367452,1,13.0,3473
7.1677201888673885,6,6.0,3463
7.167946442641238,6,43.0,451
7.1679515348792515,2,11.0,3474
7.1684005008692075,1,10.0,3475
7.168623812108999,1,23.0,3476
7.168824937444771,6,20.0,2506
7.168948305415221,1,5.0,3477
7.169404563265418,7,24.0,232
7.169438119701286,7,1.0,1535
7.170200692084479,1,7.0,3478
7.171479915390989,1,47.0,3479
7.171684073204981,6,34.0,2919
7.1718549137785415,7,1.0,1723
7.172951193666238,7,20.0,1406
7.173716302226183,8,50.0,1900
7.17384998390241,1,1.0,3480
7.174088865963928,7,2.0,1467
7.17455692113016,6,26.0,2413
7.175171560608062,8,36.0,1659
7.175215468206588,1,2.0,3481
7.175546926221948,1,6.0,3482
7.1756192991089085,1,2.0,3483
7.175819583498188,6,1.0,3268
7.175851119737028,1,24.0,3484
7.17592769711747,1,6.0,3485
7.176095693711257,6,59.0,458
7.176140613482481,7,38.0,1499
7.176357306291319,1,8.0,3486
7.176589806028469,6,4.0,3139
7.176890350361375,1,6.0,3487
7.177306023046892,1,2.0,3488
7.1773787956956685,6,28.0,2462
7.177899515630287,1,1.0,3489
7.178307563448053,1,8.0,3490
7.178422098013124,9,1.0,569
7.178843199059247,1,8.0,3491
7.179247920456412,6,5.0,2994
7.179363435470258,1,12.0,3492
7.180506163563077,6,1.0,1810
7.180540709147462,6,3.0,2554
7.18107745518064,6,6.0,1862
7.181153528613176,1,34.0,3493
7.181861971846754,1,7.0,3494
7.182203872751682,6,53.0,1514
7.182593805866806,1,8.0,3495
7.182605885038083,6,55.0,1733
7.183134763821041,1,5.0,3496
7.183586739505719,6,9.0,2303
7.184183336147945,6,3.0,2134
7.184324126571313,6,56.0,2872
7.184583423993677,6,1.0,1091
7.185251200752024,6,25.0,1749
7.185570722193135,6,2.0,2519
7.186003341434101,7,49.0,1334
7.186103259712862,1,8.0,3497
7.186213211618889,1,5.0,3498
7.186573857023356,1,4.0,3499
7.18709009297071,1,6.0,3500
7.1873728997737985,1,8.0,3501
7.188310381326936,1,41.0,3502
7.188510812697396,6,52.0,1799
7.188862044374667,7,2.0,870
7.1897726425453765,1,4.0,3503
7.190255592010961,6,5.0,2182
7.1904101137531695,6,45.0,2952
7.190572581604968,1,2.0,3504
7.190922270747422,1,2.0,3505
7.191021186947714,6,20.0,3372
7.191375183470339,1,3.0,3506
7.19139674713465,7,4.0,1756
7.191512220405963,1,56.0,3507
7.191558388768874,6,7.0,3239
7.191601024382406,7,17.0,333
7.19171319816552,1,5.0,3508
7.191729673003766,6,3.0,1979
7.191798612911852,7,13.0,664
7.192116755259199,1,5.0,3509
7.193107128187752,6,5.0,2401
7.194101281575175,6,30.0,2899
7.194159205103469,1,3.0,3510
7.194169415799749,6,24.0,265
7.194605205650822,1,2.0,3511
7.194655471301681,7,35.0,724
7.194993544243162,1,2.0,3512
7.195252480925095,1,7.0,3513
7.195346783012455,6,6.0,2881
7.195737299411517,6,1.0,2235
7.1957844759632525,6,17.0,2969
7.195991885643172,1,23.0,3514
7.19599533690536,1,3.0,3515
7.19627496544112,1,39.0,3516
7.196427918167547,6,5.0,2320
7.196595976995023,6,1.0,3417
7.1968260266393855,6,57.0,1868
7.1978589786098315,1,1.0,3517
7.197865681075557,6,1.0,3411
7.19795805775091,6,9.0,1409
7.198149770290788,8,2.0,408
7.19959040721724,1,15.0,3518
7.199700951400944,1,6.0,3519
7.199931659284321,6,4.0,3081
7.200056856947166,7,38.0,211
7.200320425751737,7,3.0,820
7.20043263007558,1,6.0,3520
7.202329655404565,1,4.0,3521
7.20245961513897,6,8.0,3021
7.202632486217475,6,3.0,3269
7.202716105414884,1,1.0,3522
7.202725648453832,1,2.0,3523
7.202787962406995,8,4.0,1187
7.202825961086589,6,5.0,2758
7.20334837905596,6,1.0,3025
7.203672203469015,7,18.0,1160
7.203713727634857,1,49.0,3524
7.20429320491735,6,3.0,2989
7.204348458682988,6,54.0,3033
7.204432106413106,1,1.0,3525
7.204644775649878,3,58.0,3526
7.204874635265046,1,3.0,3527
7.204961087066816,1,2.0,3528
7.205034253837537,1,31.0,3529
7.20587843618226,1,6.0,3530
7.206274879787594,6,29.0,2859
7.206798796379499,6,60.0,3420
7.2076929894878194,6,19.0,1753
7.20842040196208,7,22.0,96
7.208683485580829,1,5.0,3531
7.209015709704291,8,51.0,1451
7.209809880398478,1,4.0,3532
7.210344851229593,6,1.0,2929
7.210618740754134,1,46.0,3533
7.210817341406392,1,9.0,3534
7.210867193368454,6,14.0,2309
7.211153254154802,6,7.0,2218
7.211356917354578,6,51.0,1353
7.211535182988206,1,2.0,3535
7.211563921903727,7,48.0,1431
7.211721033590854,1,5.0,3536
7.212451602519506,6,5.0,2776
7.212500869331664,7,44.0,550
7.2127885265739815,7,3.0,939
7.213086891511205,1,51.0,3537
7.213270329652008,8,2.0,477
7.21334714937076,1,25.0,3538
7.213417077148993,8,1.0,830
7.213777451867532,7,2.0,1685
7.2143713871959205,6,2.0,2275
7.2146801463146,6,9.0,3534
7.215063029576492,7,6.0,1549
7.21587759228777,6,2.0,2820
7.216060640810303,6,17.0,2947
7.216238399857062,7,15.0,1226
7.216282578948739,1,2.0,3539
7.216384138149673,6,4.0,3255
7.216497417960089,7,3.0,1501
7.216554012811066,1,1.0,3540
7.216797050516703,6,4.0,2786
7.217021398892839,6,5.0,3125
7.217067961309256,6,9.0,1953
7.217526659699249,6,46.0,2999
7.217655302104595,8,6.0,2654
7.218198866090026,7,2.0,1364
7.21838388272875,7,55.0,534
7.2184101093856325,1,1.0,3541
7.2188276323607505,1,6.0,3542
7.219156238166896,6,37.0,750
7.219226504973851,1,18.0,3543
7.219275281210593,1,3.0,3544
7.219379314381843,6,55.0,2581
7.2195423834050025,6,47.0,2846
7.219678707045087,6,5.0,2632
7.219855046724359,7,1.0,2004
7.220475744607647,6,57.0,871
7.220530916384535,6,2.0,2391
7.220556429632195,6,2.0,3339
7.221021528520066,1,6.0,3545
7.221549384136207,7,1.0,2372
7.2216498312969994,8,1.0,1960
7.222306459314158,6,9.0,2322
7.222480511142711,1,1.0,3546
7.222682837005488,8,2.0,2137
7.2227071507598355,8,1.0,2231
7.222708914167922,9,1.0,661
7.222931722879931,9,2.0,259
7.222959666096507,1,2.0,3547
7.22364055501851,6,4.0,505
7.223722385914611,1,11.0,3548
7.2238493668284836,1,2.0,3549
7.2239056744475825,7,5.0,711
7.223937780169265,1,6.0,3550
7.224587835960842,6,8.0,3491
7.224911496713194,1,7.0,3551
7.224928176835162,1,17.0,3552
7.2249501373840275,6,24.0,2818
7.225695687072035,8,9.0,1710
7.225951152409945,7,44.0,1085
7.226052744185916,6,1.0,2577
7.226809883193817,6,16.0,3016
7.226968038169101,1,1.0,3553
7.227098878757294,6,35.0,1444
7.227239720155141,6,2.0,2852
7.227839718008515,1,1.0,3554
7.227926375929044,9,56.0,1258
7.22807058651288,7,6.0,1508
7.228333754698934,6,3.0,1779
7.22875949568067,1,52.0,3555
7.228886942655496,6,3.0,1615
7.229117505883031,6,52.0,1267
7.229225150304577,1,8.0,3556
7.229455953941829,7,26.0,822
7.229816254464284,8,57.0,1548
7.230773841810198,2,12.0,3557
7.230956716745053,6,1.0,2819
7.231104136887911,6,46.0,3533
7.231559395162627,6,4.0,3223
7.232196554238256,7,8.0,1853
7.232988324982796,1,13.0,3558
7.233402815046457,1,4.0,3559
7.233560354343978,7,14.0,1289
7.233599551829223,1,8.0,3560
7.233718297397958,6,5.0,3172
7.2343662555870285,1,1.0,3561
7.234435766689257,6,59.0,2417
7.234561764834833,6,6.0,2339
7.234903869590564,7,39.0,1359
7.235055478737278,8,60.0,1668
7.235641743712199,6,6.0,2392
7.235985271188051,16,57.0,155
7.236076125756479,1,3.0,3562
7.2360983441722615,6,41.0,2672
7.236287935100548,8,1.0,1855
7.23677186791518,1,1.0,3563
7.237154760975324,6,3.0,3263
7.237759591668703,1,3.0,3564
7.2382519766813695,1,1.0,3565
7.238931762891697,6,6.0,3530
7.239461293353441,1,25.0,3566
7.239541291340657,9,2.0,821
7.23980773421624,1,4.0,3567
7.241512439264971,6,46.0,1270
7.241549058801678,9,14.0,959
7.241621496944419,1,42.0,3568
7.242166866792504,1,6.0,3569
7.24283765099461,6,25.0,3566
7.242962787797133,6,5.0,3153
7.2433170847000365,1,4.0,3570
7.243344118189036,1,2.0,3571
7.243389861598112,1,35.0,3572
7.243540040752044,7,2.0,1337
7.2438634572357845,1,3.0,3573
7.243875749200122,6,4.0,1974
7.244232405634212,6,23.0,2998
7.244604230374806,1,2.0,3574
7.245061359793232,1,6.0,3575
7.2450960421006485,1,5.0,3576
7.245520034637815,6,1.0,3030
7.2468273178718645,6,7.0,3478
7.2468556025304265,6,3.0,3515
7.247212328952045,1,8.0,3577
7.247757869568932,7,34.0,1526
7.2479536769632364,1,15.0,3578
7.248177545221685,1,12.0,3579
7.248267810957542,6,12.0,1023
7.248332083883766,1,1.0,3580
7.2484429570993365,6,2.0,3147
7.248618627546382,8,1.0,797
7.248725643989084,6,5.0,1881
7.249612357636585,6,30.0,2747
7.250231022451726,1,4.0,3581
7.250944254451265,1,5.0,3582
7.250986880013254,8,2.0,2523
7.25129144087087,8,37.0,1890
7.2517931283002675,7,50.0,530
7.252619297335905,1,8.0,3583
7.253098608699761,1,6.0,3584
7.253164113608539,6,47.0,1778
7.253479188071198,6,4.0,3570
7.25405883845224,7,49.0,885
7.2547469504372994,6,33.0,2039
7.255012387413947,1,16.0,3585
7.255054969544462,6,2.0,2988
7.255107749833015,6,11.0,1732
7.2559484889844414,1,6.0,3586
7.256080335774399,7,43.0,699
7.256232734286288,6,6.0,2530
7.256360284565647,9,18.0,1087
7.256471775090804,7,1.0,575
7.25673754459716,6,7.0,3031
7.256741283594576,7,24.0,1765
7.256953866235969,6,2.0,2379
7.257287973564324,6,34.0,1998
7.257847815703567,1,1.0,3587
7.258024708853645,6,8.0,1828
7.258658279139422,2,5.0,3588
7.258776052370358,6,45.0,1794
7.259046604388905,6,2.0,3007
7.259404866822821,7,42.0,1618
7.260702743233933,6,3.0,2772
7.261322447250129,6,5.0,2034
7.2617000896922335,1,5.0,3589
7.262713271210953,1,2.0,3590
7.2633682665009625,1,13.0,3591
7.263456771097104,1,12.0,3592
7.264063970535775,6,1.0,1639
7.264184634802975,1,6.0,3593
7.264396622871415,1,14.0,3594
7.265166277285973,7,2.0,437
7.2669383545329955,8,24.0,1559
7.267173104448576,7,39.0,1082
7.267749341603733,6,54.0,3451
7.267834294409841,6,57.0,1848
7.268088100151822,9,35.0,920
7.268147870569908,7,50.0,1035
7.2683881385071185,1,5.0,3595
7.26901144154127,1,15.0,3596
7.26931267783597,1,3.0,3597
7.2695641156400645,2,6.0,3598
7.269706792039471,6,1.0,1835
7.269772455271667,6,1.0,1981
7.2699101432627335,6,3.0,2734
7.2701167905307305,6,9.0,1562
7.270475540845833,1,50.0,3599
7.270795795504413,6,5.0,3531
7.27146698663561,1,2.0,3600
7.271875099595845,1,2.0,3601
7.272501674248848,6,51.0,1827
7.272861834821925,1,1.0,3602
7.272996891820861,1,14.0,3603
7.273056913727042,6,2.0,1541
7.273205199917998,9,4.0,1874
7.2743952888041745,7,1.0,1422
7.274625149538355,8,9.0,981
7.274703814498918,6,14.0,3303
7.275098775940351,7,1.0,278
7.276296287392394,7,33.0,881
7.276364719854138,6,7.0,2806
7.277172612922944,1,43.0,3604
7.277281049526572,1,2.0,3605
7.277474392068168,6,40.0,1739
7.277528280401314,7,3.0,2087
7.277751557674859,9,24.0,971
7.277849508499976,6,3.0,3379
7.278043546387498,8,52.0,2763
7.2783452193354305,7,5.0,308
7.2788196169289225,6,4.0,2760
7.278963321896282,6,1.0,3439
7.2795322518408,1,34.0,3606
7.279731519996566,1,2.0,3607
7.280206783304024,1,3.0,3608
7.280254800853854,1,43.0,3609
7.280398731690165,6,17.0,3178
7.280788457928278,1,6.0,3610
7.280879708486122,6,8.0,3577
7.280932533564143,1,42.0,3611
7.281849918294298,1,7.0,3612
7.281934408788156,6,6.0,2487
7.282051582238708,1,9.0,3613
7.282175962773315,1,5.0,3614
7.282997326989141,6,31.0,1947
7.283256607253862,6,17.0,3249
7.28394169348697,7,1.0,1767
7.284030436022553,7,19.0,1264
7.284582739373088,1,3.0,3615
7.284668786997984,7,25.0,254
7.284882649509715,1,18.0,3616
7.2850269033684345,1,7.0,3617
7.285053877054241,1,1.0,3618
7.285720891330805,1,6.0,3619
7.285996262061701,6,3.0,2539
7.286363894291731,6,6.0,3482
7.286390189789144,7,4.0,392
7.286796088447589,1,4.0,3620
7.287797608935078,8,32.0,356
7.288073300273286,6,4.0,2227
7.289882996673703,7,54.0,2035
7.289882996673703,16,54.0,2035
7.290212094754493,7,51.0,360
7.290747163671147,6,6.0,2943
7.290761924780899,1,2.0,3621
7.291108968330597,6,5.0,2978
7.292001474571367,1,1.0,3622
7.292229815864826,6,42.0,3218
7.293137255897957,7,1.0,518
7.293170780059074,1,4.0,3623
7.293285002579935,6,1.0,2622
7.293951243648749,1,14.0,3624
7.294071007064185,1,1.0,3625
7.294103019553776,1,6.0,3626
7.29432953524186,6,1.0,2778
7.294434557474322,1,60.0,3627
7.294525135257511,1,45.0,3628
7.295055525239545,6,1.0,3625
7.295093096198353,6,1.0,2493
7.295960321809854,1,2.0,3629
7.296391074841428,1,1.0,3630
7.29687856029327,7,52.0,783
7.296926450877004,1,51.0,3631
7.297086410309931,1,1.0,3632
7.2972023780180875,7,9.0,1288
7.298333485649253,1,4.0,3633
7.298939086595005,1,1.0,3634
7.2991267663318675,6,2.0,2546
7.2993637720722235,1,56.0,3635
7.299684850287888,7,2.0,1908
7.2997644493031615,1,2.0,3636
7.300088816150013,6,5.0,2967
7.3001829818387325,6,3.0,3459
7.3004752247180695,6,35.0,2450
7.300478164480461,6,7.0,2121
7.300755012055409,1,38.0,3637
7.301052615577418,1,1.0,3638
7.301138631860525,1,1.0,3639
7.301914410019742,1,3.0,3640
7.304138000305285,6,1.0,2424
7.304255658196633,8,22.0,1654
7.304424971460036,6,5.0,3174
7.304568897806612,1,21.0,3641
7.304662091401532,6,54.0,2097
7.305298547018573,7,49.0,1124
7.305470350296486,1,14.0,3642
7.305806960820493,8,50.0,321
7.305855512836762,1,8.0,3643
7.305952977458741,9,13.0,449
7.307530614503263,1,3.0,3644
7.307873896186793,7,12.0,1274
7.307909794448612,6,5.0,3496
7.308137299849434,1,2.0,3645
7.308638455050955,12,32.0,3252
7.308760444378157,7,1.0,2050
7.3089864438778935,1,5.0,3646
7.309116029363363,7,1.0,330
7.3091206547397976,1,2.0,3647
7.309288573302432,1,1.0,3648
7.309395051557015,7,2.0,2186
7.310096002602191,6,1.0,3428
7.310858770313267,7,2.0,1475
7.311110368263373,1,1.0,3649
7.31113268463579,1,22.0,3650
7.311451753714777,8,35.0,2901
7.3115998700725555,1,4.0,3651
7.311640027389074,1,3.0,3652
7.312347477690569,6,29.0,2488
7.312443596258225,6,2.0,2177
7.312515918449736,2,4.0,3653
7.312751884396807,7,15.0,1107
7.312757037705493,6,4.0,2207
7.313019572925067,1,2.0,3654
7.313334719050991,6,2.0,2092
7.313416631599233,6,3.0,3608
7.314318024032315,1,53.0,3655
7.314877531790091,6,34.0,3156
7.315087271920423,7,1.0,1599
7.315137233749503,7,7.0,2158
7.3156315870933994,6,17.0,2328
7.315641684100804,6,1.0,2233
7.315667369513447,9,52.0,937
7.315910619409145,6,9.0,2216
7.316007461851625,1,4.0,3656
7.316203483905573,7,9.0,767
7.316306834420623,6,3.0,2706
7.316484626474657,6,56.0,3635
7.316522582709836,1,5.0,3657
7.317136093590716,1,6.0,3658
7.317360310937424,6,3.0,1773
7.3177644346226005,1,15.0,3659
7.318077557025815,6,30.0,2851
7.3182110635061655,6,18.0,2486
7.318261003948569,7,6.0,345
7.318608540185261,1,5.0,3660
7.318820859930563,6,2.0,1811
7.319195084875522,6,17.0,3552
7.3207590233703765,1,3.0,3661
7.321283131595835,1,1.0,3662
7.321442245760988,6,6.0,2547
7.321953946688994,1,5.0,3663
7.322045567397289,7,3.0,1696
7.322310969760919,1,1.0,3664
7.3229341796519485,1,4.0,3665
7.323654110817694,7,38.0,1713
7.323785247244416,6,6.0,2234
7.323900068033595,1,1.0,3666
7.324057208746875,1,35.0,3667
7.324473404089802,1,50.0,3668
7.324474992529029,9,3.0,1463
7.32449910985286,6,3.0,3510
7.32490632175986,6,14.0,3101
7.3251937298610805,7,58.0,1474
7.325292487119578,1,1.0,3669
7.325682939977737,6,3.0,2407
7.3257020710857805,7,1.0,122
7.325844312167009,6,6.0,3550
7.326341842111707,6,6.0,3425
7.32638735246388,1,1.0,3670
7.326790713277446,1,3.0,3671
7.327351934778694,1,57.0,3672
7.327426883865974,1,9.0,3673
7.327694493523641,1,36.0,3674
7.327805591659614,1,2.0,3675
7.328172733498354,6,9.0,3613
7.328608384248168,6,3.0,2892
7.328867868784938,1,3.0,3676
7.329196527535555,8,2.0,1797
7.329213386709586,6,5.0,3319
7.329258347537209,6,1.0,3076
7.329484194039113,6,2.0,2937
7.331180270325141,7,51.0,955
7.331513101174637,1,28.0,3677
7.331536035192036,6,59.0,1627
7.332081602248198,7,35.0,2954
7.33279073599523,1,3.0,3678
7.33297559948151,1,3.0,3679
7.333313307700222,6,10.0,2664
7.334297138711708,8,55.0,471
7.33432517687189,6,52.0,3555
7.334380704115906,7,3.0,1238
7.334831130156331,1,2.0,3680
7.3353439758408365,1,14.0,3681
7.33543884130267,1,51.0,3682
7.335633490685064,6,10.0,2406
7.33612332113014,1,2.0,3683
7.336250067577002,6,2.0,3483
7.336384411688317,7,2.0,1055
7.336475645528624,1,37.0,3684
7.336656182768333,1,6.0,3685
7.336881838506149,1,2.0,3686
7.3370360393222835,8,7.0,1310
7.337166132377938,1,1.0,3687
7.337364562809618,1,1.0,3688
7.337457411048114,6,2.0,2479
7.337890450908685,6,6.0,2690
7.338461280138054,1,10.0,3689
7.338537691643724,7,2.0,922
7.338619359572501,1,2.0,3690
7.339123519345633,6,47.0,3479
7.339294599010867,6,3.0,2808
7.340452041062871,1,4.0,3691
7.34071106137569,6,44.0,3437
7.340717794050841,6,23.0,1589
7.341017605849945,1,11.0,3692
7.341465617302624,1,43.0,3693
7.341681003191596,7,4.0,2199
7.3418494034549,7,26.0,1326
7.342076392682779,8,2.0,1857
7.342179585034068,1,16.0,3694
7.342212366719261,1,1.0,3695
7.342277038021512,6,3.0,3130
7.342475922525868,9,11.0,635
7.342823186003932,1,4.0,3696
7.342917204241959,6,38.0,2641
7.3435266587868435,1,50.0,3697
7.343590661398898,1,7.0,3698
7.344532136971203,7,59.0,2033
7.344987787069114,7,2.0,850
7.345165426723051,8,35.0,1444
7.345650805169836,1,5.0,3699
7.345819727827976,1,41.0,3700
7.346391118615721,7,28.0,493
7.346610908746877,6,5.0,3282
7.346883621054255,1,9.0,3701
7.346963627706746,1,5.0,3702
7.347114656065944,1,3.0,3703
7.3477054278010385,9,1.0,1855
7.348130994897747,6,11.0,3032
7.348586997922879,1,5.0,3704
7.348679472449419,1,2.0,3705
7.3488968302842625,6,38.0,3395
7.349364763808028,6,51.0,3682
7.3493751061872565,6,20.0,591
7.34968324683214,1,1.0,3706
7.349816111820762,1,5.0,3707
7.3502477824744705,1,3.0,3708
7.35027986210931,1,3.0,3709
7.350773937099484,7,33.0,1435
7.350843116620579,1,7.0,3710
7.351849036428207,1,1.0,3711
7.351857147230448,6,43.0,3128
7.351967809445741,1,56.0,3712
7.352320924953313,1,16.0,3713
7.352346523718653,1,7.0,3714
7.352682970702442,6,1.0,1991
7.3527564783070165,6,7.0,3150
7.352823768901865,1,1.0,3715
7.353101628790703,6,1.0,3332
7.353244855337991,6,14.0,2482
7.3532980121310985,6,2.0,2498
7.353589414634307,8,34.0,1790
7.354616021383389,8,34.0,1132
7.355188101805505,6,3.0,2888
7.355203765307252,7,53.0,1108
7.35523384230253,1,6.0,3716
7.355258124714387,6,14.0,3343
7.355296581549869,6,23.0,1675
7.355342317732695,6,1.0,2891
7.355416048801212,2,3.0,3717
7.355708712288047,6,6.0,3658
7.355737311617215,1,1.0,3718
7.356624025862513,6,11.0,3336
7.356764914959213,6,58.0,3334
7.3568987823522,6,4.0,1986
7.357208318924432,7,45.0,1785
7.357388998184414,6,7.0,2093
7.35821649585597,6,4.0,3559
7.358432041718351,1,12.0,3719
7.358669821240469,1,36.0,3720
7.359525746549652,1,54.0,3721
7.359804424757011,6,7.0,2187
7.360128610916692,1,16.0,3722
7.360653058028831,1,3.0,3723
7.360939670352852,1,7.0,3724
7.361337006711729,7,10.0,1607
7.361438759844664,7,11.0,1561
7.361696519154288,6,4.0,3295
7.362135784922773,6,57.0,1942
7.362199009260712,6,9.0,3123
7.362222107822209,6,1.0,3329
7.362343208719275,1,4.0,3725
7.362383861538756,1,5.0,3726
7.362675411468587,6,56.0,3507
7.362737065776427,1,5.0,3727
7.3629991601507125,1,2.0,3728
7.363239933780474,8,1.0,785
7.3634825416154905,1,7.0,3729
7.363533047664802,6,2.0,1800
7.36372221126761,9,1.0,1032
7.363743128220885,7,4.0,2404
7.36428784897714,6,19.0,3291
7.3643572175243515,6,19.0,2426
7.364934210082141,6,1.0,2041
7.365580309637112,6,3.0,2160
7.365954282164529,1,6.0,3730
7.366484356959342,1,34.0,3731
7.366710482505114,7,3.0,2946
7.366857732230267,8,17.0,3228
7.366897235197381,6,59.0,2259
7.367019849079939,6,5.0,2924
7.367380318240916,8,1.0,2080
7.367485039665185,1,43.0,3732
7.368106367211488,6,25.0,2864
7.368288951665906,6,1.0,3639
7.368519167282149,1,2.0,3733
7.369012394259769,1,9.0,3734
7.369948140372238,7,2.0,1557
7.370153587331342,1,6.0,3735
7.3706371099135986,6,2.0,1910
7.371395061424047,7,7.0,1363
7.371561884239437,7,1.0,742
7.3723473594677,1,33.0,3736
7.372436862034208,6,23.0,3151
7.372662381748453,1,14.0,3737
7.372767124231391,1,18.0,3738
7.372981724239688,6,4.0,3696
7.373147929618715,1,10.0,3739
7.37321417648833,9,35.0,946
7.373230618747273,6,6.0,2510
7.373366082795191,1,2.0,3740
7.374054317576718,1,2.0,3741
7.374654502855741,6,2.0,2119
7.374703435758661,1,4.0,3742
7.374778344178528,6,9.0,3060
7.375114927011827,7,2.0,1281
7.375249296514615,1,5.0,3743
7.3753314391198215,6,2.0,3511
7.37538913614792,1,5.0,3744
7.3755272323534635,7,4.0,887
7.375725783316289,1,3.0,3745
7.375811568487402,1,2.0,3746
7.375949813049286,1,2.0,3747
7.376235641267751,6,8.0,3391
7.376376302810302,1,14.0,3748
7.377511515884261,6,3.0,3258
7.377550447758983,8,52.0,1799
7.377654824032142,7,8.0,908
7.37788266917786,1,9.0,3749
7.378091547125394,8,9.0,1562
7.378249375906467,1,8.0,3750
7.378343746887515,6,38.0,1081
7.378482274227964,1,3.0,3751
7.37886886825749,1,1.0,3752
7.379307368504083,1,5.0,3753
7.379567259092452,1,3.0,3754
7.379915118221806,6,2.0,2297
7.3802258054485455,6,5.0,3177
7.380277310043213,6,1.0,3164
7.3806027485116275,6,49.0,3173
7.381182358337341,1,1.0,3755
7.381408507450908,1,4.0,3756
7.381561982951737,1,50.0,3757
7.3816886783788185,7,4.0,374
7.38193074089151,1,15.0,3758
7.382341009595691,1,2.0,3759
7.3826369855978,6,5.0,3460
7.382689041875915,6,7.0,3053
7.382831603130583,1,9.0,3760
7.38352363786356,6,4.0,3443
7.383566027303241,1,2.0,3761
7.383618459130082,6,5.0,3508
7.383792891235988,6,1.0,3247
7.383820246716706,1,4.0,3762
7.384221280480773,6,43.0,2024
7.384292281096679,6,1.0,1935
7.3847241424817875,6,23.0,3180
7.384791799334439,1,2.0,3763
7.38597934503423,3,40.0,3764
7.386198314069508,1,8.0,3765
7.386301359036356,1,2.0,3766
7.386597137427037,1,39.0,3767
7.386804433430802,6,30.0,291
7.387013108140697,1,2.0,3768
7.3872206404643,2,9.0,3769
7.3873840663942,1,1.0,3770
7.387901579189232,6,6.0,2574
7.3879154063825565,1,2.0,3771
7.388549262695713,2,2.0,3772
7.388773499143435,1,13.0,3773
7.3888387617261975,1,2.0,3774
7.3888716401533765,1,14.0,3775
7.389381596918333,1,12.0,3776
7.389537054211202,6,8.0,2990
7.389624612188075,1,3.0,3777
7.390405489057614,1,58.0,3778
7.390599368437211,7,9.0,151
7.391029340925603,6,50.0,3668
7.391254895615355,1,1.0,3779
7.391538637844751,1,1.0,3780
7.391694622608983,1,5.0,3781
7.391745532378103,6,16.0,2608
7.391826804714377,7,2.0,1743
7.392173628737003,1,9.0,3782
7.392991445056552,1,3.0,3783
7.393051060389087,1,6.0,3784
7.393238284063798,1,11.0,3785
7.393509286505228,6,13.0,1205
7.393729408483303,7,46.0,508
7.3938330783845325,6,2.0,2655
7.394162785975578,6,13.0,3591
7.394407939835843,6,2.0,2985
7.394723345929303,1,3.0,3786
7.394977370083369,1,6.0,3787
7.395181366873512,7,44.0,2101
7.395207343168455,1,5.0,3788
7.395414268484909,1,8.0,3789
7.395619827330444,6,15.0,3596
7.395695460092562,7,5.0,2077
7.396997882591563,6,43.0,346
7.397101940199309,6,3.0,3146
7.397227541777764,6,3.0,3199
7.397422985679933,6,10.0,2673
7.397632343875648,6,49.0,3524
7.397694658812719,1,8.0,3790
7.3978460713921335,1,6.0,3791
7.398462560438767,1,1.0,3792
7.398480915451087,6,18.0,3543
7.399633756184639,1,1.0,3793
7.399827882768793,6,16.0,228
7.399945524263638,7,12.0,1649
7.400246383170224,1,6.0,3794
7.40027168953936,1,2.0,3795
7.400517527062102,6,4.0,2848
7.40055626150178,6,6.0,2531
7.400900616680045,6,30.0,1708
7.401078132737426,1,21.0,3796
7.4011857335542865,1,4.0,3797
7.401560376692555,1,34.0,3798
7.401588986510274,7,2.0,274
7.40203386696775,9,25.0,965
7.402119771313105,6,9.0,3136
7.402183610081594,6,7.0,3617
7.402390902568239,6,1.0,2116
7.403935227968898,6,29.0,3236
7.403952941839585,1,2.0,3799
7.404262086909448,6,1.0,1544
7.4044080287949186,1,3.0,3800
7.404502656535502,6,8.0,2351
7.4048009420389596,1,1.0,3801
7.404925538974207,6,7.0,2962
7.404986457346361,1,13.0,3802
7.405119654255616,1,26.0,3803
7.405169796612879,6,51.0,3631
7.405449226822434,2,21.0,3804
7.405487846470853,8,5.0,2096
7.40559952434434,1,50.0,3805
7.406068935272412,6,6.0,3794
7.406092626165,1,1.0,3806
7.406712464366553,1,1.0,3807
7.406898575114222,6,2.0,3350
7.4071438362413495,7,13.0,861
7.407195541739508,1,3.0,3808
7.40738175997466,1,17.0,3809
7.407699175466657,1,1.0,3810
7.407936083422103,7,52.0,2542
7.408623028201912,6,5.0,3753
7.4087740984179655,1,14.0,3811
7.408992036998296,3,54.0,3812
7.409028469789245,1,10.0,3813
7.409085506772413,1,25.0,3814
7.409288897096019,6,1.0,3390
7.4102077159566075,1,6.0,3815
7.410523283602262,6,3.0,2898
7.410537938514947,6,1.0,3457
7.410953246653185,1,5.0,3816
7.411032070423416,6,23.0,2754
7.412253937738995,6,10.0,2453
7.412272528384069,6,3.0,2419
7.412364769642108,6,38.0,3637
7.412453026612957,1,1.0,3817
7.412509399352398,10,58.0,3526
7.413233464430901,6,5.0,2671
7.41339966276924,6,10.0,3689
7.413853566047467,6,2.0,3088
7.414439900350914,1,2.0,3818
7.414483260764686,6,43.0,2767
7.4147904907497875,6,5.0,3576
7.415391067920524,1,8.0,3819
7.415643875062539,6,6.0,3009
7.415729182354868,9,1.0,428
7.415778126412169,7,3.0,776
7.415962317764869,1,14.0,3820
7.41638367709228,6,8.0,2219
7.416531893151428,9,5.0,1895
7.416863050390622,6,2.0,1510
7.417198263418858,1,3.0,3821
7.417354671706837,1,50.0,3822
7.417525508917131,3,38.0,3823
7.417542453319982,1,3.0,3824
7.4181926075707985,1,5.0,3825
7.418233906324652,6,14.0,3737
7.418736710425982,8,1.0,3234
7.418931857869668,9,6.0,1870
7.418967256328431,1,2.0,3826
7.419191216716721,6,5.0,2224
7.419307867864748,1,4.0,3827
7.419573400781601,1,33.0,3828
7.419984987598285,6,4.0,2743
7.420043432539752,1,2.0,3829
7.420342629555361,7,8.0,2206
7.421222950604106,9,6.0,382
7.421299962980804,6,60.0,1007
7.421461500822337,1,3.0,3830
7.4215419836555565,7,34.0,2238
7.421754418042395,6,25.0,3092
7.421809283806703,1,5.0,3831
7.422289245384306,6,13.0,2615
7.422317377979946,1,4.0,3832
7.422528696571959,1,11.0,3833
7.422563603641005,1,46.0,3834
7.422609564889968,1,1.0,3835
7.4228929335182405,1,52.0,3836
7.423480612507622,9,12.0,1058
7.423521689991036,1,5.0,3837
7.424018129117089,6,1.0,3817
7.424204250137194,1,6.0,3838
7.4246514664078465,7,9.0,441
7.42493982534934,2,38.0,3839
7.42578611876977,7,43.0,999
7.42683199175213,8,3.0,3197
7.426986657713997,1,7.0,3840
7.427445055426455,6,33.0,628
7.428267159610587,1,4.0,3841
7.428286926742979,6,1.0,2843
7.428474438922512,1,9.0,3842
7.429282926826777,1,23.0,3843
7.429309317747394,1,5.0,3844
7.429794042028792,6,12.0,3719
7.429805717898568,6,3.0,3056
7.430024928210873,1,35.0,3845
7.430131140523844,1,2.0,3846
7.430209338254563,6,5.0,3660
7.430504369502612,1,33.0,3847
7.430897686751531,6,9.0,3142
7.431170382873534,8,4.0,1272
7.431645119356187,1,3.0,3848
7.431701281553254,6,25.0,3814
7.431841999435195,1,5.0,3849
7.4328370667121115,6,2.0,2800
7.433815743158733,1,1.0,3850
7.433855118443333,1,3.0,3851
7.433903248305068,6,12.0,3212
7.4342398608193685,1,4.0,3852
7.4343032040512025,6,1.0,3662
7.434424841240729,1,9.0,3853
7.434879381251159,1,6.0,3854
7.435128176310465,1,3.0,3855
7.435232360428597,6,5.0,2316
7.435321821897338,6,5.0,3189
7.435347607306026,6,54.0,3434
7.435558790384261,6,2.0,3818
7.435559908313483,1,50.0,3856
7.43620922139729,2,8.0,3857
7.436270260014351,7,21.0,1374
7.436336225361729,1,5.0,3858
7.43687275239691,6,3.0,3043
7.4371614195221545,1,2.0,3859
7.437189212530846,9,6.0,444
7.437535816476564,6,2.0,3191
7.437807403187874,6,3.0,3015
7.437852605960371,1,16.0,3860
7.438275631260251,6,38.0,2812
7.438376771637906,1,14.0,3861
7.438392261692731,6,20.0,2738
7.43851857959396,6,34.0,2582
7.438540407655481,7,2.0,1028
7.4385869415764825,1,2.0,3862
7.438706543781298,8,57.0,3216
7.438776294049967,6,3.0,934
7.4387857743246695,8,13.0,2290
7.439632845459588,1,22.0,3863
7.439686712109485,7,1.0,1450
7.439805643082951,6,6.0,3791
7.439877311805809,1,2.0,3864
7.440047510460139,6,2.0,2609
7.440138468825489,6,11.0,3072
7.440139708481859,7,40.0,1465
7.440563397029018,1,46.0,3865
7.440908372139718,7,1.0,1392
7.441797916659269,6,57.0,1452
7.441855861712273,7,8.0,65
7.441977693984492,1,2.0,3866
7.443330879682605,7,13.0,1152
7.44333855596848,6,4.0,2787
7.443611789446942,7,3.0,1343
7.443632891134799,1,9.0,3867
7.444216835070835,1,1.0,3868
7.444909906576537,1,5.0,3869
7.445268349638806,7,1.0,1775
7.445316389355862,6,41.0,3373
7.445753762951417,6,6.0,3854
7.445915140760016,1,45.0,3870
7.446627519263097,1,18.0,3871
7.447337096985233,1,51.0,3872
7.447439406858957,6,39.0,3384
7.447607602032602,1,19.0,3873
7.448375050089707,1,12.0,3874
7.448641691536913,1,3.0,3875
7.448662590736325,1,7.0,3876
7.4487763504658995,6,3.0,3703
7.448841625948974,6,13.0,3773
7.44962838992774,6,3.0,3398
7.449748160961415,6,10.0,2771
7.450361492766112,7,5.0,1838
7.450410808176928,1,15.0,3877
7.4506670982048036,1,35.0,3878
7.450703555436773,7,4.0,1316
7.451017879980791,1,25.0,3879
7.451261523544201,1,3.0,3880
7.452069926403048,1,3.0,3881
7.4521024329013645,7,56.0,921
7.452684216645632,8,17.0,3552
7.453506830212874,8,44.0,1709
7.453670873519559,1,1.0,3882
7.453975676254167,6,9.0,2630
7.453995218794645,7,46.0,1764
7.454492021529189,6,4.0,3691
7.455166684143697,1,11.0,3883
7.455264647985272,8,41.0,876
7.455661502420627,1,9.0,3884
7.4566393748397,6,5.0,3415
7.457392615732453,6,50.0,3697
7.45789722171719,6,2.0,2790
7.458005358057599,6,7.0,3215
7.45824882032719,1,1.0,3885
7.458253076337234,8,9.0,1372
7.458354263541807,1,21.0,3886
7.458388464459195,6,1.0,2436
7.4585868317360395,6,3.0,2459
7.458789949800729,1,8.0,3887
7.45883005365395,6,6.0,3584
7.458941360618684,6,4.0,3462
7.45921009224292,7,15.0,1449
7.459943403845121,1,5.0,3888
7.459998377972231,6,3.0,3330
7.46005211308568,6,8.0,3271
7.46008932014772,6,1.0,3546
7.460193465082839,6,15.0,1744
7.460356646752132,7,1.0,991
7.460430491523505,7,8.0,1014
7.46113900390227,6,8.0,3819
7.461430661889582,1,3.0,3889
7.461821535646683,1,9.0,3890
7.461842421060311,1,5.0,3891
7.462115532194386,1,11.0,3892
7.4621167480613035,1,11.0,3893
7.463021734569169,1,17.0,3894
7.463110753565199,6,4.0,3742
7.463152253564793,1,4.0,3895
7.463756425007432,6,2.0,3763
7.464052417885557,6,9.0,2996
7.4653428113517215,2,9.0,3896
7.465816628567335,6,38.0,916
7.46583848561243,8,5.0,1652
7.465845900057888,1,8.0,3897
7.466241852657486,1,7.0,3898
7.466508461094108,6,42.0,3611
7.466535832426331,6,9.0,1413
7.466552373207929,6,1.0,3489
7.466573326975521,1,8.0,3899
7.466888811831698,9,3.0,989
7.467016570375494,7,37.0,710
7.467971469791293,1,56.0,3900
7.4680363760993265,1,8.0,3901
7.468164777041358,1,10.0,3902
7.46825744054896,8,14.0,1046
7.468543583303733,6,10.0,2422
7.46928974071764,1,2.0,3903
7.469483198059134,9,5.0,57
7.469711546944204,6,17.0,2214
7.469792519876036,1,1.0,3904
7.4699964625056845,8,5.0,2224
7.470095798592982,6,1.0,3071
7.471000794272697,1,49.0,3905
7.47109997963628,6,6.0,3179
7.4711430057522925,7,54.0,1621
7.471282199112823,6,1.0,2358
7.471521582937512,1,6.0,3906
7.471920022166643,1,1.0,3907
7.471984963179411,7,3.0,2237
7.47199511955543,6,5.0,3152
7.47232034277468,6,3.0,3708
7.473435754320302,6,9.0,1471
7.474231430723341,6,21.0,3804
7.474892312504936,1,6.0,3908
7.475658496019706,1,53.0,3909
7.475685922503384,1,11.0,3910
7.475762382324382,8,33.0,1202
7.475935001310046,6,20.0,3108
7.476478566407073,8,3.0,2419
7.4769948454522694,9,2.0,1857
7.47746807211691,1,3.0,3911
7.4780223288705425,7,50.0,1220
7.478046229217873,6,28.0,3118
7.478050437317423,1,23.0,3912
7.478074686233745,1,7.0,3913
7.478108361433381,1,3.0,3914
7.478280200908874,6,11.0,2466
7.478765823138338,1,1.0,3915
7.478971746009926,1,3.0,3916
7.479204890670909,1,2.0,3917
7.479304161672724,6,53.0,2355
7.479456031773293,1,1.0,3918
7.47988390476657,6,10.0,1938
7.479929829129692,8,3.0,2898
7.47995948938823,7,5.0,1964
7.480458890219411,1,5.0,3919
7.480615896258715,6,4.0,3220
7.480626347754937,6,3.0,2885
7.481117050279851,1,1.0,3920
7.481871419263838,7,47.0,1970
7.482009961502723,1,5.0,3921
7.482286827554261,6,1.0,3276
7.482459909784452,1,14.0,3922
7.482561338684684,9,50.0,1900
7.4826404865242,9,58.0,949
7.4833955589389625,7,53.0,547
7.484260571164848,6,40.0,2302
7.484398698291997,1,8.0,3923
7.48454631520246,7,5.0,393
7.484773771115457,7,6.0,2361
7.484993266614411,6,39.0,2313
7.48506204413952,6,1.0,2006
7.485349840982057,1,1.0,3924
7.48588920855528,6,6.0,2159
7.4859956709675375,1,6.0,3925
7.486345178966527,7,6.0,1190
7.4865389904273,6,4.0,3623
7.486544686518854,1,2.0,3926
7.486701861759626,6,47.0,2933
7.487448243394416,8,11.0,660
7.487536908848516,1,7.0,3927
7.4880533148790835,1,10.0,3928
7.488060579811076,1,7.0,3929
7.488127162985701,7,13.0,1573
7.488268586934954,7,14.0,2345
7.488310366334571,6,40.0,3256
7.48988326817321,6,11.0,3910
7.490168141033861,6,2.0,3864
7.4906406271904435,1,12.0,3930
7.490962506232559,1,2.0,3931
7.491152358163192,1,12.0,3932
7.491461017741081,8,8.0,1726
7.49181884077382,1,20.0,3933
7.4920725961434815,1,1.0,3934
7.492080488975429,6,3.0,1240
7.492243042651327,6,3.0,3002
7.492602814226171,1,2.0,3935
7.49329954163133,1,6.0,3936
7.493667865044787,6,58.0,2867
7.49398189652177,1,10.0,3937
7.494202146932804,1,2.0,3938
7.4944741248896625,1,9.0,3939
7.494710715019127,9,57.0,556
7.494835350744509,8,42.0,3289
7.495747009820031,6,9.0,3890
7.49601304089208,8,5.0,1881
7.4962005467017905,7,49.0,127
7.497421179285412,8,4.0,1328
7.497560940995916,1,7.0,3940
7.49758853886112,1,6.0,3941
7.497750717768256,1,6.0,3942
7.498338477220729,6,7.0,647
7.498409534572311,6,5.0,2607
7.498512497632682,1,6.0,3943
7.498751051032699,7,1.0,912
7.498910136352668,6,1.0,3325
7.4995341548133965,1,7.0,3944
7.4998924215988,6,13.0,3473
7.499999696129033,6,49.0,1493
7.500093802851411,1,11.0,3945
7.501343992901467,1,1.0,3946
7.5015354495718025,1,6.0,3947
7.502043422906245,1,9.0,3948
7.5020722872005186,1,3.0,3949
7.502121374308272,6,3.0,2782
7.50263599276238,6,6.0,3787
7.502859582033682,6,3.0,2298
7.503325265313314,6,15.0,3877
7.503591152936237,8,40.0,2544
7.50407335575646,6,52.0,1494
7.504458523076837,6,60.0,1171
7.504590717209841,1,8.0,3950
7.504715770746314,6,5.0,2925
7.504754342372391,1,1.0,3951
7.504757202115448,7,4.0,1486
7.5048356496080295,1,21.0,3952
7.5048957966522645,6,33.0,2875
7.505005032940005,6,28.0,2293
7.505011140643114,1,33.0,3953
7.505028407103979,9,33.0,1202
7.505067935395881,1,24.0,3954
7.505394888018577,6,1.0,2281
7.505399971186285,1,6.0,3955
7.505492218258548,1,7.0,3956
7.5063378032886625,6,7.0,3202
7.506372376171521,6,4.0,3027
7.5064790883171355,6,2.0,2225
7.506539653439646,6,12.0,3930
7.506836201743686,8,46.0,1270
7.5069387117939215,7,8.0,930
7.507025310590602,7,17.0,284
7.507097942570037,1,7.0,3957
7.507215293109262,6,5.0,3663
7.507428002180804,2,58.0,3958
7.507917162720514,1,26.0,3959
7.50843857212781,6,3.0,2484
7.5090268071521535,1,2.0,3960
7.50996302740473,6,8.0,2873
7.510066863889264,6,8.0,3490
7.510082491380717,1,4.0,3961
7.511187514432343,2,29.0,3962
7.511348396569695,6,5.0,3011
7.511414564785378,1,3.0,3963
7.511478445055396,1,2.0,3964
7.511693472021078,7,36.0,1256
7.511697810833067,1,2.0,3965
7.511784513869123,8,51.0,3631
7.511928137680013,7,2.0,2430
7.512258003030043,6,3.0,3751
7.512396170770328,1,19.0,3966
7.512430439727141,1,3.0,3967
7.5124825679086245,6,4.0,3665
7.512644122310773,7,44.0,642
7.513201502061702,9,19.0,2680
7.513480863737493,6,5.0,3377
7.513579883339555,8,1.0,3259
7.513590161162817,6,4.0,3762
7.513664282031882,6,5.0,3743
7.513769188240033,7,20.0,606
7.5138429104547475,1,2.0,3968
7.514448708688701,6,2.0,3323
7.514468191372949,1,33.0,3969
7.515379894322542,6,53.0,618
7.515550274916567,8,43.0,1030
7.515566719015786,1,1.0,3970
7.516155230271776,1,1.0,3971
7.516311648584186,1,6.0,3972
7.516366705474157,1,4.0,3973
7.51661619739843,7,13.0,1537
7.516666633879684,6,52.0,1506
7.517158457435417,1,15.0,3974
7.517332339864175,1,2.0,3975
7.517481022182677,9,1.0,1426
7.518065197212161,1,3.0,3976
7.5181082592795985,6,16.0,3722
7.518333798072309,7,6.0,796
7.519167468822005,1,14.0,3977
7.520107198047206,1,5.0,3978
7.5201448667462465,1,1.0,3979
7.520495446104033,6,2.0,2286
7.520711264233364,7,38.0,520
7.520737693468169,7,17.0,757
7.520785608976964,7,41.0,1370
7.520854882910074,1,5.0,3980
7.52096335877676,1,5.0,3981
7.521103178179977,1,3.0,3982
7.523403115731818,1,2.0,3983
7.523988884065024,7,11.0,1768
7.524068270343815,7,33.0,1420
7.524281411160704,1,5.0,3984
7.524292005308075,1,58.0,3985
7.524303591825137,6,2.0,3388
7.525046218804823,1,1.0,3986
7.525315277291147,9,5.0,889
7.526443132411222,6,1.0,3116
7.526507397172402,7,49.0,1507
7.526527157691625,1,3.0,3987
7.526768422286798,1,13.0,3988
7.526791127025788,7,24.0,2818
7.526910418397328,7,6.0,1280
7.527773153867718,1,2.0,3989
7.527808251568005,9,3.0,1490
7.527888925860715,6,3.0,2571
7.528269195308445,6,5.0,3588
7.5289780570399785,1,1.0,3990
7.528984277670286,7,22.0,415
7.529127589239994,6,17.0,2804
7.529501353437815,1,2.0,3991
7.52989728805406,3,57.0,3992
7.53001312375092,1,3.0,3993
7.530246495758664,1,2.0,3994
7.530348716575177,6,51.0,1887
7.530452023854578,7,39.0,1845
7.530493881415518,6,5.0,904
7.530751591759906,6,7.0,592
7.530904661530501,6,6.0,3500
7.530945293730732,8,50.0,1670
7.531049283940114,1,11.0,3995
7.531130800780118,6,2.0,2481
7.5311478338279745,6,2.0,3926
7.53118548978504,6,2.0,3766
7.531309375807027,7,4.0,1155
7.531609462067008,1,6.0,3996
7.531776511265441,1,2.0,3997
7.531965462126133,6,7.0,1651
7.532397862846878,7,56.0,224
7.532926967189658,7,13.0,2125
7.533055257148832,6,9.0,3769
7.5333268707284775,8,41.0,707
7.533520065091681,9,9.0,1710
7.533903409892662,1,34.0,3998
7.533921901420847,9,36.0,1659
7.533925404999306,1,7.0,3999
7.533933585346613,10,57.0,2685
7.534159848857356,1,3.0,4000
7.53507123695052,1,2.0,4001
7.53515164685001,2,3.0,4002
7.535569254412906,1,2.0,4003
7.536069001841121,1,5.0,4004
7.536277257623455,7,34.0,725
7.536622856994517,6,3.0,1642
7.536960021755447,7,3.0,2078
7.536960021755447,16,3.0,2078
7.537228058507505,10,38.0,3823
7.5375406880874,1,6.0,4005
7.537847767903738,6,1.0,2569
7.53791733994784,1,2.0,4006
7.538802614384611,1,8.0,4007
7.538855912125345,7,48.0,134
7.5392285365515495,7,47.0,109
7.540053342751025,1,4.0,4008
7.540561551953893,6,2.0,3013
7.540593687113018,1,14.0,4009
7.540721499353168,1,1.0,4010
7.54109019656358,7,42.0,1166
7.541090354228799,7,47.0,1531
7.541306212043292,7,2.0,1128
7.541399315527681,6,2.0,3523
7.541750727550761,1,3.0,4011
7.542113937328686,7,46.0,378
7.542164795624681,1,1.0,4012
7.54229540535467,1,4.0,4013
7.542514814303861,1,2.0,4014
7.542569372524493,7,36.0,1389
7.542638812991008,6,5.0,3837
7.5428525020004535,6,13.0,3049
7.5428984232904295,7,1.0,1880
7.5429511122274455,7,7.0,1134
7.5434560982838486,1,3.0,4015
7.543458404565273,6,3.0,1285
7.543571057329787,1,6.0,4016
7.543636038252133,8,4.0,2095
7.544043042927431,1,6.0,4017
7.544746166169092,1,6.0,4018
7.544853766388088,6,21.0,3429
7.545158003179191,1,4.0,4019
7.545399951301432,1,10.0,4020
7.545475505683075,1,7.0,4021
7.545515271800328,7,27.0,525
7.545958551311178,8,8.0,1555
7.546318384889832,1,2.0,4022
7.546341626528113,1,3.0,4023
7.546599550427418,6,2.0,3352
7.547635466497388,6,10.0,3257
7.547668359277511,1,26.0,4024
7.547855920000552,6,3.0,630
7.547946017936924,2,4.0,4025
7.548976544448203,1,3.0,4026
7.549209452244977,7,44.0,498
7.550411887591812,6,8.0,2434
7.550528687340758,6,5.0,4004
7.5506019391911785,6,3.0,2705
7.550753379793078,1,14.0,4027
7.551402822428797,6,6.0,3955
7.551457947119754,7,1.0,859
7.551837107421996,6,4.0,3633
7.552250211960427,1,43.0,4028
7.552559906526103,6,6.0,3064
7.552928346534647,7,44.0,1075
7.553411991408,1,3.0,4029
7.553441121652325,1,43.0,4030
7.553561982298582,1,5.0,4031
7.553603956758989,7,2.0,1429
7.553930643873549,7,5.0,691
7.554329937093366,1,28.0,4032
7.554689010710798,7,1.0,1388
7.554749824424408,6,49.0,3464
7.555293201488618,1,2.0,4033
7.555364745953669,7,14.0,1832
7.555419593530454,8,4.0,1436
7.556342946827288,1,3.0,4034
7.556921463762345,6,6.0,3037
7.5571913628451926,6,24.0,2624
7.557488531372476,7,48.0,1095
7.5576073829594606,6,6.0,549
7.557770479584169,1,52.0,4035
7.558342786388441,1,7.0,4036
7.559276168324522,1,1.0,4037
7.559548801223755,1,11.0,4038
7.559897805273203,1,54.0,4039
7.560063071966792,6,1.0,3801
7.560063804090757,6,53.0,2781
7.560753872149042,1,4.0,4040
7.560809116452139,6,5.0,1479
7.561015501585544,6,2.0,3846
7.561531147599197,8,3.0,3286
7.561566782260245,6,17.0,3894
7.561640316336936,1,14.0,4041
7.562352600055313,1,2.0,4042
7.562446476211979,1,2.0,4043
7.562591600909841,8,16.0,1259
7.562621663912658,7,4.0,903
7.562832078585995,7,53.0,1386
7.563153355814805,9,11.0,1656
7.563233941684781,6,4.0,3471
7.563291261843992,1,7.0,4044
7.563363630206567,1,5.0,4045
7.563789941147554,1,4.0,4046
7.5637949460384055,1,9.0,4047
7.563836352149907,6,6.0,3028
7.564099629141096,6,44.0,2701
7.56443505574285,6,3.0,3175
7.564550120730976,6,3.0,2974
7.564695236636207,6,7.0,3418
7.565139405569381,6,6.0,3838
7.565194744152647,1,12.0,4048
7.565441312466528,6,4.0,2953
7.5654725859516985,1,8.0,4049
7.565532465312611,9,57.0,247
7.565697543713454,6,3.0,3911
7.565828011223636,6,7.0,3927
7.565920100104483,9,2.0,2724
7.566006841618502,7,1.0,1206
7.566205210206013,7,5.0,2334
7.566347039444969,9,37.0,795
7.566823804737901,8,5.0,2194
7.566828318680172,6,3.0,2749
7.566861907162304,7,1.0,1164
7.567252767720495,6,6.0,2195
7.5675296806318055,6,1.0,2980
7.56784037287273,7,2.0,760
7.567922814424153,8,3.0,2892
7.56807741845273,9,1.0,830
7.568203236652244,6,1.0,3904
7.568215556383683,6,3.0,3232
7.568350895709641,7,20.0,1012
7.568853600479788,6,2.0,2959
7.569106521449476,7,5.0,2091
7.569149821536433,6,6.0,1213
7.569380835204516,1,11.0,4050
7.569767218083548,1,11.0,4051
7.5698021010550764,6,1.0,2221
7.570099857253032,1,6.0,4052
7.57058682663612,1,2.0,4053
7.570752214375308,1,3.0,4054
7.571085467599757,8,60.0,3079
7.5713498418143415,6,1.0,3366
7.572250713125761,6,8.0,3583
7.573235664047672,7,22.0,2057
7.5742023101076725,1,4.0,4055
7.574564741716499,1,3.0,4056
7.574770093583095,7,44.0,1470
7.575271940878044,1,19.0,4057
7.575353679874483,1,4.0,4058
7.5754786665086264,1,4.0,4059
7.576021418278183,1,6.0,4060
7.576124329245875,6,7.0,3956
7.577903745940646,1,3.0,4061
7.578107311265249,1,2.0,4062
7.578393879568242,6,37.0,1987
7.578442834517096,6,2.0,3535
7.578683937423766,6,16.0,970
7.578814554036118,6,3.0,4061
7.579894502600169,6,1.0,2721
7.5803588582880215,1,3.0,4063
7.580620526057946,6,3.0,3527
7.580644577944566,1,2.0,4064
7.581066542133733,1,8.0,4065
7.58156722811194,7,16.0,816
7.581801423809885,1,2.0,4066
7.5818241125281185,6,2.0,3859
7.582126184855556,6,1.0,3314
7.583815019741812,6,9.0,3162
7.584058149025346,6,41.0,3502
7.584066372650623,7,38.0,1018
7.584997267095014,1,3.0,4067
7.585069535870876,1,17.0,4068
7.5853566003121236,1,7.0,4069
7.585476202410222,1,4.0,4070
7.5855462338857444,6,15.0,2917
7.585654688996401,7,2.0,1156
7.585809807742422,6,2.0,2975
7.5874240115150755,1,1.0,4071
7.587668459978724,6,15.0,3097
7.588061404364403,9,10.0,300
7.588281441840231,7,5.0,826
7.588306970130833,6,4.0,2915
7.5883392383636465,9,1.0,1595
7.588370538776606,6,3.0,1594
7.588663276456083,6,5.0,3726
7.588954824450306,3,19.0,4072
7.589264910965101,1,5.0,4073
7.589671205936084,1,37.0,4074
7.590112287402361,6,36.0,2961
7.590170708958981,9,41.0,707
7.59051742342223,1,4.0,4075
7.591130969459656,1,55.0,4076
7.591193255472392,7,26.0,1097
7.59160619284553,6,4.0,2841
7.591667677154996,9,5.0,2930
7.5921311138187875,6,34.0,1957
7.59225094586908,9,51.0,1451
7.592906847239878,6,14.0,3748
7.5932999104158965,1,1.0,4077
7.593346795203814,6,11.0,3440
7.593616907111016,8,1.0,2281
7.59366020035468,7,5.0,2551
7.593705600623897,7,2.0,918
7.593773130952877,8,5.0,4004
7.594156782404726,6,14.0,3594
7.594501838340036,7,22.0,698
7.595335374375961,1,2.0,4078
7.595440716954947,8,1.0,1161
7.595610168214334,6,59.0,680
7.595723104139402,7,59.0,256
7.596258908778315,6,45.0,3870
7.596322705092124,6,3.0,3821
7.597621380558923,1,2.0,4079
7.59780701507292,9,53.0,162
7.598364267308496,1,4.0,4080
7.59858880045031,1,1.0,4081
7.598638006701841,7,29.0,535
7.598689100272581,1,9.0,4082
7.5996185220745325,7,2.0,1593
7.600260355111677,6,60.0,3627
7.6010817805126605,1,3.0,4083
7.601097928373438,6,9.0,1347
7.601098416805797,8,12.0,1884
7.601244612940095,9,11.0,381
7.601352880983133,7,1.0,2233
7.6013776873961145,7,5.0,929
7.601923985461718,1,5.0,4084
7.602061141946681,6,6.0,3947
7.602386718441899,6,26.0,1831
7.602447109310012,8,31.0,998
7.60311544451877,9,5.0,2063
7.603216650015586,1,7.0,4085
7.603671296879334,7,35.0,1265
7.603745053390008,1,4.0,4086
7.603846976174108,1,1.0,4087
7.604203843433116,1,17.0,4088
7.60446681254537,7,59.0,896
7.604773498247406,7,50.0,2405
7.604955238520893,1,21.0,4089
7.605053486110143,1,1.0,4090
7.605370164534359,1,3.0,4091
7.605646920524274,1,29.0,4092
7.605661557176454,7,24.0,1950
7.606829306769295,1,2.0,4093
7.607162972057938,6,33.0,3736
7.6073798624480915,6,60.0,2911
7.607552070214676,6,1.0,3770
7.607561107605479,8,9.0,3613
7.607633429909427,6,4.0,4070
7.60788365642915,6,56.0,2471
7.608295239406085,1,1.0,4094
7.608329037718642,6,56.0,3059
7.608777580650894,1,5.0,4095
7.60920192422342,9,5.0,243
7.60962392160735,6,6.0,940
7.609625263297668,7,5.0,1622
7.61052911062035,7,5.0,1912
7.610569796094759,1,1.0,4096
7.610604463821173,1,4.0,4097
7.61111129256877,6,1.0,3468
7.61113031217269,6,3.0,3052
7.612693393137161,1,1.0,4098
7.612855985214606,6,1.0,3706
7.613297944391591,6,6.0,3730
7.613528854688019,8,3.0,3232
7.613830081329478,8,56.0,1301
7.614122079505686,6,7.0,3944
7.614954286930326,1,15.0,4099
7.614958169108903,1,1.0,4100
7.615512732993241,6,2.0,3574
7.615945251296818,1,2.0,4101
7.616131713610174,6,2.0,3746
7.6174401569635615,1,10.0,4102
7.617726338672905,9,2.0,477
7.617800730814947,6,4.0,2415
7.6180366132476625,6,48.0,2245
7.618189339519129,6,6.0,3545
7.619050895234771,1,6.0,4103
7.619053144884901,1,20.0,4104
7.620242807983864,1,3.0,4105
7.620382178203327,1,1.0,4106
7.620452767906163,6,54.0,2861
7.620746375036427,6,1.0,3920
7.620847849453083,1,31.0,4107
7.620861291474544,6,16.0,3321
7.620881059227829,1,2.0,4108
7.620995188083529,1,1.0,4109
7.621392763797155,1,2.0,4110
7.621860402282215,1,2.0,4111
7.621906874852141,6,42.0,2543
7.622414630072565,7,4.0,1783
7.6224810030160395,7,3.0,1170
7.62248927733671,8,1.0,3280
7.622533497446363,6,3.0,2650
7.623396805599053,9,5.0,748
7.623470949551645,6,3.0,4063
7.623566190934126,1,2.0,4112
7.624091799097235,7,1.0,633
7.62464038665941,6,35.0,3449
7.624814286907127,1,20.0,4113
7.625447390271036,6,5.0,3469
7.625779008594048,9,6.0,1737
7.6261379822929705,1,20.0,4114
7.626413408676735,8,3.0,1551
7.626783577046247,6,58.0,3778
7.626883418979929,6,2.0,3382
7.627087116369312,6,5.0,1527
7.6271138482764815,6,3.0,3987
7.627336399448987,6,5.0,3702
7.628218224093333,7,11.0,1221
7.628861651535584,6,2.0,2909
7.629883930115815,6,12.0,2897
7.6300081542621045,6,2.0,2886
7.631139562099762,6,1.0,4109
7.631141851133981,7,1.0,856
7.631499766401297,6,60.0,1954
7.631521462050623,6,2.0,2118
7.631669855441858,1,4.0,4115
7.63206779543583,8,24.0,1918
7.632073558715714,7,7.0,248
7.632265769261449,7,22.0,1231
7.632335705960459,8,41.0,1963
7.632477514288389,6,60.0,2476
7.632537214759166,8,6.0,1920
7.632575918387283,1,1.0,4116
7.632673452172589,1,5.0,4117
7.63278765104844,6,15.0,2308
7.63304747066141,7,8.0,1771
7.633322018301981,7,8.0,1888
7.633666379580704,6,37.0,3684
7.633858786049934,6,2.0,4064
7.634219925579172,8,14.0,3737
7.635673444962204,1,1.0,4118
7.6357630965507095,6,6.0,3266
7.6362519336879835,9,32.0,3252
7.636282954910502,7,52.0,1361
7.636557381997977,7,49.0,867
7.636577220126754,7,41.0,500
7.636771760141706,6,11.0,4050
7.636853658130578,6,17.0,2139
7.638163162004743,1,37.0,4119
7.638825020124315,6,43.0,4030
7.638925460010967,1,3.0,4120
7.639089210007164,9,2.0,624
7.639177920029818,6,1.0,2702
7.639300756110517,6,9.0,3760
7.639471767046913,1,1.0,4121
7.639862455223447,6,6.0,3354
7.640165097159562,1,24.0,4122
7.6402481075123525,7,1.0,1816
7.640517194909503,1,2.0,4123
7.640756752357977,1,2.0,4124
7.6409766797398655,1,12.0,4125
7.64131023893907,1,11.0,4126
7.641399882130464,1,59.0,4127
7.641586522596738,8,16.0,2333
7.641799103539288,6,12.0,3874
7.642144327619706,2,8.0,4128
7.642742975359754,6,47.0,1246
7.642754395898123,6,2.0,3039
7.643087118942297,1,12.0,4129
7.643347494355756,1,3.0,4130
7.64388546667467,1,21.0,4131
7.644647053347857,6,3.0,1808
7.644660517928228,1,9.0,4132
7.645013632108605,1,1.0,4133
7.645479711023381,6,4.0,2600
7.645850380597361,1,3.0,4134
7.645997986325154,1,8.0,4135
7.646230394176293,1,9.0,4136
7.6462755266575755,6,38.0,2639
7.647086859803312,6,20.0,3933
7.647111487331458,6,4.0,3138
7.647412435815034,8,6.0,2363
7.647977970563078,6,22.0,3863
7.6488994471048635,6,5.0,388
7.648940549912806,6,1.0,4098
7.649157204954874,6,3.0,3095
7.649440297934551,1,6.0,4137
7.649604634926634,7,5.0,2202
7.6496528072146965,8,35.0,1566
7.649697948885723,6,49.0,2739
7.649757284855532,1,4.0,4138
7.650178086427805,6,2.0,3601
7.6502489609606465,6,56.0,3900
7.650472456146352,1,1.0,4139
7.651023257332305,1,8.0,4140
7.651274060229411,6,3.0,2674
7.651803387280631,6,2.0,3351
7.652039635800576,1,1.0,4141
7.653594193724308,1,58.0,4142
7.65413070911767,6,37.0,4119
7.654368162809185,1,2.0,4143
7.655293829861362,6,38.0,844
7.655297815047594,1,1.0,4144
7.65533666507043,1,1.0,4145
7.655795648270924,1,11.0,4146
7.655979315127993,6,9.0,3734
7.656203679084552,1,4.0,4147
7.656264033409642,1,7.0,4148
7.656490093860205,6,1.0,2764
7.656807261682995,9,3.0,1700
7.656958671261595,9,6.0,1606
7.657345954802352,8,2.0,2774
7.65763920948092,1,16.0,4149
7.658091591317904,8,2.0,2454
7.658136756030913,1,2.0,4150
7.6582321610466275,6,35.0,3572
7.6583621696097826,6,1.0,2928
7.658385109420103,1,29.0,4151
7.658667651063956,9,10.0,893
7.659011567055073,8,3.0,883
7.659993473345181,1,15.0,4152
7.660117603381589,6,1.0,3632
7.660731991211479,1,12.0,4153
7.660742537792982,6,4.0,2438
7.6615272009842785,1,2.0,4154
7.661670934132276,6,6.0,3619
7.662312309804233,1,1.0,4155
7.662380875195213,6,20.0,3224
7.662650842084886,6,5.0,3589
7.662733264716205,6,6.0,4017
7.663021911870613,7,52.0,1945
7.66314453447522,6,23.0,704
7.663301656229145,1,15.0,4156
7.663817627863338,6,18.0,3616
7.6641731072122505,1,1.0,4157
7.665705234191143,6,2.0,2560
7.665932974735994,7,1.0,1302
7.666111844291029,6,1.0,3380
7.666260349215729,6,2.0,3294
7.666488793946005,6,11.0,3692
7.666512097616002,6,11.0,3548
7.66655620014728,7,31.0,1947
7.667043939104229,1,1.0,4158
7.667481623777376,7,15.0,1694
7.668600207380268,7,1.0,1822
7.6688732452455195,1,3.0,4159
7.6693065563975,6,46.0,2497
7.670057278373635,8,5.0,3837
7.670278161295801,1,25.0,4160
7.6705050870945115,6,4.0,4046
7.670686662643094,6,2.0,1793
7.670816271051671,1,11.0,4161
7.670930829067618,1,8.0,4162
7.670942497067722,1,2.0,4163
7.670954240900029,7,44.0,1015
7.671024202295049,7,2.0,771
7.671098856618093,6,8.0,1604
7.671273971541647,7,51.0,1842
7.671458226365262,7,11.0,1745
7.671487786155248,1,18.0,4164
7.671631314596985,8,34.0,1998
7.6728008311161355,8,52.0,1624
7.672930543316562,1,2.0,4165
7.673422882118667,1,3.0,4166
7.673748318397872,7,13.0,2058
7.673748391645821,1,26.0,4167
7.674018715104148,7,4.0,745
7.674292234987956,1,3.0,4168
7.674504414449551,1,19.0,4169
7.674517348636189,1,2.0,4170
7.674871428068396,9,22.0,3242
7.675005975601107,1,14.0,4171
7.67503192900628,6,5.0,3744
7.675557953360197,7,35.0,2450
7.675557953360197,16,35.0,2450
7.675784687612044,6,2.0,1523
7.6758320734214625,6,5.0,3211
7.677139736562889,7,6.0,1276
7.677166143951456,6,1.0,3466
7.677643123487258,1,16.0,4172
7.677662933239189,1,2.0,4173
7.678117582346731,1,3.0,4174
7.678238458339621,1,30.0,4175
7.6784279773242226,8,18.0,2099
7.678654109295247,1,5.0,4176
7.679199068474575,6,26.0,1762
7.67922407509264,6,5.0,3219
7.679893936297559,1,48.0,4177
7.680169191874255,8,15.0,3279
7.680170817115052,1,3.0,4178
7.680444502896995,8,9.0,1632
7.680682153460117,6,5.0,877
7.681224770132865,9,1.0,797
7.681265795264266,1,1.0,4179
7.6820301766118435,1,2.0,4180
7.682231324923712,1,5.0,4181
7.68269952137984,1,43.0,4182
7.683313732838483,1,7.0,4183
7.684450193988402,6,4.0,3299
7.6852910568578885,8,8.0,2455
7.685815977274961,1,13.0,4184
7.6858428038799245,6,1.0,3438
7.68599186095632,1,7.0,4185
7.687254911379238,6,11.0,3883
7.688272868286517,1,1.0,4186
7.688277952668268,7,2.0,1539
7.688793403229258,1,25.0,4187
7.688876190810178,7,3.0,2220
7.6891800838715945,7,4.0,1917
7.6896378648749835,1,11.0,4188
7.689676147734991,1,3.0,4189
7.689791089406619,9,60.0,608
7.69056191176701,7,2.0,1462
7.6911370106828985,6,8.0,2802
7.691503189817977,7,42.0,668
7.691554407785236,6,1.0,2452
7.691812508533667,1,1.0,4190
7.691857541920023,6,1.0,3915
7.69255370729498,7,4.0,1784
7.693179087400715,7,4.0,1886
7.693246980380923,6,58.0,3042
7.693411204966958,1,1.0,4191
7.693664338979767,1,5.0,4192
7.693673356516865,1,5.0,4193
7.6937622785348365,1,1.0,4194
7.693971104651,9,51.0,782
7.694225120574833,6,8.0,3789
7.694299325428132,1,9.0,4195
7.694458135577193,9,36.0,293
7.694514887493723,6,8.0,4049
7.694890312554015,6,2.0,4143
7.6950178434939245,6,4.0,2871
7.695047690433775,1,1.0,4196
7.695205557230811,1,2.0,4197
7.695209582872571,1,5.0,4198
7.6953319306525785,1,5.0,4199
7.695416018642423,6,6.0,1852
7.695720147580327,6,1.0,2151
7.696683824785087,7,1.0,1798
7.6972173927114556,7,55.0,376
7.697557897823433,8,5.0,2635
7.697941394945801,6,3.0,3026
7.697951457865187,6,8.0,2907
7.697952752646195,1,1.0,4200
7.698059477586777,1,1.0,4201
7.698069338711235,6,5.0,1367
7.69824685190778,6,12.0,2500
7.69828279306019,1,9.0,4202
7.698333548462929,8,59.0,1571
7.698880795327674,1,1.0,4203
7.698970275299846,6,1.0,2773
7.699336127871652,7,2.0,804
7.700140179641079,1,5.0,4204
7.700572407910709,2,2.0,4205
7.700801861763407,8,5.0,2978
7.701137248743105,6,8.0,2294
7.7012917950070845,1,6.0,4206
7.701384937492143,6,12.0,3579
7.701491146913006,6,26.0,4167
7.701682477765588,6,7.0,2712
7.702465704783621,9,12.0,1884
7.702847733823672,6,6.0,2770
7.7033337794218175,1,6.0,4207
7.70338649698162,7,1.0,307
7.703705386915804,7,2.0,2230
7.7047072416986895,6,11.0,1824
7.704934022944789,7,26.0,326
7.7057070030825825,6,1.0,3835
7.705750572793582,1,2.0,4208
7.70627228123824,1,5.0,4209
7.706400401491833,1,27.0,4210
7.706775265920617,1,2.0,4211
7.707016462709987,7,4.0,1145
7.707065043360696,6,9.0,2645
7.7073664866767695,6,1.0,3934
7.707451866750318,1,36.0,4212
7.70759692370523,6,6.0,3061
7.708107661022465,1,7.0,4213
7.70826619176261,8,6.0,2246
7.708600732623479,7,2.0,1425
7.708743114139739,1,16.0,4214
7.708977115763436,6,5.0,3980
7.709004577763043,1,1.0,4215
7.709257190023889,7,11.0,1786
7.709391517999549,6,6.0,3685
7.709666109682295,1,6.0,4216
7.709767950993508,8,5.0,3660
7.711302190661915,7,6.0,1644
7.711302190661915,16,6.0,1644
7.71136210135436,1,2.0,4217
7.711375194129802,6,14.0,4027
7.7119448792286605,6,1.0,3170
7.712001397801227,1,2.0,4218
7.7120281190727695,7,3.0,2389
7.71264425275229,7,2.0,954
7.71273144051734,1,3.0,4219
7.712759264779232,6,4.0,3725
7.712774303133826,7,59.0,1803
7.713044374670338,1,3.0,4220
7.713591107257242,8,12.0,1094
7.713701493873749,7,8.0,1375
7.714260409654806,1,1.0,4221
7.714343572460064,6,6.0,3925
7.714601641992054,7,49.0,222
7.714960220121986,8,38.0,1904
7.715216926342675,6,1.0,3410
7.715456279308345,6,1.0,3017
7.715628419546661,6,1.0,3565
7.715707174073162,1,3.0,4222
7.716403087228071,6,2.0,4022
7.716528939215927,6,1.0,3227
7.716567210918407,7,1.0,612
7.716613645885444,2,40.0,4223
7.716662237240211,1,14.0,4224
7.717093349697603,6,1.0,2793
7.717373599773274,6,3.0,3200
7.717413271637154,7,2.0,1636
7.717739997146425,7,1.0,814
7.718001440052236,8,3.0,1083
7.718053444174103,1,7.0,4225
7.718185578096299,7,4.0,478
7.718489735708631,1,9.0,4226
7.71941059607771,1,1.0,4227
7.719821884918822,7,21.0,1357
7.719884794346169,1,4.0,4228
7.720129057106933,6,8.0,2923
7.720152084614754,1,2.0,4229
7.720589588397791,6,13.0,2696
7.72156735564838,8,1.0,3208
7.721710276187191,1,9.0,4230
7.722066844150668,7,47.0,3479
7.722677117355712,6,2.0,352
7.722728958405063,6,2.0,3799
7.722736550782249,6,5.0,3788
7.723125261308169,8,4.0,1975
7.723151503638659,6,2.0,1395
7.7235256662009615,1,3.0,4231
7.723701998521755,1,2.0,4232
7.7238192137540125,1,25.0,4233
7.7242149342763735,6,5.0,3193
7.7243772819375,1,4.0,4234
7.724386693508809,8,3.0,504
7.724449417682683,6,1.0,2902
7.72450461064557,6,47.0,3367
7.725099067332859,1,18.0,4235
7.7253725591953515,7,7.0,2117
7.7254092541601835,9,1.0,901
7.725650496052619,9,7.0,669
7.7257316302935015,6,6.0,3374
7.725849248204904,1,3.0,4236
7.7258550527852945,1,1.0,4237
7.726080188715271,1,41.0,4238
7.726337488166561,6,4.0,2319
7.72673033218416,1,47.0,4239
7.727057773620809,7,34.0,2108
7.727461368016367,1,13.0,4240
7.727756677376351,9,49.0,1509
7.727757585136853,8,33.0,1194
7.728160505838772,7,18.0,1350
7.728206356625577,6,47.0,3312
7.7283546266326635,1,9.0,4241
7.728433360209405,6,6.0,3906
7.728798052324169,1,16.0,4242
7.728815043557046,1,3.0,4243
7.728847971965336,9,43.0,1030
7.729482467004024,1,2.0,4244
7.729527585840502,7,7.0,2304
7.73041740171475,7,2.0,1504
7.730446758212693,1,2.0,4245
7.731047203024857,1,11.0,4246
7.731176670346338,6,26.0,3959
7.731315958710449,9,24.0,798
7.731321241001272,1,2.0,4247
7.731690972118694,1,7.0,4248
7.73201717006414,2,24.0,4249
7.732777597678699,1,6.0,4250
7.732802737095926,7,3.0,2079
7.732996518732886,8,6.0,1213
7.733409354256274,1,1.0,4251
7.7337403192680885,6,2.0,2396
7.733866185173273,1,2.0,4252
7.733952908828083,1,3.0,4253
7.734125387494519,1,10.0,4254
7.73435128938789,1,3.0,4255
7.734751751413501,9,44.0,1709
7.734841333805809,6,1.0,3297
7.734871169845439,6,5.0,952
7.735384259713598,6,30.0,4175
7.735429307519868,6,14.0,3222
7.735921184402848,6,2.0,3512
7.7360135029135595,8,48.0,2175
7.736250216881416,6,2.0,3866
7.73637543299474,6,25.0,3879
7.736378027388154,1,2.0,4256
7.737074807027003,1,7.0,4257
7.7373967664392636,1,4.0,4258
7.737586484390743,6,3.0,1648
7.737883824845261,8,19.0,891
7.738162266256434,1,5.0,4259
7.738223422699286,6,1.0,3554
7.738457109797433,1,2.0,4260
7.7386475117484,6,8.0,3078
7.739389848567385,6,1.0,1766
7.739678059687935,6,3.0,4166
7.739828812110343,6,4.0,4258
7.739828943899651,6,3.0,2602
7.739879938308247,9,56.0,359
7.740217796848543,1,4.0,4261
7.740512378812479,6,5.0,1804
7.740973440815241,6,11.0,3893
7.741137246504918,1,3.0,4262
7.741207315262482,1,8.0,4263
7.741456381069046,6,57.0,1306
7.742533311426914,6,5.0,3858
7.742671347910672,8,2.0,3284
7.742902521231512,6,1.0,2648
7.742968556002456,6,1.0,2428
7.743224337530875,7,3.0,2565
7.7433773849149405,1,26.0,4264
7.743922064004579,6,8.0,2783
7.744924337529145,1,8.0,4265
7.74577041253664,1,1.0,4266
7.745874251413654,6,7.0,3957
7.745984669800048,6,3.0,3967
7.746009292769081,6,3.0,4002
7.746469289051808,1,8.0,4267
7.746532027304304,6,11.0,2951
7.746639236876138,9,2.0,1004
7.746670157509146,1,8.0,4268
7.746720558489303,1,1.0,4269
7.746889252339572,6,43.0,472
7.747263098252553,6,1.0,4081
7.747703344497294,6,1.0,3381
7.748075415397389,1,34.0,4270
7.7483102211040595,9,4.0,2095
7.748494515428667,6,2.0,3740
7.748883962161069,6,3.0,4178
7.749534224753518,9,7.0,1304
7.749931652018755,1,5.0,4271
7.750303126090979,6,7.0,3840
7.750371179697403,7,10.0,2022
7.750704710294977,7,50.0,1084
7.751054485278041,6,31.0,4107
7.75191331865716,1,46.0,4272
7.752343925071389,7,5.0,781
7.752487445636918,8,5.0,3152
7.7526147031060155,7,17.0,1400
7.752629098714465,6,2.0,3654
7.752819554633957,6,1.0,3035
7.754025569141119,1,16.0,4273
7.754042944960701,8,1.0,1877
7.754196375408913,1,3.0,4274
7.754714916986646,7,14.0,297
7.754894953655992,6,1.0,3248
7.755056041907336,7,30.0,526
7.755704182424993,1,4.0,4275
7.7562339268071065,1,2.0,4276
7.756896157613605,7,6.0,422
7.757153674106078,1,11.0,4277
7.7573418080281655,6,59.0,1390
7.757783305827392,6,26.0,3419
7.757943084327561,1,3.0,4278
7.758044359749355,7,5.0,1000
7.75841838740891,7,47.0,128
7.758634686222007,6,6.0,4052
7.759057255091099,1,7.0,4279
7.760172022391985,2,22.0,4280
7.7602078545287245,7,3.0,1157
7.7604943862347655,6,1.0,2665
7.7620268842515605,6,1.0,4094
7.76259759930235,6,1.0,4237
7.763092434975277,6,2.0,2323
7.763209927441746,1,2.0,4281
7.763629013741822,6,51.0,3098
7.763660939456274,1,41.0,4282
7.763851821099745,7,47.0,846
7.764043356335674,6,12.0,3932
7.764167180213181,6,22.0,3387
7.764215344852688,1,13.0,4283
7.764377419938105,6,4.0,3756
7.764399980090255,1,32.0,4284
7.76478671632907,7,21.0,1546
7.76514921860132,1,14.0,4285
7.765724743993574,6,4.0,3581
7.765874648131695,6,11.0,4277
7.765955893673104,1,1.0,4286
7.765998483336111,1,5.0,4287
7.766678155110406,1,1.0,4288
7.76706845781497,6,53.0,1414
7.767283141856471,1,7.0,4289
7.767463299058802,7,55.0,864
7.76764632238763,6,16.0,2376
7.767651516357452,7,8.0,2142
7.7677022345841165,6,4.0,4275
7.768038028072656,7,1.0,705
7.768472962529729,1,8.0,4290
7.768677988205264,1,4.0,4291
7.768774067720576,6,3.0,3676
7.7689881501794185,7,19.0,564
7.769399414366195,6,1.0,3225
7.769803957089174,7,11.0,1251
7.7701490867551835,1,1.0,4292
7.770344770833592,1,1.0,4293
7.770656635404534,1,12.0,4294
7.770830744273607,1,14.0,4295
7.770878140482674,7,2.0,1817
7.771161993672504,6,3.0,4231
7.7712847038467725,8,18.0,2205
7.771287109246273,6,3.0,712
7.771515558452929,1,5.0,4296
7.772290842442924,8,5.0,1856
7.772331195263522,1,7.0,4297
7.773254062511348,6,3.0,4189
7.7733581305378925,8,2.0,3233
7.77339877324096,1,3.0,4298
7.773528855936833,9,5.0,1856
7.773589907964426,7,1.0,740
7.773612112323771,1,2.0,4299
7.7745819816278985,6,11.0,270
7.774752465691829,1,4.0,4300
7.774942577032816,6,1.0,3580
7.775354492829335,6,5.0,3831
7.775906138154469,6,44.0,2005
7.775979635752636,1,1.0,4301
7.775990326734054,1,5.0,4302
7.776031115445123,1,7.0,4303
7.776159734808518,1,2.0,4304
7.776268557502866,1,6.0,4305
7.776514459479465,6,32.0,2000
7.7767962417202465,8,3.0,371
7.777365531709526,6,2.0,4165
7.778188518085204,1,4.0,4306
7.778256462788846,8,21.0,3429
7.779127148869068,1,1.0,4307
7.779245519798571,1,5.0,4308
7.779645894382773,6,8.0,3857
7.779896806081933,1,3.0,4309
7.779943934659513,6,13.0,2081
7.780308855252605,1,2.0,4310
7.78057818212195,7,8.0,1158
7.780616246689079,6,5.0,3825
7.78101192139586,1,8.0,4311
7.781072055799516,6,1.0,2164
7.7814751621641856,6,22.0,4280
7.781602488597441,9,56.0,456
7.78177469439233,6,5.0,3307
7.782165174132788,6,11.0,3474
7.783395490851122,7,5.0,2492
7.7834084533182315,6,7.0,3365
7.783627727419236,1,5.0,4312
7.784254058533936,8,7.0,2187
7.78448179065794,1,5.0,4313
7.7845155930291945,1,16.0,4314
7.784744224919035,6,2.0,4079
7.784751026543345,9,50.0,321
7.785104133951477,8,7.0,3031
7.785238639150953,6,1.0,2663
7.785807362578978,6,34.0,3383
7.786071762157579,7,12.0,1023
7.786427137323026,6,1.0,1812
7.78688116749685,7,10.0,1025
7.787287893415801,6,40.0,272
7.787310524803601,1,7.0,4315
7.78753333505653,1,2.0,4316
7.788420610200066,9,9.0,1372
7.788546740401343,8,59.0,1295
7.7885789425314425,6,41.0,4238
7.789077719485865,6,7.0,3096
7.789155837534681,6,5.0,866
7.78965448365071,1,1.0,4317
7.789742558728698,1,2.0,4318
7.7901636096352505,7,9.0,1393
7.790319711988328,6,60.0,1522
7.791144509888357,7,1.0,3439
7.791354930992063,1,34.0,4319
7.791680310559585,1,1.0,4320
7.792341757312431,1,6.0,4321
7.7925225655336,7,2.0,1755
7.792774432719911,7,14.0,1946
7.7931404951445105,6,3.0,3709
7.793309651438771,6,9.0,3261
7.793379899028949,6,12.0,4048
7.7933994556659725,6,36.0,3720
7.793909558872625,7,48.0,1899
7.7940050633674085,1,2.0,4322
7.794488170660341,6,3.0,3754
7.795232736410223,1,10.0,4323
7.795346205086306,7,15.0,1297
7.795741417358853,6,13.0,2707
7.795741526664466,1,13.0,4324
7.79582356713033,1,3.0,4325
7.796068146272452,6,2.0,3124
7.796161499646521,6,3.0,2605
7.7968171092142935,7,56.0,3507
7.797848793635679,7,31.0,1687
7.7979729522177275,6,8.0,3899
7.798529401631553,6,2.0,4154
7.798845971744825,8,20.0,2161
7.798943312075441,1,31.0,4326
7.798962029368711,1,3.0,4327
7.799545557659927,7,5.0,770
7.79971003526458,6,14.0,2553
7.800027205394223,7,4.0,536
7.802020665985797,1,24.0,4328
7.802058488149672,6,3.0,3171
7.8020591880678944,1,2.0,4329
7.802236602662372,7,2.0,2032
7.802319738222105,1,1.0,4330
7.802475021062933,1,4.0,4331
7.8025057518193455,1,4.0,4332
7.802666365477895,7,14.0,1419
7.803017570788448,6,3.0,3661
7.803085104430867,6,14.0,4295
7.803390173222603,7,60.0,634
7.803519964284902,6,28.0,3677
7.8036311298100935,1,4.0,4333
7.803664704188927,6,3.0,3889
7.804104892465048,6,54.0,2939
7.804394442519133,6,5.0,3020
7.804669221945821,6,13.0,3558
7.804742678059165,1,2.0,4334
7.804865611095873,1,56.0,4335
7.805015852266976,6,26.0,2596
7.8052975118350325,6,26.0,3803
7.805329259373414,8,2.0,1521
7.805457573157546,6,1.0,3806
7.806003375316155,6,5.0,3198
7.806531263978555,6,4.0,312
7.806724271816143,6,1.0,4292
7.807001528159837,1,42.0,4336
7.807169521059944,6,1.0,4096
7.807710240727518,1,1.0,4337
7.808064602598803,1,6.0,4338
7.808103419010542,1,2.0,4339
7.8082537240502425,7,2.0,1024
7.808735911818355,1,2.0,4340
7.808931760457864,6,52.0,3238
7.809338665463616,1,1.0,4341
7.809463230231078,6,28.0,3036
7.809686104791807,6,5.0,2567
7.809754683674576,1,5.0,4342
7.809830175423896,1,7.0,4343
7.810107729739343,1,6.0,4344
7.810602383419835,9,3.0,1551
7.81085230334244,1,5.0,4345
7.811381375385479,1,6.0,4346
7.811684212494412,1,31.0,4347
7.811897717423923,6,32.0,2236
7.8119825417620845,6,3.0,3348
7.813468581924812,1,1.0,4348
7.813513413949102,1,33.0,4349
7.813705049153803,7,1.0,1312
7.813709080535416,7,33.0,1826
7.813782536570731,1,2.0,4350
7.813834856802205,1,51.0,4351
7.814173810877188,6,14.0,3820
7.814293092212004,1,3.0,4352
7.814321721896471,7,1.0,528
7.815260510524933,7,5.0,2606
7.815678835727187,7,3.0,1934
7.816415242795564,6,1.0,3755
7.816635736611595,8,5.0,1248
7.816659626052708,1,6.0,4353
7.8167533398013,6,54.0,1178
7.816754962707195,6,6.0,4346
7.816809962845983,1,3.0,4354
7.816972013340337,7,3.0,3273
7.818046090390102,1,2.0,4355
7.81832097387001,1,2.0,4356
7.818469607180788,1,5.0,4357
7.818872837752084,7,6.0,3231
7.818893530048655,6,2.0,3370
7.819075325795294,7,18.0,1847
7.819705957161071,6,4.0,2935
7.819889966160273,7,42.0,1296
7.8216480945869495,1,20.0,4358
7.821854059677017,6,34.0,3606
7.822055737608693,1,6.0,4359
7.822061324334196,6,2.0,2253
7.8222349094169985,6,14.0,4009
7.822590543988759,1,1.0,4360
7.822625549559201,6,4.0,3397
7.82264181186221,1,2.0,4361
7.822683447954599,1,6.0,4362
7.822902272090459,1,6.0,4363
7.8230303323183215,7,8.0,793
7.823535441311725,1,14.0,4364
7.823590804255414,8,2.0,2177
7.824232465936465,1,1.0,4365
7.824789521274828,6,4.0,2957
7.825151172548113,1,6.0,4366
7.825513103674123,1,8.0,4367
7.826211688128579,6,9.0,3867
7.826232004086829,7,46.0,573
7.826527022119227,1,2.0,4368
7.826971282403987,7,33.0,1185
7.827085504213024,7,56.0,997
7.827143488520704,1,2.0,4369
7.827155368345788,1,2.0,4370
7.827179058069595,1,2.0,4371
7.827519649095378,6,13.0,3802
7.827623472965167,7,1.0,589
7.827704546555314,6,1.0,3618
7.827739122810481,1,6.0,4372
7.827775303892168,1,3.0,4373
7.828067081797487,7,10.0,1344
7.828688188657905,6,42.0,2775
7.828728970539224,7,8.0,2278
7.828891875180088,1,1.0,4374
7.828951846747912,6,14.0,4364
7.829230223539974,6,5.0,3595
7.829281277984923,6,27.0,3404
7.829470928036336,6,3.0,4134
7.8295063341392925,1,8.0,4375
7.829655038694414,1,1.0,4376
7.829945491343013,1,43.0,4377
7.830788229184824,1,2.0,4378
7.830928621832324,6,3.0,4253
7.831444983726492,1,2.0,4379
7.832178623346186,6,2.0,4093
7.8323898628729705,16,10.0,40
7.832655783077524,9,1.0,398
7.832749473247495,1,2.0,4380
7.832982732126175,8,52.0,1477
7.833050191685249,6,14.0,2944
7.833660195502295,6,3.0,4011
7.833958628811335,6,1.0,3165
7.834163535981593,6,1.0,3793
7.835321325371697,1,9.0,4381
7.835692932217729,7,51.0,1704
7.837332521720515,2,40.0,4382
7.837336522843143,8,3.0,3967
7.837482358813233,6,8.0,4140
7.837523020054759,8,2.0,583
7.837783184557949,6,5.0,1260
7.838165082698585,1,12.0,4383
7.838554001435991,8,37.0,1570
7.839275156627564,7,1.0,2287
7.839422044253473,7,44.0,350
7.839639866065578,8,3.0,3244
7.8397552765579555,6,2.0,3012
7.84028306985742,1,4.0,4384
7.8404186306289585,7,50.0,1051
7.840859500287125,1,1.0,4385
7.841259193297554,6,7.0,3898
7.841701623144241,8,1.0,1766
7.841737818059081,8,4.0,1645
7.841767215111673,6,1.0,3687
7.841942053385365,1,4.0,4386
7.842214483589485,6,2.0,3288
7.84266472000248,1,12.0,4387
7.843026671046122,1,6.0,4388
7.843257591432549,10,57.0,3992
7.8436333008404535,6,51.0,3537
7.843855889992485,1,7.0,4389
7.844335264524496,7,3.0,1324
7.844652332013261,6,14.0,3811
7.844761469344797,1,2.0,4390
7.845241826152399,6,8.0,4367
7.845765489895827,7,10.0,2318
7.846098599602756,8,1.0,3314
7.846247590822302,1,56.0,4391
7.846571780339213,1,13.0,4392
7.846747325028994,1,2.0,4393
7.846751407392358,8,48.0,1348
7.846936763346978,1,6.0,4394
7.847176688782298,1,2.0,4395
7.847442815734068,1,1.0,4396
7.8474439544208545,1,23.0,4397
7.847484480221199,6,7.0,2053
7.847785440116144,1,4.0,4398
7.848042530404607,1,15.0,4399
7.848199659498212,7,22.0,2977
7.848311909143698,6,57.0,2217
7.848578882977628,7,23.0,1466
7.848776698494824,1,18.0,4400
7.848794311318836,8,2.0,3275
7.848815324338327,6,5.0,3430
7.849007452897819,6,2.0,4316
7.849489812454158,1,6.0,4401
7.849797436903391,1,1.0,4402
7.8506145807195695,1,1.0,4403
7.850910301888222,1,3.0,4404
7.851290900158647,1,8.0,4405
7.8522615610314315,1,1.0,4406
7.85269752131993,7,54.0,2198
7.852777536744769,1,2.0,4407
7.853035868278644,6,3.0,4159
7.85313297262248,7,6.0,473
7.853351798683403,1,3.0,4408
7.853533212113227,6,1.0,3924
7.854158362529583,9,27.0,761
7.854236040334421,8,23.0,2289
7.854408073998074,7,3.0,741
7.854408073998074,16,3.0,741
7.85485321348769,9,57.0,3216
7.854863143411168,1,23.0,4409
7.854895681321909,6,4.0,2457
7.8549920273144735,8,2.0,941
7.855115914567672,8,7.0,2490
7.855398977797153,6,5.0,2494
7.855606270023333,6,8.0,2832
7.855675847177851,6,16.0,3713
7.85760127707152,7,2.0,875
7.857636641329305,7,35.0,2570
7.857760786550492,1,3.0,4410
7.857865476161804,1,2.0,4411
7.85831516238219,7,53.0,1408
7.858335163906794,8,2.0,611
7.858488200254424,7,55.0,1733
7.858518403976076,6,50.0,3856
7.858519495274477,9,14.0,1046
7.859299639676097,7,50.0,1653
7.859303650335329,16,33.0,947
7.859805183688881,6,9.0,3939
7.860926447046179,8,3.0,2120
7.861269908090596,2,2.0,4412
7.86135547370786,6,3.0,2687
7.861357728947132,6,2.0,3528
7.862069518138142,1,20.0,4413
7.8620988092991855,8,5.0,1339
7.862192808414509,7,29.0,2167
7.862338802635652,1,19.0,4414
7.862687220841487,9,43.0,264
7.864801897712042,6,6.0,2745
7.8648126915075505,9,2.0,611
7.865224655695089,7,15.0,188
7.86522638760046,6,51.0,1583
7.865483075428296,7,5.0,1736
7.8656283553918005,9,32.0,1923
7.865636890044167,7,3.0,702
7.866117557425465,7,2.0,1760
7.866543758050297,6,16.0,4172
7.866895103690073,1,10.0,4415
7.867110987035495,1,3.0,4416
7.867145180350322,1,4.0,4417
7.867336542507773,16,5.0,570
7.868075668086545,1,9.0,4418
7.869128507541947,1,1.0,4419
7.869468300781438,7,2.0,1801
7.869567032250047,6,1.0,3649
7.869734327625245,6,60.0,199
7.869889773150923,1,1.0,4420
7.8700323135402925,6,41.0,2823
7.870080191139621,1,1.0,4421
7.870108218116961,1,8.0,4422
7.870872766988501,8,1.0,3417
7.871029199493613,1,13.0,4423
7.871345339673183,6,1.0,3302
7.871586952754872,1,4.0,4424
7.87186024718316,6,16.0,3694
7.8719738042654726,7,7.0,2066
7.872205380662499,6,2.0,4407
7.87301775147699,2,7.0,4425
7.8730419457265235,7,58.0,789
7.8731933167194095,6,3.0,3141
7.873264570852665,6,1.0,2983
7.873486248038123,7,5.0,1966
7.873491734317696,1,1.0,4426
7.8740843876692646,6,55.0,682
7.874742581809711,6,12.0,3203
7.875416121984497,6,4.0,2689
7.875591266237442,7,4.0,1440
7.875845463364331,7,6.0,2215
7.876479617810635,1,1.0,4427
7.876728241853398,1,1.0,4428
7.877048212942483,1,8.0,4429
7.877075095568115,6,1.0,2661
7.877546035867136,6,9.0,1722
7.8778377633958705,7,33.0,1089
7.878072879528733,6,7.0,2273
7.878429815339627,7,10.0,1776
7.878694912267013,1,11.0,4430
7.879023021398453,8,45.0,1794
7.880026191097724,7,2.0,1071
7.880219040476055,1,5.0,4431
7.880222334212974,2,27.0,4432
7.880319106259689,6,26.0,4024
7.880616621743216,1,11.0,4433
7.881157253875704,1,10.0,4434
7.881159948016837,1,6.0,4435
7.881198592216228,6,1.0,4374
7.881387548957014,6,1.0,3882
7.8824022101895554,8,5.0,3744
7.882466013641551,7,3.0,3099
7.8824759579348225,7,55.0,2942
7.882607498689078,1,3.0,4436
7.884022814836103,6,5.0,4342
7.884108279196245,6,60.0,3441
7.884108335379969,9,1.0,1877
7.884141210301476,1,10.0,4437
7.884557173235027,9,3.0,629
7.884717877900717,7,2.0,1203
7.884926122371276,7,57.0,1423
7.885121085486136,7,39.0,317
7.886268728995092,7,3.0,1263
7.886622439882724,6,2.0,3316
7.88679507534046,6,9.0,3132
7.88704892152095,1,57.0,4438
7.887639978004214,6,1.0,4106
7.8877206919219445,6,4.0,3272
7.88779368464125,1,3.0,4439
7.887970083349959,7,4.0,2110
7.88797497250744,8,17.0,2276
7.888191985566129,6,7.0,3729
7.888889956018004,6,51.0,3085
7.889012785878926,1,5.0,4440
7.88909623295641,9,7.0,1310
7.889188378882434,6,1.0,4116
7.889204908984486,1,7.0,4441
7.8901356016016715,7,3.0,2780
7.890169417616189,9,15.0,3279
7.891492287905797,6,1.0,3525
7.892202735594088,6,6.0,4018
7.8924825573960105,1,6.0,4442
7.8927312371246625,6,18.0,4164
7.893121484304052,1,7.0,4443
7.893140822353967,7,51.0,895
7.893225769096212,6,39.0,1515
7.8932948688565086,8,9.0,2856
7.893340619633537,1,4.0,4444
7.893461881248535,1,20.0,4445
7.89378580560764,7,2.0,1989
7.894390999538319,6,3.0,3506
7.8945503636519945,7,45.0,985
7.8947461117072315,1,40.0,4446
7.895547553183243,1,10.0,4447
7.89580012030158,8,41.0,3373
7.896125166922435,1,5.0,4448
7.89617767666511,1,3.0,4449
7.896413910812665,7,2.0,2679
7.896454958875406,1,2.0,4450
7.896579638751331,2,11.0,4451
7.896793509968059,1,16.0,4452
7.897585548522646,1,2.0,4453
7.898402617201229,7,4.0,3570
7.898750688396913,1,1.0,4454
7.898980249740218,6,1.0,3553
7.899010836089083,6,4.0,2716
7.899468534357888,9,1.0,1464
7.899657362117761,6,3.0,1376
7.899794081082444,6,27.0,4432
7.89992609180732,1,17.0,4455
7.8999445796704215,6,2.0,2799
7.9004317297073605,6,6.0,3815
7.901318729413479,1,7.0,4456
7.901366560482017,1,4.0,4457
7.901632788224994,6,3.0,2769
7.902150991028127,7,3.0,2688
7.902714981583162,1,2.0,4458
7.903203274520839,1,8.0,4459
7.903371272992409,7,5.0,574
7.903725264860725,1,7.0,4460
7.90393032044602,6,6.0,4016
7.904019286409184,6,3.0,3880
7.904151492039932,1,9.0,4461
7.904176572866214,8,2.0,2275
7.904783927466299,6,15.0,3758
7.905041584636645,6,3.0,4222
7.90548810698688,6,57.0,1898
7.905807480907966,6,6.0,3598
7.905980521333622,6,10.0,3928
7.906046479290052,6,1.0,4419
7.906348560568915,6,2.0,3547
7.906858745055697,9,22.0,1654
7.906864695070304,6,8.0,2710
7.907044526434333,1,3.0,4462
7.907166429120339,6,7.0,4036
7.907187607622342,1,3.0,4463
7.907781289558406,7,1.0,1922
7.908001850009701,1,5.0,4464
7.9080367631537225,7,33.0,924
7.908118968430568,6,13.0,1677
7.908148232700054,9,57.0,494
7.909054203322223,6,3.0,3777
7.90946694592439,7,46.0,1332
7.909510820853181,1,1.0,4465
7.909683689924784,6,5.0,3356
7.909786339998638,1,2.0,4466
7.910049206558254,6,40.0,2374
7.91017787638852,1,6.0,4467
7.910198545616282,1,11.0,4468
7.911101294741737,1,2.0,4469
7.911347395182177,1,5.0,4470
7.911495040079627,9,5.0,1248
7.9121833410487135,6,1.0,4360
7.912350496698961,9,47.0,932
7.912458561271605,8,49.0,2739
7.912465258155708,6,12.0,3557
7.913501660862381,1,2.0,4471
7.913613811752458,8,2.0,1266
7.913640027984047,1,4.0,4472
7.914180125532479,9,3.0,883
7.914881451098881,1,1.0,4473
7.914971398311261,6,9.0,4241
7.915224820492715,2,46.0,4474
7.915352472888055,7,58.0,1141
7.916469288972707,6,49.0,3250
7.916470028369168,6,3.0,3808
7.916519184978803,7,5.0,879
7.91667258667033,7,26.0,2338
7.916819783036962,6,13.0,2844
7.917050948194426,6,47.0,2893
7.917185793316465,8,6.0,3794
7.917404225590429,8,5.0,3153
7.917426114008153,7,16.0,1298
7.9179349740096585,2,3.0,4475
7.918172683467801,6,12.0,3776
7.918304828660734,1,1.0,4476
7.918682102247242,7,10.0,945
7.919230983098332,7,6.0,2531
7.9193160528264155,6,24.0,3484
7.91986254935374,1,13.0,4477
7.920260177071093,1,5.0,4478
7.920340705850891,1,2.0,4479
7.920649720068727,6,2.0,4173
7.920676953014302,7,10.0,788
7.920762551075355,1,37.0,4480
7.921079566119969,6,58.0,1311
7.921148950855026,6,2.0,3453
7.92118493244261,1,3.0,4481
7.921248765187071,7,6.0,579
7.92131732639945,6,2.0,4395
7.922352034041479,9,5.0,1358
7.922464433628274,1,3.0,4482
7.922769180869604,1,7.0,4483
7.923426703405907,1,3.0,4484
7.923565122596499,2,3.0,4485
7.923810348484767,1,9.0,4486
7.923959579099358,1,15.0,4487
7.9239904367908265,7,22.0,1252
7.924163201501685,6,19.0,2788
7.924408208671579,6,1.0,3292
7.924904071294192,7,11.0,1262
7.925141457412154,6,8.0,1180
7.925152876102922,8,2.0,2446
7.925329782372311,7,1.0,2558
7.925823345874089,1,2.0,4488
7.925870959537722,7,2.0,897
7.9259642310361285,7,8.0,2578
7.9260526832925855,8,4.0,2357
7.92616113414751,7,1.0,1047
7.926302980591292,6,9.0,4461
7.926315097919567,6,41.0,1840
7.927080296985533,6,10.0,4437
7.927793408408132,1,6.0,4489
7.92801619696525,6,3.0,2837
7.928091200424659,1,5.0,4490
7.928152356556652,6,11.0,600
7.928216592031987,6,41.0,3700
7.928651801174758,8,5.0,3174
7.928849538896511,7,51.0,1702
7.928968261768525,1,2.0,4491
7.929298889500243,6,15.0,2811
7.929979552862503,1,5.0,4492
7.930272504570505,6,47.0,2634
7.930674707298305,9,2.0,583
7.93095499460598,6,14.0,3642
7.931004483283208,6,2.0,3761
7.931052443166086,1,2.0,4493
7.932420667740451,6,2.0,4170
7.932613776326218,1,8.0,4494
7.932927685367011,1,1.0,4495
7.933272794130154,1,7.0,4496
7.933961918045515,6,2.0,3994
7.934175223114217,1,4.0,4497
7.93434629272333,1,3.0,4498
7.934480483158361,6,54.0,1820
7.935134387144181,8,5.0,3206
7.935355334389422,6,10.0,2456
7.935374368757801,6,6.0,2631
7.936018702450377,6,3.0,3824
7.936094236744302,6,60.0,1788
7.93610119359551,6,8.0,3264
7.937751484210968,1,2.0,4499
7.938179698104237,1,9.0,4500
7.938203630547596,6,5.0,2250
7.9383989247393005,6,11.0,1387
7.93869070207373,7,29.0,834
7.938742240247639,1,3.0,4501
7.939080500896694,6,59.0,3229
7.9391770247862254,7,2.0,1547
7.940389332905149,1,6.0,4502
7.940580721989978,6,5.0,2723
7.940760673815023,1,2.0,4503
7.941036280284253,6,3.0,4029
7.941142329359074,7,7.0,2806
7.941712273491931,1,16.0,4504
7.941734694344289,6,3.0,2855
7.9419647421140995,7,48.0,717
7.942622085781918,6,5.0,2325
7.942821255864379,6,6.0,3375
7.9432190192919965,9,4.0,1187
7.9438954925958605,1,3.0,4505
7.94502173776577,9,3.0,3286
7.945143069559816,1,2.0,4506
7.946073891489318,6,9.0,3008
7.946389193100382,6,6.0,3941
7.946391467934122,7,33.0,902
7.946637568078093,1,2.0,4507
7.9472970378371315,6,2.0,3041
7.947568007680316,1,5.0,4508
7.947886155819567,1,6.0,4509
7.948270152214334,1,2.0,4510
7.948620740762054,7,3.0,1689
7.9488888381947325,1,2.0,4511
7.949007579873867,1,1.0,4512
7.9494814180723905,7,22.0,1807
7.949723426349325,1,4.0,4513
7.949961424761212,6,2.0,3741
7.950070963644603,1,2.0,4514
7.950263382381924,1,1.0,4515
7.950275426935532,1,41.0,4516
7.950770061845535,1,5.0,4517
7.95094129039908,1,3.0,4518
7.951352451508634,6,3.0,3914
7.951571420654473,6,35.0,3845
7.952274770629422,1,2.0,4519
7.952382321515908,1,4.0,4520
7.953137720808057,1,2.0,4521
7.9535591628353774,1,7.0,4522
7.953844005056078,6,8.0,3950
7.954545307843837,6,1.0,3695
7.954798983660396,8,52.0,831
7.955183708371785,7,2.0,1658
7.955414685864409,7,9.0,1054
7.955575413307164,6,3.0,2651
7.95559677017713,1,3.0,4523
7.955635610249957,1,3.0,4524
7.955854152587109,1,1.0,4525
7.9559592801966925,7,6.0,839
7.956945404853255,1,3.0,4526
7.957029758377777,7,2.0,1850
7.957037242272472,6,6.0,4137
7.957099052853849,9,1.0,1338
7.957257941353255,8,4.0,2178
7.957777853397422,6,3.0,3679
7.957793409692602,6,9.0,4418
7.957803209307749,6,10.0,3290
7.958155378335987,1,3.0,4527
7.958691659778421,1,2.0,4528
7.958721848480114,1,1.0,4529
7.9588750973070885,9,5.0,880
7.959071799582443,6,1.0,4421
7.9592362171162385,1,6.0,4530
7.960119965048368,9,22.0,768
7.9606300248182995,7,5.0,1214
7.9606356532566185,7,17.0,2315
7.960714431837142,6,1.0,4194
7.960822632214926,7,55.0,1752
7.960882164295783,6,53.0,3909
7.960915061954756,7,18.0,1228
7.9614853166644,9,5.0,3837
7.961842767111518,7,22.0,667
7.962697173425403,6,4.0,4147
7.963006235917044,6,18.0,3144
7.963062999255396,8,3.0,1207
7.963629242960794,1,1.0,4531
7.963766787400184,6,3.0,463
7.963771836809714,6,5.0,4296
7.964013347586445,1,1.0,4532
7.964518813367385,1,3.0,4533
7.96476025738699,9,37.0,1890
7.964789877258238,1,7.0,4534
7.965008608515112,6,4.0,4424
7.96505798074722,2,59.0,4535
7.96510136817717,1,8.0,4536
7.965169039477557,8,5.0,3226
7.965432340832434,2,4.0,4537
7.965445881910515,6,6.0,3487
7.966452368146036,1,2.0,4538
7.96650772576423,1,2.0,4539
7.967006352316334,6,5.0,4517
7.967130021983413,6,9.0,2670
7.967771409497789,1,5.0,4540
7.96778742453273,7,7.0,447
7.967820107826778,1,1.0,4541
7.967820740072153,6,3.0,3597
7.9685664747864795,6,1.0,3561
7.968570112830813,1,3.0,4542
7.9687237425852855,1,1.0,4543
7.968985922790584,6,22.0,3650
7.9691378322648205,1,2.0,4544
7.969819133887889,6,6.0,3157
7.969875514604178,6,1.0,3251
7.970080757123285,1,6.0,4545
7.9705369358057,6,36.0,2884
7.970645136370011,3,30.0,4546
7.970663082267237,1,5.0,4547
7.970765862771791,6,6.0,3359
7.97214303764816,1,1.0,4548
7.972294460904,7,16.0,2030
7.972373623406523,7,17.0,719
7.972873785187963,6,2.0,3389
7.973197309726742,7,3.0,2156
7.973593160111102,7,2.0,1751
7.973663142947465,2,29.0,4549
7.974247517482531,7,3.0,1672
7.974470520046164,6,5.0,4271
7.974589765507709,10,54.0,3812
7.9748947007111415,1,4.0,4550
7.9749070408161575,1,9.0,4551
7.974953732135812,1,1.0,4552
7.975013069247315,1,8.0,4553
7.975259710820691,1,59.0,4554
7.975303495803205,7,46.0,1669
7.975410461065267,8,25.0,3814
7.975996235625106,7,2.0,1683
7.976142592130449,1,1.0,4555
7.976771049345723,6,9.0,4202
7.9772662175131135,6,1.0,4552
7.9773873987725725,6,5.0,4198
7.977798843779526,1,3.0,4556
7.977821408877023,1,2.0,4557
7.9779201196318965,7,5.0,1044
7.978539580074957,1,5.0,4558
7.978727591259126,1,32.0,4559
7.978736885351871,6,1.0,4385
7.978977088969356,1,1.0,4560
7.9791737805090195,6,9.0,2586
7.979532505074156,6,8.0,2629
7.9798365566022245,6,5.0,1940
7.979956740406392,1,4.0,4561
7.980037200094464,7,55.0,1254
7.980069597594833,6,14.0,3922
7.980522881646267,1,2.0,4562
7.98164300934337,1,3.0,4563
7.981673683955493,6,9.0,4082
7.982484718190819,1,2.0,4564
7.983766440946883,6,2.0,4393
7.984173387261686,6,4.0,4384
7.9842030893477025,1,2.0,4565
7.984244388850188,6,3.0,4373
7.984673472460548,1,5.0,4566
7.984845150446415,6,8.0,3897
7.984947001791738,6,10.0,3230
7.98580692168978,6,56.0,4391
7.985829264025495,1,2.0,4567
7.986516023537401,6,4.0,3149
7.986632401787135,1,4.0,4568
7.986707440841641,1,5.0,4569
7.987486663251264,6,2.0,3549
7.987693374151518,6,20.0,4445
7.987704733101454,1,9.0,4570
7.988318747867868,1,2.0,4571
7.988423700703385,6,32.0,4284
7.988477408780069,7,3.0,2468
7.988601351825128,6,14.0,2211
7.9887196946798955,6,53.0,3115
7.988752981337068,1,4.0,4572
7.989172386367031,6,6.0,2908
7.98958276849686,1,1.0,4573
7.99081681783522,7,3.0,405
7.990880780778095,6,2.0,3983
7.991228051285139,1,1.0,4574
7.9916321349484045,6,3.0,3982
7.991682979479209,9,32.0,1223
7.992046095960864,7,1.0,681
7.992164050792203,6,2.0,2777
7.9921660549481865,6,46.0,3865
7.992322856796283,7,5.0,95
7.992365564802441,6,14.0,2563
7.992520425471396,1,4.0,4575
7.992853050840297,6,6.0,4206
7.9928566022008996,2,5.0,4576
7.992933367125143,1,5.0,4577
7.993097185817585,6,3.0,4054
7.993137342547163,7,2.0,1404
7.9935226870199685,7,47.0,2197
7.993777600996869,1,7.0,4578
7.993862925718669,7,2.0,1286
7.994008881149938,1,2.0,4579
7.99413539085369,7,1.0,1849
7.994681902976034,7,1.0,1177
7.995062171793014,7,2.0,2350
7.995504471633044,7,5.0,1916
7.995566573432214,1,6.0,4580
7.9959191596082295,8,16.0,2376
7.996200349374492,6,5.0,4576
7.996215582241727,6,22.0,2556
7.996305883250008,1,54.0,4581
7.996375465496128,1,1.0,4582
7.996516749249057,7,2.0,2918
7.99672373367148,6,4.0,558
7.99694212925378,6,6.0,3908
7.997280683036963,6,1.0,3850
7.9975287309385354,1,3.0,4583
7.998196878102523,6,15.0,2229
7.998439718557462,6,3.0,4416
7.998859802746525,8,40.0,2374
7.998926640987499,6,4.0,4513
7.99894036352771,1,1.0,4584
7.999489343678161,6,10.0,4102
7.9995225968991415,7,6.0,1554
7.999529777246301,6,2.0,2963
8.000594633275,1,6.0,4585
8.001590989292417,6,2.0,3733
8.001608539885142,7,1.0,2188
8.001668550178668,1,3.0,4586
8.00269367259858,1,16.0,4587
8.002881526951839,1,2.0,4588
8.003055629898276,1,4.0,4589
8.00307197629726,7,4.0,3665
8.003282732023024,8,1.0,2702
8.003532797633113,18,,0
8.003769994974936,101,5.0,4590
8.003995507020463,8,2.0,2477
8.004107106615374,6,7.0,3876
8.00486008608592,1,1.0,4591
8.004930512837197,6,4.0,3961
8.005036585060786,7,54.0,571
8.005312566750785,7,2.0,621
8.005501555050506,6,2.0,4579
8.005503937641798,7,36.0,1572
8.005593069606663,7,10.0,2489
8.005667019402054,1,31.0,4592
8.005923662135947,6,2.0,3826
8.006011620843367,8,1.0,4194
8.006030030626057,1,1.0,4593
8.006155231779475,1,16.0,4594
8.006270906939296,18,,0
8.006368076863957,101,15.0,4595
8.006563858170269,6,5.0,3921
8.006565070617848,1,10.0,4596
8.006660519627408,1,19.0,4597
8.00680521223588,6,9.0,2425
8.007274909214035,8,31.0,2779
8.007527436170975,1,8.0,4598
8.007613493139777,1,17.0,4599
8.007847698934695,1,1.0,4600
8.007921738593229,9,3.0,900
8.008125949191102,7,25.0,3363
8.00833368325225,18,,0
8.008335339712238,101,2.0,4601
8.008347590897975,18,,0
8.008361656705764,6,9.0,2845
8.008547723085824,7,1.0,2377
8.008561315557369,101,5.0,4602
8.008646752277944,1,5.0,4603
8.009175662878151,9,5.0,3206
8.009296394232715,8,5.0,388
8.00939170951101,8,1.0,2006
8.009542945046068,6,6.0,3735
8.00966394805014,6,3.0,3644
8.010113488960659,18,,0
8.01014346727062,101,3.0,4604
8.010367416068325,1,3.0,4605
8.010532367332424,6,17.0,1969
8.01061424002547,7,2.0,3350
8.010651204783283,6,3.0,2682
8.01067938745162,1,11.0,4606
8.010748212531146,6,20.0,4113
8.011061610195924,6,4.0,1603
8.011411229499242,8,5.0,4602
8.011660659847236,18,,0
8.011803126866191,101,2.0,4607
8.011837696399464,6,3.0,4130
8.0119227324075,2,7.0,4608
8.012685218823794,8,2.0,2092
8.012846987253495,7,36.0,3281
8.01293371113709,1,4.0,4609
8.012986104850322,8,3.0,934
8.013178757999222,1,5.0,4610
8.013563634550213,7,36.0,2922
8.01390906007714,1,5.0,4611
8.014447078047409,18,,0
8.014696161475415,101,4.0,4612
8.014749534799293,6,24.0,3315
8.01491658028661,1,5.0,4613
8.014933396898227,6,3.0,4463
8.0153381070743,7,5.0,2399
8.015449596715746,1,3.0,4614
8.015506807436418,7,40.0,1453
8.01559958218923,6,5.0,3509
8.015810347459347,1,20.0,4615
8.016640600757475,1,4.0,4616
8.016752663283384,6,2.0,2335
8.017206532139582,7,4.0,2196
8.017721474952188,6,3.0,3304
8.017872500878916,6,5.0,2644
8.017922002167156,1,1.0,4617
8.018062762881035,1,17.0,4618
8.019063975880952,1,5.0,4619
8.019270940900178,6,3.0,4105
8.019417033383647,7,56.0,835
8.019484325128387,7,3.0,3608
8.020212299640592,7,7.0,2218
8.0204327364676,8,4.0,2171
8.0208774828284,6,58.0,3958
8.02110627314455,18,,0
8.021106319199728,101,2.0,4620
8.021160965866988,6,9.0,3317
8.021383318565096,6,2.0,3705
8.021505216270715,6,2.0,3111
8.021800956690978,18,,0
8.021914534156343,6,1.0,3971
8.02206114099435,101,2.0,4621
8.022369229292874,6,43.0,483
8.022720658970302,1,14.0,4622
8.022817581716692,6,11.0,4038
8.022826061173655,7,43.0,1009
8.022898579308682,6,3.0,4498
8.023252018056276,9,5.0,3213
8.023252018056276,16,5.0,3213
8.023309289087642,1,10.0,4623
8.024025884652715,1,2.0,4624
8.024102855282509,6,12.0,4153
8.02415610532996,18,,0
8.024240756592755,101,60.0,4625
8.024700105607359,7,12.0,1027
8.02478018686594,1,5.0,4626
8.02539090063546,1,2.0,4627
8.025705256464919,18,,0
8.025789009614353,101,1.0,4628
8.025901816518695,1,2.0,4629
8.026443958826663,1,5.0,4630
8.02648579343014,18,,0
8.0266052253748,101,29.0,4631
8.026811039453445,1,2.0,4632
8.02688747231796,8,3.0,3015
8.027485099361337,18,,0
8.02749633121478,101,6.0,4633
8.027560644023543,18,,0
8.027590807201971,6,6.0,3610
8.027713398808958,101,3.0,4634
8.027879762194212,1,10.0,4635
8.028057433129506,7,2.0,2416
8.0284761847982,6,9.0,2698
8.02911877893398,6,7.0,2821
8.029846813431996,1,3.0,4636
8.029905668975804,1,5.0,4637
8.030786963869575,18,,0
8.030834697406693,101,2.0,4638
8.031093582325148,1,8.0,4639
8.032729562335096,18,,0
8.032737878177304,101,2.0,4640
8.03297208899739,7,53.0,2242
8.033794625992766,1,9.0,4641
8.03408355164124,6,2.0,548
8.034408138394099,1,3.0,4642
8.034516606679068,6,23.0,2662
8.034703384908427,7,55.0,1988
8.034836688788413,2,4.0,4643
8.035529693793633,6,3.0,4023
8.035678341149517,6,13.0,4324
8.035939835686895,6,1.0,3715
8.036023641526535,1,15.0,4644
8.03621988316853,1,14.0,4645
8.037045447347303,1,1.0,4646
8.0373339003445,1,2.0,4647
8.037521796599105,7,3.0,2557
8.037719523074676,6,2.0,4229
8.037749025076563,1,2.0,4648
8.038238297202552,6,3.0,4120
8.038254264014583,7,42.0,613
8.038463525391107,1,6.0,4649
8.038495786095536,1,3.0,4650
8.038805806882028,9,59.0,1295
8.03927425313408,18,,0
8.039294650048145,18,,0
8.039308538424557,101,5.0,4651
8.039368131252832,101,5.0,4652
8.039756204145476,7,46.0,2525
8.03978498480126,6,3.0,2683
8.039824557247771,6,11.0,4146
8.039886318733336,9,5.0,2098
8.040121207712938,6,2.0,4371
8.040438160395228,1,18.0,4653
8.040672070949697,6,14.0,2545
8.041421827894457,18,,0
8.04148280759374,101,4.0,4654
8.041531382731606,7,33.0,2039
8.041562919307545,1,7.0,4655
8.041763993438812,1,2.0,4656
8.04189398316516,1,1.0,4657
8.041920768426538,6,8.0,4459
8.042055324912502,1,4.0,4658
8.042186971972034,8,11.0,1387
8.042568181279307,6,34.0,2766
8.042787448381842,7,56.0,2872
8.042904080650406,9,9.0,1747
8.042964137000023,7,11.0,3346
8.043510206643855,6,1.0,4139
8.043929038755303,6,3.0,4219
8.044350779484287,18,,0
8.044455231903676,101,11.0,4659
8.04463433873362,6,10.0,3201
8.045019691397254,1,12.0,4660
8.045073525270242,18,,0
8.045077496308156,9,31.0,423
8.045150034757132,101,1.0,4661
8.04528326644623,1,7.0,4662
8.0452905997652,1,5.0,4663
8.04529632286875,1,4.0,4664
8.046457108293485,9,37.0,1570
8.047259916655221,1,11.0,4665
8.047356111881596,6,5.0,4287
8.047379948371983,7,4.0,1974
8.047501264991492,6,4.0,2972
8.048146259566883,6,8.0,4598
8.04831867707189,1,49.0,4666
8.048336516674128,18,,0
8.048524626440896,6,25.0,3538
8.048543270167572,101,13.0,4667
8.048718820108505,6,16.0,4273
8.048946042928678,1,7.0,4668
8.048977336771271,18,,0
8.049019204111234,102,23.0,4669
8.049407595923135,6,9.0,3896
8.049951747656102,1,5.0,4670
8.050061067515422,7,38.0,1080
8.050129608641019,1,2.0,4671
8.05014067412984,6,3.0,714
8.050148904622446,7,10.0,217
8.05056421574856,6,10.0,4020
8.050801900246594,1,5.0,4672
8.050833750076587,6,3.0,3963
8.051135539114572,1,2.0,4673
8.051173778535068,9,13.0,1891
8.05128402104864,6,11.0,2659
8.051340618102818,6,5.0,4566
8.051596706753942,6,2.0,4507
8.052218276555381,7,5.0,1126
8.052361983123511,1,2.0,4674
8.05303307035003,6,18.0,4653
8.053337051492917,6,1.0,2524
8.053393733287944,1,2.0,4675
8.053430593991566,1,5.0,4676
8.05358367861891,7,1.0,1611
8.05358967367275,1,1.0,4677
8.05360992489923,7,23.0,2295
8.053956441701807,1,1.0,4678
8.05424860627326,1,3.0,4679
8.055495305333375,6,1.0,2051
8.055951582416961,6,5.0,3161
8.056328499178322,6,2.0,4368
8.056741487640771,6,16.0,3445
8.056981474774283,9,60.0,1668
8.05708275127717,7,6.0,1869
8.057136863680753,1,1.0,4680
8.057317516481055,1,4.0,4681
8.058673759606402,1,5.0,4682
8.058683306295176,1,6.0,4683
8.058806581044665,1,3.0,4684
8.059317537300249,7,3.0,763
8.05967092065444,6,5.0,4204
8.059793262632688,1,2.0,4685
8.059918103452896,2,7.0,4686
8.0599205990823,1,1.0,4687
8.060313146479006,7,3.0,3398
8.06035368081112,6,33.0,1833
8.060591918997654,1,7.0,4688
8.060762255885303,8,4.0,2760
8.060914822885955,1,2.0,4689
8.06199896419525,7,2.0,559
8.062420362559322,7,48.0,1754
8.0626041007813,1,1.0,4690
8.062720092350384,6,43.0,2552
8.062742301588953,1,1.0,4691
8.062934386443311,6,8.0,3486
8.06338737121007,1,5.0,4692
8.063409400865202,6,49.0,3347
8.063409911535611,7,49.0,1730
8.063866223703316,9,12.0,811
8.063893071676697,1,2.0,4693
8.064032444133945,6,5.0,1999
8.06428772458689,7,3.0,1734
8.06464754900891,1,2.0,4694
8.06465259911815,1,4.0,4695
8.064839678794309,1,10.0,4696
8.065324110099443,6,7.0,4655
8.06560538102845,1,4.0,4697
8.066499546009899,7,59.0,709
8.066838380786091,7,10.0,2104
8.0668672304846,1,8.0,4698
8.067775584692654,1,3.0,4699
8.067942543040495,6,2.0,4675
8.068262552111396,7,1.0,2011
8.068691742926575,1,3.0,4700
8.068772187722827,6,1.0,3364
8.068981785636147,1,3.0,4701
8.069096973231044,1,1.0,4702
8.069248103971129,1,11.0,4703
8.069545964612931,1,11.0,4704
8.069974521541168,7,6.0,1688
8.07016430334197,6,3.0,4526
8.070721147864296,6,1.0,3324
8.070898178418885,6,3.0,3562
8.07094803377827,1,1.0,4705
8.07099667712321,8,33.0,628
8.071475566716098,1,1.0,4706
8.071485933783235,8,56.0,1809
8.071865279586609,1,3.0,4707
8.071869185526145,1,2.0,4708
8.072513874324903,7,1.0,3076
8.072545663641257,1,44.0,4709
8.072575021653382,1,6.0,4710
8.072672817584355,8,3.0,2974
8.072804895463245,6,4.0,2729
8.072894224099466,1,2.0,4711
8.072940516390544,1,2.0,4712
8.073471847948003,1,1.0,4713
8.073617081596788,1,5.0,4714
8.07441928448206,6,2.0,3862
8.075157041476569,1,1.0,4715
8.075494850799375,1,6.0,4716
8.075781018564122,1,11.0,4717
8.07589744528683,1,12.0,4718
8.075997175210745,1,8.0,4719
8.07604807999405,1,22.0,4720
8.076245568139553,7,1.0,1609
8.076393425881992,1,13.0,4721
8.076394803313892,9,24.0,1918
8.076595858620141,6,5.0,2431
8.07659731948179,6,34.0,3493
8.076612112509945,6,8.0,2445
8.07698586400896,6,3.0,3194
8.077333578083952,1,5.0,4722
8.077350490303221,6,3.0,3158
8.07749147570803,6,12.0,4294
8.078193783477639,7,2.0,1863
8.078417237727864,6,3.0,3283
8.078472441511083,6,1.0,4330
8.078570499198774,1,22.0,4723
8.078595866917405,6,3.0,4067
8.078777891182586,7,5.0,2320
8.079520524341495,6,2.0,4256
8.079753500168291,6,60.0,3260
8.08001398714207,1,5.0,4724
8.080419999892108,2,38.0,4725
8.081619973032119,1,5.0,4726
8.08162277579301,1,4.0,4727
8.081777011160202,6,5.0,3243
8.081793053972847,6,2.0,3413
8.08181432710621,1,17.0,4728
8.081859096542694,1,6.0,4729
8.082110285951629,6,3.0,3003
8.082367279453537,6,3.0,2179
8.082587051796201,1,5.0,4730
8.083364528980695,3,3.0,4731
8.083439207691967,7,1.0,1140
8.083667502371483,1,2.0,4732
8.083715254705385,6,9.0,4641
8.084412126704972,1,19.0,4733
8.084911029664646,6,56.0,1290
8.08518625517142,7,2.0,3046
8.0853322835948,1,13.0,4734
8.085679184377488,6,11.0,3401
8.08667009951059,6,2.0,4510
8.08703646026757,6,2.0,4674
8.088543206968364,9,5.0,2031
8.089173882145392,7,51.0,1173
8.089551477024349,1,11.0,4735
8.089592211937271,1,3.0,4736
8.090024107738639,7,55.0,1283
8.0900282550017,6,1.0,2172
8.090040541283262,6,5.0,3657
8.090262162271909,1,7.0,4737
8.090562467772159,6,7.0,3999
8.090813434290792,6,2.0,1772
8.091056646676146,1,2.0,4738
8.091306084303374,6,7.0,2718
8.091434445565834,6,1.0,3540
8.091453021102131,1,5.0,4739
8.091527298046277,6,12.0,2866
8.092073947721452,1,2.0,4740
8.092107824841397,6,8.0,2746
8.092117614206156,7,2.0,1703
8.092131315727595,6,5.0,4199
8.0923279021552,1,2.0,4741
8.092740785324512,1,31.0,4742
8.092749889418766,1,5.0,4743
8.093284208646873,7,2.0,1416
8.093374396481794,1,9.0,4744
8.093461941385314,1,3.0,4745
8.093568750335532,6,26.0,3392
8.093725009616609,7,10.0,1613
8.093861546459467,1,1.0,4746
8.094059801165738,1,3.0,4747
8.094207341532071,6,2.0,3629
8.09431587922465,6,1.0,2499
8.094491086565565,6,5.0,3984
8.094523098191182,6,7.0,4225
8.095149350670868,1,1.0,4748
8.09555079415021,9,1.0,1161
8.095935131675152,7,12.0,1860
8.09637132463098,1,17.0,4749
8.09662546817776,6,9.0,4570
8.096626079519467,1,3.0,4750
8.096950273334187,1,1.0,4751
8.097152327189775,6,4.0,4008
8.097287510905092,6,4.0,3656
8.097660218013834,9,52.0,1477
8.097899328512295,6,8.0,4268
8.09828405501929,1,4.0,4752
8.098309582519205,6,11.0,4161
8.098591663504067,8,59.0,680
8.098855815789955,1,3.0,4753
8.098936345294577,1,2.0,4754
8.099277346925266,1,4.0,4755
8.099391861003376,7,23.0,2754
8.099612432883106,6,11.0,4735
8.0997345522178,7,54.0,2097
8.099858096108196,9,6.0,2654
8.099980339599998,9,22.0,1588
8.100013006731277,7,57.0,457
8.100013006731277,16,57.0,457
8.100453996067651,1,2.0,4756
8.100583344685244,7,5.0,599
8.100591160514703,1,6.0,4757
8.100670687086026,1,4.0,4758
8.101190908717593,6,7.0,4343
8.101826711468792,1,6.0,4759
8.102109434095762,7,9.0,1872
8.10226865893226,1,11.0,4760
8.102294226472946,7,40.0,3256
8.102441404335792,1,2.0,4761
8.102752056971735,7,5.0,1841
8.102857372260246,6,1.0,4215
8.103292314606412,6,1.0,4543
8.103494671493076,7,3.0,582
8.10399248570834,1,7.0,4762
8.104019761348937,1,14.0,4763
8.10451523239961,1,3.0,4764
8.104541394860552,6,3.0,4243
8.104565409750027,7,11.0,1681
8.104854149321739,7,2.0,2532
8.105408680651887,7,1.0,865
8.105740556488959,6,50.0,2123
8.106064355579193,8,5.0,1741
8.106165582121806,1,1.0,4765
8.106322857125301,7,6.0,2677
8.106517607568177,9,31.0,998
8.106618529082782,1,6.0,4766
8.107253525710721,1,2.0,4767
8.107298235382903,1,4.0,4768
8.107770837290841,6,3.0,4325
8.107841807087938,6,10.0,4696
8.107870989746758,1,12.0,4769
8.108034856831074,6,2.0,3991
8.108350112686914,1,12.0,4770
8.10856964289458,7,2.0,2657
8.108650723948726,6,1.0,1415
8.10876398102331,1,40.0,4771
8.109260115999255,6,2.0,3690
8.10931382366498,7,56.0,1459
8.10967603618828,9,25.0,3814
8.110005196573187,9,5.0,1742
8.110236844113944,6,24.0,4328
8.110241425761174,6,4.0,3832
8.110883449738024,1,6.0,4772
8.111044443038468,6,2.0,4588
8.111358378116607,6,3.0,2732
8.111547322514479,7,6.0,987
8.111765357120442,6,1.0,4077
8.111858381141218,6,3.0,1906
8.11186060625068,6,3.0,4583
8.111881283046573,7,6.0,3029
8.111930443828488,1,2.0,4773
8.112020710894406,6,14.0,3624
8.112030978950893,1,16.0,4774
8.112128578202224,7,8.0,1748
8.112331386348913,1,2.0,4775
8.112746196591763,6,14.0,3603
8.112797870078769,7,2.0,1638
8.113387208415334,6,40.0,4771
8.11358592250092,1,3.0,4776
8.113694355065523,6,6.0,4103
8.11392631548429,1,2.0,4777
8.113996951420678,6,2.0,4390
8.114507687164153,6,49.0,2382
8.11462903296225,6,2.0,4163
8.114666414154577,9,60.0,3079
8.115030584605432,1,1.0,4778
8.115119692414588,1,6.0,4779
8.115129081320399,6,10.0,2317
8.115957761843308,6,1.0,3160
8.116408776205294,7,9.0,3534
8.116696388508577,1,7.0,4780
8.116860817994642,7,4.0,1197
8.116975298556147,7,2.0,2423
8.11830927253953,1,8.0,4781
8.118611017597614,6,5.0,4073
8.119132323840807,7,36.0,2138
8.11923219089437,1,3.0,4782
8.119462051445586,7,2.0,1865
8.119464885706783,7,2.0,2834
8.119632314406651,7,11.0,2920
8.120042785794581,6,6.0,3936
8.1201401923178,1,8.0,4783
8.120377895959937,7,3.0,2109
8.12087980262585,9,2.0,408
8.121031920081837,9,54.0,1961
8.121234122022992,7,4.0,2813
8.12143326322792,6,4.0,3895
8.121463830523693,7,7.0,1318
8.121851943390602,6,16.0,3585
8.122448838903265,8,2.0,3528
8.122528844766208,1,6.0,4784
8.122533391818134,6,1.0,1040
8.122733313615083,6,5.0,4084
8.123313701130206,1,2.0,4785
8.12379697151676,9,57.0,324
8.123906959977552,6,10.0,3813
8.124010808986213,1,5.0,4786
8.12411843380086,1,5.0,4787
8.12416070926598,1,1.0,4788
8.124390045300053,1,2.0,4789
8.124812072812636,1,5.0,4790
8.125051025700198,7,29.0,1033
8.125216822157642,7,33.0,1720
8.125300284011113,7,1.0,2889
8.125366201987243,6,2.0,938
8.125370396402657,1,5.0,4791
8.125602722456124,9,45.0,686
8.125836335266973,1,5.0,4792
8.125858612655744,1,4.0,4793
8.126906125910642,7,58.0,2485
8.127589423348278,6,2.0,3829
8.12775818546056,7,27.0,2968
8.128262933956034,7,6.0,967
8.129311768820289,6,1.0,4307
8.129357388378441,3,10.0,4794
8.129526070537642,6,2.0,3680
8.129645310090755,1,5.0,4795
8.12988425609479,6,3.0,4485
8.130059286683641,1,1.0,4796
8.13008841055385,1,11.0,4797
8.130703850991306,1,4.0,4798
8.131248922783316,1,15.0,4799
8.131272880476313,6,2.0,3467
8.131651837709454,6,5.0,1757
8.131696695348133,8,1.0,1729
8.131825519375857,1,49.0,4800
8.131963443184432,1,16.0,4801
8.132141073225366,1,3.0,4802
8.132333419272586,1,7.0,4803
8.132423893475238,1,5.0,4804
8.132486802592666,6,2.0,4491
8.132685100947054,7,1.0,2007
8.132768436290021,6,42.0,3433
8.132910966126044,6,6.0,3972
8.133146632419642,1,15.0,4805
8.133756835838676,6,3.0,3652
8.133832451724443,9,2.0,1797
8.133860841444166,6,1.0,2311
8.133999989615662,6,6.0,3422
8.13437296560221,6,5.0,4181
8.134502170851688,1,8.0,4806
8.134744170116743,6,14.0,3681
8.135336244993725,6,9.0,3782
8.135388998142147,6,6.0,3569
8.13555988517193,6,5.0,4637
8.135797069191389,1,7.0,4807
8.135865464826246,7,20.0,1277
8.136089750894373,6,2.0,3488
8.136363863713193,6,1.0,2938
8.136533590699646,6,11.0,4797
8.136899399020228,1,39.0,4808
8.137245267610506,3,33.0,4809
8.13795464003663,6,1.0,3541
8.138407790848147,8,3.0,4634
8.139627395913937,6,4.0,4333
8.13963995124459,7,3.0,2652
8.139685020448631,7,3.0,1102
8.140016007478375,1,12.0,4810
8.140058490578804,7,6.0,1862
8.140058490578804,16,6.0,1862
8.14040640416158,1,8.0,4811
8.140428337228553,1,14.0,4812
8.140517970662023,6,10.0,4623
8.14107634087748,7,8.0,3084
8.141475400686222,7,7.0,2505
8.141512534068154,6,32.0,1235
8.141794368801563,1,5.0,4813
8.142137701419102,6,1.0,4560
8.142273590298409,6,3.0,4354
8.14227372517985,1,39.0,4814
8.142281483243329,1,14.0,4815
8.143210130354145,6,1.0,3780
8.14364859984723,8,2.0,4621
8.14377531878476,7,49.0,1493
8.143876355252281,1,1.0,4816
8.1439176566434,9,45.0,2052
8.144388141456869,7,2.0,3001
8.144482090199217,1,3.0,4817
8.144514969641262,7,2.0,1758
8.144528147224799,1,2.0,4818
8.145446082463538,1,2.0,4819
8.146164281344706,7,19.0,1303
8.146643351988374,1,40.0,4820
8.146713207523307,1,4.0,4821
8.14717676675307,8,3.0,1410
8.147589923104121,1,3.0,4822
8.147665380193802,1,17.0,4823
8.147701627664237,6,6.0,3942
8.147711838115852,8,1.0,3882
8.147720787543967,8,2.0,4601
8.14857289406154,1,14.0,4824
8.149257970235967,6,5.0,4192
8.14930058361069,7,3.0,1642
8.149312659590242,6,43.0,1275
8.149375012060462,1,6.0,4825
8.149493482096604,7,5.0,2496
8.149623682430525,7,2.0,3191
8.150043089240729,6,2.0,4694
8.150257256928066,1,2.0,4826
8.150486671485268,7,12.0,238
8.150866986783196,6,5.0,4313
8.151182574744254,1,45.0,4827
8.151215350828664,1,4.0,4828
8.151403195558972,1,3.0,4829
8.151572698650352,7,5.0,2607
8.151669733847305,8,30.0,4175
8.151697002932341,7,34.0,1680
8.151943009296593,9,3.0,1121
8.152118709790479,6,3.0,4817
8.152334850428115,6,8.0,3765
8.152528648613636,1,2.0,4830
8.153522183413124,1,10.0,4831
8.153804895090236,1,1.0,4832
8.15449551892548,6,8.0,3923
8.155374665759885,1,9.0,4833
8.155450349625966,7,23.0,886
8.15548434141666,6,2.0,4101
8.15557263530204,7,3.0,802
8.155757065102662,1,6.0,4834
8.156193761251112,6,8.0,4781
8.156415426595585,6,29.0,4549
8.156872940755013,6,5.0,4117
8.15696660218984,1,3.0,4835
8.157002481268638,6,11.0,4188
8.157182672387743,6,6.0,4509
8.157264924340469,1,2.0,4836
8.157441546533253,1,1.0,4837
8.157475739675876,6,2.0,1396
8.157556146730919,1,25.0,4838
8.15767208956147,7,6.0,2403
8.15807801029744,7,5.0,3189
8.158109355069119,1,4.0,4839
8.158337836824748,6,4.0,4658
8.15874563682421,8,6.0,3610
8.159505647514415,1,13.0,4840
8.159792035636258,6,7.0,3513
8.160277858648957,7,58.0,1201
8.160361579507553,8,4.0,1239
8.160456649112474,1,2.0,4841
8.160546835039849,1,5.0,4842
8.161571047664562,9,2.0,1329
8.16165322794557,1,29.0,4843
8.161709020336765,1,1.0,4844
8.161749439616436,6,3.0,3285
8.161794571874575,8,10.0,2317
8.161869354142228,7,2.0,2458
8.161951543511247,7,39.0,1442
8.162195616133229,7,7.0,1159
8.162399729935412,1,17.0,4845
8.162537213726953,6,2.0,3975
8.162579055649134,1,1.0,4846
8.163207941711551,1,5.0,4847
8.163289632616273,1,24.0,4848
8.163301928471412,7,7.0,1484
8.163750347212781,6,7.0,4297
8.163784834147062,7,9.0,1655
8.163800104437547,1,1.0,4849
8.164405306520795,6,4.0,2725
8.164435287457417,7,46.0,1261
8.16452656426801,6,6.0,3542
8.164548743002525,6,1.0,4657
8.164980855474287,1,18.0,4850
8.16510613345608,1,4.0,4851
8.165373125758173,6,14.0,4763
8.165607475377477,1,4.0,4852
8.165648284614798,7,6.0,2026
8.165897469242003,6,4.0,4497
8.16619332088982,6,25.0,4838
8.166596179741562,6,2.0,3795
8.166896747222035,9,2.0,1135
8.167204326834886,1,3.0,4853
8.167421787264429,1,9.0,4854
8.168177561650927,6,2.0,4361
8.16840508428435,7,7.0,1026
8.168492194814966,6,2.0,3989
8.16949295327718,7,3.0,936
8.16990629484495,6,8.0,1973
8.170022573582449,1,6.0,4855
8.17021553391672,8,9.0,2586
8.170219997338844,1,14.0,4856
8.170401132591625,6,7.0,4522
8.170734082519566,6,43.0,3693
8.170861763714427,7,6.0,1574
8.171099844398762,7,1.0,3390
8.171306784105882,1,2.0,4857
8.171389062984646,7,10.0,2675
8.171526793105818,7,54.0,2861
8.171681571728008,6,4.0,4386
8.171762787253527,1,13.0,4858
8.172067233229557,2,33.0,4859
8.172369903077197,1,1.0,4860
8.173689262058897,6,1.0,4849
8.174720467543699,9,4.0,1578
8.174725675638031,6,1.0,4100
8.174943485379357,1,1.0,4861
8.175263357513492,6,1.0,4221
8.175333495489413,1,3.0,4862
8.175610042084374,7,8.0,787
8.175780126556838,1,6.0,4863
8.176058324289635,7,6.0,1045
8.176408125389605,6,1.0,3669
8.176446969432785,6,55.0,4076
8.176507733462419,9,6.0,246
8.176849570083142,1,11.0,4864
8.176907688031712,6,4.0,4681
8.17761830342071,1,2.0,4865
8.177731968531594,8,2.0,2560
8.177767111948727,1,2.0,4866
8.178075153809443,1,6.0,4867
8.178111625406418,7,2.0,1608
8.178216728134482,1,2.0,4868
8.178476773988598,9,36.0,1469
8.17885999296445,1,5.0,4869
8.179144343376638,9,3.0,2120
8.179178025469907,6,6.0,4435
8.179757211294685,9,2.0,2523
8.180435733500532,6,6.0,1889
8.180473146570256,1,4.0,4870
8.18047317462474,7,5.0,3531
8.180567538607386,1,2.0,4871
8.180600285594387,6,1.0,3979
8.180622062350224,6,6.0,3716
8.180677637313975,7,6.0,2943
8.181799700243841,6,2.0,4521
8.181965781185786,1,4.0,4872
8.182089255215026,6,37.0,2708
8.182105194371193,1,2.0,4873
8.182630114647884,7,2.0,2598
8.182728876759839,7,5.0,3172
8.182849979442501,6,42.0,4336
8.182968138614692,6,5.0,4714
8.183119594563326,1,3.0,4874
8.183884795837598,1,8.0,4875
8.184000807915677,7,8.0,2873
8.184035056967511,1,1.0,4876
8.184348862978338,6,3.0,433
8.184605130957845,8,12.0,4153
8.185335572078003,1,9.0,4877
8.185670863492009,1,2.0,4878
8.187177246319209,1,2.0,4879
8.187781980418798,8,1.0,3618
8.187890682645298,7,6.0,2579
8.188292646474487,6,2.0,4053
8.188500075853042,6,23.0,2114
8.188912987554525,1,47.0,4880
8.189117509565222,1,6.0,4881
8.189558338557474,1,6.0,4882
8.18971257130417,6,4.0,4013
8.189969425541502,6,7.0,3714
8.190016942970159,7,46.0,799
8.19028375194696,6,34.0,3798
8.190770703365548,6,23.0,3912
8.191023120535077,9,35.0,1566
8.191124382763444,6,7.0,1576
8.19123316177668,1,9.0,4883
8.19142028449532,6,4.0,4851
8.19155755267424,6,5.0,4619
8.192796009378746,1,5.0,4884
8.19288384110136,1,46.0,4885
8.19311319958553,1,41.0,4886
8.193355803135594,7,13.0,1321
8.193545288558743,1,1.0,4887
8.193596786978077,1,7.0,4888
8.193797551250979,1,2.0,4889
8.193862600195828,6,31.0,4742
8.193898231563473,6,5.0,4743
8.193983164928634,1,2.0,4890
8.194084489178541,1,1.0,4891
8.194654607782207,7,2.0,1761
8.195327706125138,7,4.0,3371
8.19553663911433,7,3.0,1162
8.195720514157873,8,35.0,973
8.196462533671816,1,4.0,4892
8.196671120448917,1,1.0,4893
8.197982497738185,7,21.0,1293
8.19810359717764,7,4.0,2115
8.19818468653207,8,3.0,2348
8.198235358649356,6,20.0,4615
8.198277663540857,6,8.0,3501
8.198470227256694,6,2.0,3960
8.199105249744553,1,3.0,4894
8.19930798945156,7,6.0,3791
8.199463077148605,1,3.0,4895
8.199781298059404,1,8.0,4896
8.200443211128409,6,8.0,4811
8.200891343936926,1,3.0,4897
8.201185117029963,8,2.0,4521
8.201323599340892,7,7.0,2564
8.201641221379651,7,5.0,2306
8.202176788879326,1,4.0,4898
8.202359940165643,1,3.0,4899
8.202683730659722,6,24.0,4848
8.202937710310897,6,7.0,3940
8.203001528949846,8,5.0,2994
8.20329170409864,9,6.0,2263
8.20382535475503,1,5.0,4900
8.204261386928183,9,3.0,1410
8.20467669388674,6,2.0,4756
8.204688146195528,6,5.0,4431
8.204740925065048,1,2.0,4901
8.205125942954348,6,1.0,4525
8.205259781718702,1,1.0,4902
8.205484598381842,7,43.0,1447
8.2065338631084,9,31.0,2779
8.206874650312667,1,4.0,4903
8.206909826340894,6,6.0,4005
8.207968551393332,1,9.0,4904
8.208068844667961,6,4.0,3093
8.208150151764256,1,3.0,4905
8.208182053710681,7,9.0,1138
8.20841691861458,6,8.0,2332
8.208921584687488,1,1.0,4906
8.210088030239572,7,4.0,2817
8.210623436720411,6,2.0,4252
8.211913426982271,1,4.0,4907
8.212218328935844,6,13.0,3145
8.212222288480461,1,6.0,4908
8.212464080698979,7,1.0,4109
8.212658394537772,8,1.0,2358
8.2127617366206,1,30.0,4909
8.212879040954986,6,6.0,2400
8.21316569878211,8,7.0,3096
8.213379381188263,1,10.0,4910
8.213850764600867,6,4.0,3311
8.21419508771485,6,49.0,3905
8.214432554385832,6,7.0,1990
8.214700740970258,1,6.0,4911
8.215009168550067,1,7.0,4912
8.215221488033501,1,3.0,4913
8.215288756019353,1,6.0,4914
8.215359238393086,8,2.0,3983
8.21564062682252,8,2.0,2440
8.216472115720961,6,2.0,3917
8.216729221600263,6,16.0,2728
8.217388043134545,7,23.0,3062
8.21744128984927,6,5.0,4663
8.217450215636548,8,2.0,352
8.217836504079711,9,1.0,3280
8.217897915085807,7,24.0,2256
8.217976127020044,1,2.0,4915
8.218381944969527,8,2.0,2921
8.218409043917033,6,3.0,4220
8.219291187403428,6,3.0,4605
8.219469099426567,7,56.0,2070
8.219846236361382,7,15.0,1861
8.219903480902047,7,9.0,3060
8.219944169133878,1,12.0,4916
8.220141624159433,6,8.0,4783
8.220232140873751,1,5.0,4917
8.220299369954825,1,2.0,4918
8.220386024181833,1,11.0,4919
8.220454171030484,6,2.0,4066
8.22066976074077,1,6.0,4920
8.22086855079437,7,2.0,617
8.22179341202534,8,6.0,3425
8.2220984055189,9,56.0,1809
8.222145902192603,1,8.0,4921
8.222172265355956,1,40.0,4922
8.22236155838068,6,4.0,4291
8.222751623694574,6,1.0,4691
8.223210735761716,6,10.0,3739
8.223998101690217,7,1.0,1936
8.224708262775147,6,6.0,3431
8.224865206734194,1,1.0,4923
8.224898738603201,6,1.0,4071
8.225558486661392,6,3.0,4586
8.225646589636986,6,1.0,4573
8.226197919762113,1,2.0,4924
8.226666557665638,6,14.0,4645
8.227012483381259,6,4.0,4643
8.227174936227312,7,10.0,2973
8.227407384592238,7,46.0,2999
8.22756459822639,6,5.0,3320
8.228064421896507,1,2.0,4925
8.228378883536541,8,7.0,2068
8.228432850687438,1,39.0,4926
8.228527122248876,6,2.0,4370
8.228574477892352,8,7.0,1901
8.228958064068955,9,3.0,907
8.22900027207188,2,2.0,4927
8.229512595007867,6,7.0,4425
8.229716945108475,6,39.0,4814
8.229893263482504,6,14.0,3861
8.230037123941665,1,4.0,4928
8.230233133652497,1,2.0,4929
8.230760894101792,6,5.0,3849
8.231145287868788,7,1.0,3428
8.231296348956436,7,1.0,2929
8.231296348956436,16,1.0,2929
8.231471692946434,8,2.0,2001
8.231646018441152,7,3.0,2620
8.23235738277424,1,3.0,4930
8.232541553597358,6,59.0,2365
8.23267693926642,6,5.0,2792
8.2326820312885,6,2.0,4740
8.233364780935139,7,23.0,412
8.233586822564488,6,5.0,3646
8.234280911359614,2,6.0,4931
8.234808559670702,6,5.0,4490
8.234822736069823,1,3.0,4932
8.235013451081077,1,4.0,4933
8.235485555016352,1,16.0,4934
8.23604418639517,9,2.0,2192
8.2362528991013,8,6.0,568
8.236817245192544,7,3.0,1208
8.236976948175306,1,1.0,4935
8.237249159989721,6,2.0,4304
8.237279184957352,1,10.0,4936
8.237426796550398,1,2.0,4937
8.237634107916529,9,5.0,2056
8.238051145438602,6,17.0,4749
8.238244431760918,1,8.0,4938
8.238404571418585,6,6.0,4502
8.238573637971514,1,12.0,4939
8.238719298766032,8,1.0,2266
8.239011587434213,1,35.0,4940
8.239163583489852,8,5.0,2375
8.239258892929834,1,5.0,4941
8.239380554354922,6,3.0,4853
8.239991896814143,7,1.0,1278
8.240041204869929,8,10.0,1063
8.24019411548759,7,34.0,2341
8.240273503008511,6,30.0,1458
8.240393812111066,6,4.0,4928
8.240751238937206,8,46.0,2693
8.241254377869694,7,2.0,2857
8.24192812728423,9,4.0,403
8.242028035226834,1,5.0,4942
8.242122830918394,1,1.0,4943
8.242145786216655,1,1.0,4944
8.242633484508147,1,33.0,4945
8.243117911939484,7,24.0,3235
8.243271843157734,7,5.0,1483
8.243271843157734,16,5.0,1483
8.243382181877728,7,11.0,2239
8.243424479148649,1,1.0,4946
8.243617635138397,8,12.0,2491
8.243903646448535,7,7.0,1667
8.244257173952407,6,11.0,2880
8.244299725543833,7,54.0,1402
8.244468702593213,6,7.0,4279
8.244565458989376,6,8.0,4429
8.244819832980944,6,36.0,915
8.244857128299577,7,1.0,2750
8.244872900791139,2,20.0,4947
8.245579479962734,1,1.0,4948
8.245829880031424,8,8.0,3950
8.246377912786889,6,1.0,3409
8.246690256344955,1,2.0,4949
8.246778655343846,6,15.0,3578
8.247753087556276,6,6.0,3996
8.247900282773069,1,2.0,4950
8.248225719651993,6,5.0,4786
8.248977113938578,7,19.0,925
8.248982511497124,1,3.0,4951
8.24915743944293,1,16.0,4952
8.249200090627454,6,30.0,4909
8.249411407356103,6,9.0,2508
8.249450612040386,1,5.0,4953
8.24949903872109,6,42.0,1538
8.24986457246197,6,6.0,4920
8.250228587166953,1,23.0,4954
8.250545093977133,7,11.0,3883
8.250577731853372,6,5.0,2384
8.250633400522075,7,30.0,2043
8.250763377552182,6,6.0,4882
8.251088286249809,6,5.0,3582
8.251499490385164,1,1.0,4955
8.251624380554782,1,50.0,4956
8.251867710890215,9,2.0,2137
8.252497595706345,1,5.0,4957
8.253018964241978,1,2.0,4958
8.253320433515336,1,3.0,4959
8.253932557175954,1,6.0,4960
8.254502761008998,1,3.0,4961
8.255153907980144,7,3.0,3146
8.255255874522664,1,1.0,4962
8.255913533741305,2,3.0,4963
8.255916977547802,1,8.0,4964
8.256068537110009,1,19.0,4965
8.256152488115022,7,53.0,1514
8.256232352694656,1,9.0,4966
8.256352147842753,1,4.0,4967
8.256385293320525,6,2.0,4818
8.256515948992625,2,4.0,4968
8.257141875596092,6,12.0,4769
8.257212356269449,6,1.0,4713
8.257884754817615,6,9.0,4486
8.257979164264421,8,1.0,2878
8.258177099205648,1,3.0,4969
8.258258992279996,1,2.0,4970
8.258371092454443,1,18.0,4971
8.259078010104812,6,6.0,2621
8.259577441594047,6,8.0,4375
8.259588935401883,7,5.0,3066
8.26022000113493,7,51.0,1676
8.260325422734358,6,7.0,3698
8.260728035425814,1,7.0,4972
8.260773497665523,6,56.0,3712
8.260870226594399,6,59.0,3082
8.260907946962059,6,1.0,3448
8.261319525522673,6,15.0,3044
8.261778586018254,6,4.0,4589
8.261937300968087,1,3.0,4973
8.26253134190737,6,1.0,4286
8.262849417271555,6,4.0,1643
8.263922392182353,6,58.0,257
8.264467323890619,7,1.0,3030
8.264719868024462,6,2.0,4260
8.264777495415368,1,3.0,4974
8.265014345745582,1,1.0,4975
8.265041865640812,6,1.0,4541
8.265355122396455,8,7.0,3944
8.266465366887072,8,2.0,950
8.266667927268543,6,3.0,2584
8.266917110855466,1,7.0,4976
8.267345276903303,1,7.0,4977
8.26734934115873,9,23.0,2289
8.267664321402352,6,2.0,3134
8.267761745295925,7,25.0,1749
8.267862103450732,6,3.0,4278
8.267998734939066,1,6.0,4978
8.268257665022,6,12.0,4660
8.26828279405888,1,14.0,4979
8.269061216281452,6,1.0,4186
8.269318809219524,7,7.0,1188
8.269403286319243,1,11.0,4980
8.269560475174236,1,1.0,4981
8.26960278587753,6,3.0,4636
8.270111843219448,1,4.0,4982
8.270163544054892,7,47.0,2247
8.270214603102744,6,2.0,4469
8.270347891572992,6,49.0,4800
8.270478387362049,6,15.0,4156
8.270536025360721,6,8.0,4263
8.270555930205212,1,3.0,4983
8.270675308905634,1,2.0,4984
8.270687551215575,7,1.0,2658
8.271301033584432,7,3.0,1146
8.271326858070983,1,19.0,4985
8.271859409266835,1,4.0,4986
8.271966161015426,1,3.0,4987
8.272133468380472,1,3.0,4988
8.272276154900904,1,1.0,4989
8.272492705566384,2,14.0,4990
8.272495034782096,1,10.0,4991
8.272635283655381,7,14.0,1315
8.27304094020387,6,5.0,4630
8.273493582055046,6,2.0,1043
8.27361715438936,7,3.0,561
8.273628102613682,1,1.0,4992
8.274577934420652,6,15.0,4152
8.274609675580072,6,31.0,4347
8.275061661115002,1,5.0,4993
8.275107495501627,6,6.0,1457
8.275238132752529,1,15.0,4994
8.275534502306424,2,2.0,4995
8.275823450777061,7,24.0,944
8.276264665878815,6,1.0,4037
8.276439506040168,6,1.0,4975
8.277121191811716,1,1.0,4996
8.277424576414312,6,5.0,4470
8.277958817761961,1,19.0,4997
8.278157177205058,1,9.0,4998
8.27820347783896,1,2.0,4999
8.278601963282723,7,11.0,2181
8.278673840602423,8,43.0,2767
8.279255531231524,7,58.0,718
8.27927112917564,8,3.0,3644
8.279399614579981,7,12.0,4048
8.279487955722965,1,8.0,5000
8.279616099142492,6,3.0,2015
8.279661186756988,1,6.0,5001
8.280350460461722,7,59.0,1665
8.280831316273236,6,14.0,4979
8.281361059058437,6,12.0,1584
8.281741345590877,1,2.0,5002
8.282063464648243,7,1.0,2826
8.282340075419912,2,4.0,5003
8.282365777398976,6,2.0,4111
8.282548261934789,1,47.0,5004
8.283252790169565,8,3.0,3175
8.28326100090341,7,25.0,983
8.283301540624333,1,11.0,5005
8.283574159701015,1,2.0,5006
8.28379619715527,6,31.0,3168
8.28383108572022,1,1.0,5007
8.283913593602172,7,29.0,2859
8.284313292868482,6,11.0,2561
8.285025392081545,7,3.0,1997
8.285208889751006,8,9.0,2996
8.285230531420474,6,3.0,2380
8.285243676509578,7,1.0,1661
8.285789729047018,1,3.0,5008
8.285973363785482,6,3.0,3848
8.286118792252678,1,13.0,5009
8.286227219607376,10,33.0,4809
8.286834886894109,7,1.0,2529
8.286855490042685,7,8.0,3491
8.286855490042685,16,8.0,3491
8.286998612572564,6,3.0,4707
8.287179700456006,1,2.0,5010
8.287609079961184,7,13.0,3773
8.287708929460047,6,2.0,4355
8.288284538768353,7,4.0,505
8.28850294876725,6,3.0,2982
8.288537959853555,1,2.0,5011
8.28880852837228,1,4.0,5012
8.289230439596478,6,7.0,4289
8.28965860183183,6,5.0,3536
8.289673589512581,7,2.0,2597
8.289833630715808,6,8.0,4267
8.289854809017127,6,3.0,3851
8.290587250433024,1,2.0,5013
8.290640688199131,1,1.0,5014
8.290833084255018,6,1.0,4144
8.29116074801166,7,21.0,3369
8.291666822504839,6,12.0,1215
8.291744262882325,1,2.0,5015
8.292307256601886,1,6.0,5016
8.292481325535915,6,5.0,3844
8.292541396232838,6,1.0,4473
8.292805511707064,6,16.0,3860
8.292945076574773,1,5.0,5017
8.293280145501297,6,3.0,4684
8.29372469182698,1,1.0,5018
8.293772247253163,8,4.0,2729
8.294056053787886,7,20.0,974
8.294149034707495,6,41.0,2170
8.29494503702559,6,19.0,1553
8.295209299635355,1,5.0,5019
8.295251673340655,6,58.0,3985
8.29592543158913,9,17.0,2276
8.296385996248983,6,3.0,4753
8.296959101848453,7,4.0,2841
8.297730702641916,1,1.0,5020
8.297831722453061,7,33.0,1237
8.297953761869605,6,4.0,3185
8.297955336359369,7,34.0,1956
8.298060089244997,1,27.0,5021
8.298107653215709,1,46.0,5022
8.298285058312771,6,5.0,4672
8.298343187901123,1,31.0,5023
8.298457114204256,7,4.0,1446
8.299059844437638,6,6.0,5016
8.299320286828955,6,5.0,2387
8.299502054810855,6,7.0,4148
8.299628374082632,1,1.0,5024
8.299833419696501,9,5.0,957
8.299912969912032,1,2.0,5025
8.300228641763495,9,2.0,1521
8.300291460180791,1,10.0,5026
8.300308626891974,6,12.0,3117
8.300342133803948,6,11.0,3892
8.300862662525889,1,3.0,5027
8.301147639279723,6,3.0,1693
8.302127923625772,6,5.0,3126
8.30251378351942,7,9.0,3890
8.302641678819034,7,47.0,2846
8.302731502253762,6,7.0,4483
8.303384925694822,6,3.0,1915
8.30362087619929,7,34.0,2267
8.303695740336751,7,25.0,1003
8.303900821581795,7,9.0,2666
8.304045701333411,6,5.0,3869
8.304121594436536,6,2.0,4656
8.30422346435159,6,4.0,3331
8.304563652896519,1,14.0,5028
8.304955941702026,7,1.0,1780
8.305110971468661,7,2.0,1294
8.305116604291422,7,7.0,2326
8.305125396487881,7,12.0,578
8.305253628712634,1,2.0,5029
8.30526943746804,6,1.0,4341
8.305386388002356,7,18.0,2829
8.305472661713425,7,7.0,734
8.30556728961102,1,8.0,5030
8.30616177548684,6,5.0,3816
8.306556026759578,6,9.0,4047
8.306871761831788,6,2.0,4738
8.306987198421776,2,6.0,5031
8.307119192869402,1,3.0,5032
8.30767132574854,8,5.0,3753
8.307815303108795,6,2.0,3645
8.308230553069807,1,5.0,5033
8.308505858870875,6,2.0,4915
8.30860192502249,6,1.0,4678
8.308674992434103,6,40.0,2448
8.308770550742025,6,25.0,4233
8.309371785197254,6,1.0,4989
8.309532214161825,1,3.0,5034
8.309781143543312,6,1.0,4090
8.310022594703014,7,1.0,2501
8.310563567292832,7,2.0,2711
8.310696097515887,1,1.0,5035
8.311281495818692,1,49.0,5036
8.311368810853871,16,44.0,51
8.31171403817979,6,3.0,2014
8.311758082682916,1,2.0,5037
8.311782733049155,1,4.0,5038
8.311835233431088,1,31.0,5039
8.312017356897353,6,2.0,4003
8.312872356041801,1,1.0,5040
8.313351637205235,7,4.0,2254
8.313382449754492,7,6.0,1567
8.313765596789057,1,40.0,5041
8.314132651634026,6,1.0,2331
8.31464117798803,6,2.0,5002
8.314681501393421,6,2.0,3621
8.315773384288361,1,4.0,5042
8.315773642345139,6,27.0,2305
8.31588525854966,1,10.0,5043
8.315936284950368,8,1.0,1791
8.315970271470508,6,21.0,3120
8.316053661411065,9,1.0,3208
8.316241070374943,6,3.0,4959
8.317060723743454,6,12.0,3341
8.317407290234161,1,11.0,5044
8.31781919356853,7,43.0,585
8.318220950163997,7,10.0,1630
8.31853884517729,7,21.0,1623
8.318553273156903,6,31.0,4326
8.318595471631244,7,5.0,1243
8.319407550737234,6,50.0,3757
8.319898799794188,7,2.0,2852
8.320009826728441,7,1.0,732
8.320631007246725,1,2.0,5045
8.321031563064153,6,7.0,4688
8.321061825328307,6,11.0,2330
8.321653881225071,7,8.0,2907
8.32167171827687,1,3.0,5046
8.32195177165729,1,13.0,5047
8.321959668666125,7,34.0,541
8.322209416564187,1,16.0,5048
8.32233519657856,1,2.0,5049
8.322426664702116,2,3.0,5050
8.32251733470783,1,13.0,5051
8.322569463809252,1,1.0,5052
8.3228021749169,6,9.0,3414
8.322945716299685,9,2.0,3284
8.323798551579586,7,3.0,2368
8.323902002686062,6,6.0,4359
8.324016121328597,6,23.0,2830
8.32409858965557,6,2.0,2036
8.324332607796944,7,3.0,2414
8.32437696243155,1,31.0,5053
8.32450591355286,1,42.0,5054
8.324684636065632,6,1.0,4746
8.325099842366201,7,53.0,1352
8.326613339895609,8,1.0,3466
8.326762883539937,1,5.0,5055
8.32690954691653,7,4.0,2141
8.326947619441599,6,2.0,1821
8.327014734427497,6,2.0,4043
8.327049750578137,1,2.0,5056
8.327900045216664,6,3.0,4829
8.329013258174374,1,5.0,5057
8.329400560222684,7,12.0,1249
8.329646041065747,6,5.0,1976
8.32992825919712,6,4.0,4080
8.33013283657514,1,1.0,5058
8.330306238215488,7,1.0,1167
8.330332694968444,1,5.0,5059
8.330498697188283,1,3.0,5060
8.330599514548256,6,4.0,4752
8.330695561629993,8,57.0,3287
8.331442039506745,1,7.0,5061
8.332221115662659,6,4.0,1782
8.332391452557552,9,3.0,1965
8.332777876886786,7,40.0,1739
8.33361613543452,6,1.0,3990
8.333727835901025,8,4.0,4612
8.334139443422206,1,31.0,5062
8.334351753606523,6,1.0,4584
8.33457351317178,7,9.0,2791
8.334627152883497,7,14.0,576
8.334817372634422,6,33.0,3847
8.335181158514343,6,2.0,4112
8.335388681642266,1,11.0,5063
8.335975539528954,1,4.0,5064
8.336046521688585,6,21.0,4089
8.336191516207817,6,9.0,4833
8.336246826947866,1,6.0,5065
8.337374288221183,8,2.0,3846
8.338293795583041,1,16.0,5066
8.338404791907944,7,3.0,644
8.338569634405113,6,18.0,2636
8.338704572938791,1,3.0,5067
8.338773869086214,9,1.0,510
8.339076631368803,6,2.0,3504
8.339847895638774,6,2.0,4217
8.340364129532523,7,9.0,1705
8.340716805028451,6,4.0,2991
8.341391588814485,6,39.0,3516
8.34169613184974,1,4.0,5068
8.341718775324917,7,6.0,1421
8.341725069248731,1,2.0,5069
8.342318405565887,1,5.0,5070
8.342827579677365,1,4.0,5071
8.34302153972077,6,2.0,2502
8.343046381396372,6,9.0,4966
8.343047309167847,1,12.0,5072
8.344724523483588,1,4.0,5073
8.344750689298454,1,1.0,5074
8.345716034150419,1,6.0,5075
8.345950895833179,1,9.0,5076
8.346050420877916,2,1.0,5077
8.346928588804841,7,16.0,1478
8.347513862743222,6,13.0,4477
8.347955759552839,6,23.0,1144
8.348380168127184,9,2.0,2283
8.349128409723559,7,4.0,3223
8.34914195138141,9,11.0,660
8.349336398647269,8,5.0,3282
8.349975027020227,7,2.0,2253
8.35003483486572,6,4.0,4561
8.35041841961684,6,40.0,4446
8.35061147890639,6,9.0,3749
8.350781393073813,6,25.0,4187
8.351143867286215,1,6.0,5078
8.351462834360914,10,3.0,4731
8.351838301639685,6,1.0,4191
8.35184421476386,6,12.0,4810
8.352118521181255,1,7.0,5079
8.352531847002508,1,2.0,5080
8.35340789153051,6,6.0,4530
8.353510750138842,6,60.0,3345
8.354302983721926,1,1.0,5081
8.354528140154956,7,3.0,2135
8.354820387779904,1,10.0,5082
8.355381367744151,1,7.0,5083
8.35541626655023,1,3.0,5084
8.355481675954737,6,3.0,5008
8.355511904322872,6,13.0,2751
8.35573077083508,1,1.0,5085
8.356069824844429,1,1.0,5086
8.356196673826998,6,2.0,3210
8.356212467730767,6,3.0,523
8.356269681272417,6,4.0,5071
8.356362368507508,6,2.0,4685
8.356477082741433,1,11.0,5087
8.35653850862505,7,5.0,1699
8.357662968773212,7,5.0,986
8.357848164888644,6,1.0,5024
8.358078812184653,7,8.0,1678
8.35822969558103,8,3.0,3821
8.358264855661407,6,1.0,2189
8.3583339282135,6,6.0,4683
8.35836604443832,7,6.0,1858
8.358498182940373,6,3.0,4505
8.358498888159227,1,1.0,5088
8.358820714842498,7,2.0,2048
8.359051825073474,7,58.0,3042
8.359325087925185,6,43.0,3127
8.35960720269851,7,8.0,1536
8.359863692237132,9,2.0,2284
8.360112695668803,1,1.0,5089
8.360179143536271,7,15.0,1115
8.360247913799036,1,10.0,5090
8.36041727298879,1,8.0,5091
8.360869447302344,2,3.0,5092
8.36089271074266,6,5.0,4259
8.361143480639365,1,7.0,5093
8.361347553885064,7,5.0,1804
8.361447370181526,1,5.0,5094
8.361485518319476,9,2.0,352
8.361499023002521,6,12.0,4383
8.36187739460548,1,4.0,5095
8.362070111308402,7,58.0,868
8.362377913232848,7,31.0,524
8.362826477180956,8,15.0,747
8.362972267835685,6,2.0,4775
8.364487876149074,7,5.0,778
8.364487876149074,16,5.0,778
8.364651072592716,11,38.0,3823
8.365060636804847,7,5.0,2465
8.3651106758381,1,5.0,5096
8.365452949305643,1,9.0,5097
8.365765630804498,6,16.0,4214
8.3657824727469,8,48.0,1241
8.36597461689632,6,1.0,4266
8.366039169093076,2,13.0,5098
8.366208394107842,6,3.0,3444
8.366225485836082,1,1.0,5099
8.366666168188274,7,41.0,2853
8.367137888379428,1,1.0,5100
8.36753038823772,7,60.0,1007
8.36766723861141,6,8.0,3750
8.36787295720546,9,59.0,1571
8.368931237018664,6,22.0,1579
8.37088399872025,6,43.0,4377
8.371112210306363,6,2.0,4627
8.37158614102648,6,7.0,4780
8.371840449090762,1,4.0,5101
8.372015147290565,7,43.0,982
8.372097823398958,1,3.0,5102
8.372356628865905,6,16.0,3455
8.372439949307012,2,6.0,5103
8.372652009782843,7,9.0,1882
8.37293286579661,2,36.0,5104
8.3732816310358,8,2.0,2479
8.37343288873351,6,1.0,5088
8.373632116700394,6,6.0,3485
8.373760677363988,7,1.0,1305
8.373793329807636,8,16.0,3445
8.374027954742266,1,23.0,5105
8.374105837266322,6,3.0,4747
8.374140136402321,6,55.0,2131
8.374266116307123,1,41.0,5106
8.37442620777128,1,2.0,5107
8.37449020827038,6,16.0,4452
8.374883322154819,7,5.0,411
8.375110302007194,7,1.0,2622
8.375931088695445,7,1.0,3396
8.376042059760769,7,4.0,2759
8.376356279843336,6,15.0,2088
8.376766344160073,1,7.0,5108
8.37725413417557,7,55.0,2581
8.378141563579007,1,24.0,5109
8.378728411082147,9,57.0,1548
8.37875377525656,1,1.0,5110
8.378922298710009,1,26.0,5111
8.379349669828864,6,31.0,3529
8.379713129120631,7,11.0,1076
8.379743550409994,1,7.0,5112
8.379781333415615,7,11.0,3548
8.379967988281464,9,19.0,891
8.38031801892216,6,2.0,4078
8.380445851207382,1,3.0,5113
8.380694256818085,6,4.0,4520
8.380744141563554,7,59.0,1368
8.381159554361961,7,51.0,2647
8.381403324919596,1,16.0,5114
8.381419014493751,6,12.0,4718
8.381533206683539,8,5.0,3825
8.381593112232439,7,2.0,3352
8.38218354493922,1,2.0,5115
8.382258697950004,7,1.0,1984
8.382659320528855,7,47.0,1379
8.382952615963825,6,7.0,4976
8.383475187536378,6,7.0,4248
8.383620923278075,1,4.0,5116
8.38426802342966,1,2.0,5117
8.384312833745494,1,6.0,5118
8.384439087687795,1,3.0,5119
8.384899877177908,7,7.0,2018
8.384946260600708,6,3.0,2860
8.38520666272224,8,32.0,4284
8.385466936868102,6,3.0,4895
8.385698163438947,7,4.0,1684
8.386453002247213,6,7.0,2435
8.38648190896791,1,6.0,5120
8.386487663579096,1,1.0,5121
8.386695138393396,1,36.0,5122
8.387331160003416,1,9.0,5123
8.388021533353282,6,58.0,4142
8.38816632098035,7,17.0,2148
8.388307991033617,8,4.0,2534
8.388835622793762,6,2.0,4565
8.388851464029969,6,3.0,5034
8.388959220447449,1,10.0,5124
8.389224776378033,6,5.0,4312
8.389346772562906,7,1.0,3019
8.389445162042632,1,8.0,5125
8.3896344160033,6,1.0,4593
8.390050383745141,1,5.0,5126
8.390060641688203,7,3.0,2894
8.390312691730767,9,5.0,3282
8.390749328369736,6,23.0,3403
8.390966827261698,7,12.0,2555
8.391241703074897,1,27.0,5127
8.391534111710147,6,3.0,4026
8.391687945921056,1,12.0,5128
8.391731569304538,6,2.0,2904
8.391831506715315,6,2.0,4506
8.391846735435966,7,7.0,1823
8.392109494731846,1,2.0,5129
8.39224468272225,1,1.0,5130
8.392686642989574,6,8.0,4896
8.392708954875266,7,37.0,1641
8.392723279987393,9,55.0,471
8.392774847049996,7,4.0,1070
8.393011156798979,6,5.0,4730
8.393958053744523,1,4.0,5131
8.394460732620582,8,4.0,487
8.394505275866528,6,5.0,3385
8.394748086089775,1,9.0,5132
8.394966370020208,1,4.0,5133
8.395075088093416,6,2.0,3903
8.395094160144474,7,3.0,2134
8.395146996551798,1,2.0,5134
8.395211925668685,1,2.0,5135
8.397193672433538,7,3.0,2757
8.397201772822207,8,4.0,3295
8.397420192648504,6,8.0,4875
8.397602119272292,7,32.0,3313
8.39771362830039,7,38.0,2210
8.397949065687307,6,6.0,3300
8.398236256825442,8,4.0,2871
8.398548082360218,2,3.0,5136
8.399423695754706,6,2.0,4245
8.400286200103928,7,15.0,596
8.400514477999712,1,6.0,5137
8.400607143959398,1,5.0,5138
8.401036024057191,8,2.0,1706
8.401195003881552,1,4.0,5139
8.401233258549249,1,4.0,5140
8.401514605796844,7,7.0,2346
8.401785129330904,1,8.0,5141
8.401986124008598,7,55.0,2020
8.402808455763825,1,14.0,5142
8.402815061697286,1,10.0,5143
8.403006525324612,1,1.0,5144
8.403120134258081,7,35.0,980
8.40325679215335,8,40.0,1796
8.403270309175756,1,5.0,5145
8.403377751242601,1,3.0,5146
8.403606277976655,6,4.0,4228
8.403773406847815,7,15.0,2249
8.404017356662326,6,2.0,3051
8.404182158975004,7,23.0,1589
8.404331133938628,6,2.0,2514
8.405003640105317,7,1.0,3639
8.405671772838982,1,6.0,5147
8.40679778993173,1,1.0,5148
8.407013810609673,6,1.0,4406
8.407227153095526,1,2.0,5149
8.407486446586429,7,6.0,282
8.40782541375961,6,1.0,4121
8.407971202721436,1,9.0,5150
8.407998135817676,9,10.0,1063
8.408048356413378,7,46.0,1671
8.408122494683981,1,7.0,5151
8.409276040998323,1,3.0,5152
8.409594159162829,9,47.0,1438
8.409979212577982,1,1.0,5153
8.41013304838202,6,1.0,3986
8.410221479430481,1,8.0,5154
8.410311389349364,1,11.0,5155
8.4109400081103,6,38.0,1518
8.411071753595866,7,6.0,2521
8.411156038716905,6,1.0,4155
8.411206958334787,6,4.0,673
8.411680162133889,1,5.0,5156
8.411756197983735,8,5.0,4259
8.412198204135915,1,3.0,5157
8.412289469298312,1,2.0,5158
8.412380208239991,7,3.0,1174
8.412955750300764,7,20.0,3372
8.413034536709686,1,6.0,5159
8.41331210720749,7,6.0,3787
8.413450042282403,1,3.0,5160
8.414817671754907,6,3.0,4700
8.414838069816144,1,38.0,5161
8.414884277250668,6,2.0,3686
8.415226045253325,1,5.0,5162
8.415275040400035,6,5.0,3412
8.41531263665777,6,2.0,4925
8.415367767589213,6,1.0,4133
8.41591804865405,6,5.0,2076
8.41600168289938,7,51.0,805
8.416161476229254,7,7.0,1925
8.417270665217922,1,3.0,5163
8.41784328558765,1,2.0,5164
8.417939654237136,1,5.0,5165
8.418098828997577,1,2.0,5166
8.418261352343709,1,3.0,5167
8.418556844163955,8,7.0,533
8.418596623705323,6,42.0,3209
8.418817016990133,6,1.0,4427
8.419110349595849,1,12.0,5168
8.419621853740272,7,2.0,2379
8.420007529836447,7,12.0,2042
8.420149047423418,7,17.0,3249
8.420205914005809,1,3.0,5169
8.42034050272258,1,16.0,5170
8.42148717160981,6,2.0,4632
8.421638683027126,7,17.0,2906
8.422090991294741,6,3.0,3678
8.422726057609948,6,3.0,4988
8.423105149866462,1,7.0,5171
8.423111080494925,9,1.0,2262
8.423195553063287,1,3.0,5172
8.42372220856273,1,6.0,5173
8.423767627545006,6,2.0,4689
8.424366721420006,1,1.0,5174
8.425595753742776,1,3.0,5175
8.426524901434579,1,22.0,5176
8.428029464486158,2,8.0,5177
8.428680217059245,6,1.0,2610
8.42901906011149,6,5.0,3169
8.42910582212356,1,1.0,5178
8.429109323277782,1,3.0,5179
8.429381359800338,6,52.0,3836
8.430316553191503,1,5.0,5180
8.43075474584571,6,47.0,3472
8.430963126278577,7,1.0,2619
8.430979738217799,7,9.0,2828
8.431063328774178,9,25.0,2150
8.431067308777669,7,3.0,1183
8.431091215387864,1,6.0,5181
8.43179906340328,1,2.0,5182
8.432232585440945,7,1.0,1864
8.432411755655485,7,10.0,3689
8.432490951818343,1,8.0,5183
8.432946481831669,1,8.0,5184
8.433002376002657,1,2.0,5185
8.433163378428912,1,4.0,5186
8.433238048092395,1,2.0,5187
8.433351426431692,6,6.0,4362
8.433732997088171,1,1.0,5188
8.433743149935925,6,9.0,3842
8.43399302881315,9,3.0,1207
8.434172197582694,8,12.0,4294
8.434351549965372,8,5.0,3177
8.434356656130975,1,1.0,5189
8.434440213122159,6,15.0,3659
8.434568779009894,1,8.0,5190
8.434577319560967,7,3.0,1594
8.434898728503839,6,22.0,4723
8.435092264130033,6,2.0,1834
8.435187475755193,1,1.0,5191
8.435233652193023,6,11.0,5044
8.436402622394649,1,2.0,5192
8.437377944252706,7,6.0,2234
8.437460634251607,1,5.0,5193
8.437634661978501,6,26.0,4264
8.438258538035782,6,54.0,2719
8.438479487252751,7,2.0,3467
8.43868296134147,6,14.0,4171
8.439161195513973,9,46.0,2693
8.439357600544904,7,25.0,1715
8.43981051515446,7,3.0,2474
8.44043205077854,1,13.0,5194
8.44044496075955,1,42.0,5195
8.440876532624413,1,1.0,5196
8.44108649608267,1,5.0,5197
8.441100806958676,6,18.0,3738
8.441235762807832,6,8.0,4311
8.441395813223929,7,38.0,916
8.441480776706307,1,5.0,5198
8.442152318959963,6,29.0,2882
8.442164803624284,1,6.0,5199
8.442176804596544,9,37.0,735
8.442206512072799,1,44.0,5200
8.442757582696663,1,3.0,5201
8.443282932889344,6,2.0,4340
8.44396130763985,7,51.0,1701
8.444339400783157,6,3.0,4802
8.444699741762477,6,2.0,4567
8.44481411153541,1,5.0,5202
8.445841024775934,8,1.0,2204
8.446072940974336,7,17.0,2398
8.446086408125954,1,25.0,5203
8.44652845074054,1,46.0,5204
8.446699099702066,6,11.0,5063
8.446846797962612,6,2.0,4180
8.446861591098836,6,10.0,1944
8.44725296680931,6,13.0,5047
8.447651902602788,6,14.0,4285
8.447752178802608,6,2.0,5115
8.448032270607662,1,1.0,5205
8.44850275944697,6,3.0,5067
8.448842623622774,1,7.0,5206
8.44969904577305,6,5.0,4448
8.449823609099509,1,13.0,5207
8.450191909440624,6,3.0,3949
8.450423251567129,7,1.0,1210
8.45161697669975,6,27.0,1844
8.45174989274463,6,7.0,2408
8.452871425186675,1,7.0,5208
8.453520316010334,8,37.0,841
8.453594096479902,1,2.0,5209
8.45361393463491,6,7.0,4441
8.454751063789843,7,2.0,1774
8.454782137312488,1,13.0,5210
8.455025142695051,1,3.0,5211
8.455298209752202,1,5.0,5212
8.4555506273519,6,2.0,3406
8.45578947143793,1,1.0,5213
8.45583633373307,6,6.0,4710
8.4563592860384,6,3.0,4782
8.456668800676892,7,3.0,2568
8.456741926575477,6,1.0,5086
8.457442442906316,1,3.0,5214
8.457695734419154,1,3.0,5215
8.457996800063217,9,33.0,1194
8.458258189400997,1,3.0,5216
8.45832840243485,6,6.0,4759
8.46009464266277,9,4.0,1543
8.461169969232067,1,1.0,5217
8.462021759738024,1,5.0,5218
8.46206192421454,8,5.0,2369
8.462066223400289,1,2.0,5219
8.462181232172714,6,9.0,4998
8.462477676512684,1,2.0,5220
8.462872905131404,1,3.0,5221
8.463233578537212,1,5.0,5222
8.463543712656689,8,2.0,3818
8.463668124221126,8,6.0,3658
8.46381575915908,9,4.0,4612
8.464191710405313,7,2.0,1472
8.464826057945606,9,37.0,1582
8.465159371180928,8,5.0,4651
8.465340405072228,6,6.0,4729
8.465708824135854,6,1.0,4118
8.46596421563553,1,3.0,5223
8.466094067114582,7,34.0,1528
8.466217679001101,6,7.0,2480
8.466755720958908,8,1.0,4543
8.467230905936436,7,57.0,1232
8.467293320042096,6,28.0,2613
8.467854734289133,7,55.0,362
8.467883202634518,7,1.0,1978
8.467899835864047,6,4.0,4019
8.468446708249312,6,36.0,5122
8.468517914158355,7,9.0,1409
8.468519711694476,7,5.0,2632
8.468729224556313,6,7.0,4737
8.469483198059134,16,5.0,57
8.469523219247355,6,23.0,5105
8.46960420047276,6,2.0,3968
8.470378042782013,7,14.0,4295
8.470421559796705,1,1.0,5224
8.470495164835112,8,43.0,3128
8.471187333978552,6,3.0,4951
8.471347671217178,6,15.0,3518
8.471525804028213,6,43.0,2703
8.471587153039048,1,5.0,5225
8.471660055450968,1,9.0,5226
8.471714973915091,1,12.0,5227
8.471818986325676,1,4.0,5228
8.472136163022402,1,9.0,5229
8.472379008840043,1,4.0,5230
8.472786878258063,6,6.0,2784
8.472849916035061,1,14.0,5231
8.472953586858926,7,8.0,2870
8.472954454867939,6,5.0,3205
8.473175774326247,1,2.0,5232
8.473265473565036,8,18.0,4164
8.473637811276948,16,4.0,299
8.47373212361875,7,1.0,3411
8.473815453182853,1,4.0,5233
8.473834279273849,1,19.0,5234
8.47390888554538,16,48.0,165
8.474578961043106,6,2.0,4499
8.474739130583746,7,1.0,1802
8.47497238632506,6,3.0,4056
8.475255448053003,9,1.0,2266
8.475392358485301,8,3.0,4373
8.475721572676362,6,37.0,2993
8.475785534963553,6,20.0,4358
8.475908836684015,6,4.0,5068
8.476081353826489,6,9.0,4195
8.476703642625338,7,41.0,759
8.476856751923359,1,40.0,5235
8.477310717721307,1,1.0,5236
8.477930571328613,6,25.0,3245
8.47794530012922,6,1.0,5077
8.477955040944945,6,9.0,2240
8.478120622169191,6,2.0,3772
8.478353887471119,9,3.0,2419
8.478416792961154,6,2.0,2021
8.478685481953118,1,14.0,5237
8.479440138504044,1,3.0,5238
8.479538533480184,9,49.0,1592
8.479752158774634,1,17.0,5239
8.480217549554046,1,9.0,5240
8.481767071087667,1,5.0,5241
8.482082813116227,2,14.0,5242
8.482108250112075,7,9.0,1818
8.482287286687185,6,1.0,1805
8.482573092158642,1,2.0,5243
8.483137125667824,6,12.0,2653
8.483306062810485,1,11.0,5244
8.483350512423272,8,2.0,4818
8.483509078586575,8,3.0,4988
8.483813379332624,8,1.0,2151
8.483936780957684,6,1.0,4337
8.484146817288188,6,5.0,3358
8.485222732044589,1,12.0,5245
8.485224087467357,6,3.0,5146
8.485272409894302,8,3.0,3676
8.485374848898712,1,4.0,5246
8.485479026563363,6,8.0,4162
8.485594335167832,9,2.0,2479
8.485604128183288,7,2.0,1929
8.48705254004293,7,50.0,1412
8.48708141310756,1,6.0,5247
8.487239824868025,6,2.0,4741
8.487254919854326,6,7.0,2232
8.487426272943353,6,3.0,2255
8.487551898698873,1,20.0,5248
8.487644993738074,1,6.0,5249
8.487872100136945,1,2.0,5250
8.488194518783532,1,5.0,5251
8.488464355520476,1,10.0,5252
8.48864974056438,6,2.0,4924
8.488764991213804,1,1.0,5253
8.48877223409927,9,12.0,662
8.48930823588654,7,5.0,2890
8.489385229368903,8,3.0,2877
8.489450217127311,1,1.0,5254
8.489508904617608,1,13.0,5255
8.489867565452474,1,1.0,5256
8.490297088693133,9,6.0,1067
8.490308698568041,6,43.0,4182
8.490466382673414,7,38.0,3395
8.490794266145025,6,9.0,4744
8.490850745743334,7,4.0,2257
8.491525058250907,3,57.0,5257
8.491655420232373,6,6.0,2013
8.49174706745377,7,6.0,2285
8.491788770399712,7,1.0,1074
8.492192082031321,7,3.0,2314
8.492520994883352,1,7.0,5258
8.492933994494457,7,15.0,1001
8.493005764002369,6,41.0,1941
8.494374597859048,11,58.0,3526
8.495092708535712,7,1.0,1981
8.495209718791061,6,6.0,5173
8.495421456359095,1,12.0,5259
8.495895338823415,6,1.0,3779
8.496250997471261,1,4.0,5260
8.49664279780709,9,30.0,4175
8.497715250537334,6,35.0,3667
8.497741943268279,6,5.0,4900
8.49781449733966,1,2.0,5261
8.49806332303165,1,2.0,5262
8.498495451823935,7,2.0,2886
8.498666953236224,1,12.0,5263
8.498835189467837,6,8.0,2995
8.499078662231485,6,1.0,4301
8.499338857274099,2,3.0,5264
8.49939688652128,6,32.0,4559
8.499499034200351,7,6.0,2733
8.499647518291718,1,2.0,5265
8.50008347119783,2,17.0,5266
8.500270807301371,1,6.0,5267
8.500929175736246,6,4.0,5139
8.501146411463989,1,1.0,5268
8.501342454846068,6,1.0,4690
8.501397582637276,6,6.0,5001
8.502211584853221,6,8.0,4806
8.502379524541075,1,7.0,5269
8.50254687053573,8,8.0,2332
8.502772735230716,6,24.0,858
8.502822580254243,6,5.0,4670
8.503052413980155,1,4.0,5270
8.503248183086896,1,4.0,5271
8.503380231106338,8,2.0,4093
8.50368747451249,7,1.0,3457
8.503993191106453,6,5.0,4569
8.50405015412039,6,11.0,3785
8.504196563656073,7,1.0,1810
8.504225884920826,1,3.0,5272
8.50436042512715,1,5.0,5273
8.504421522231958,1,12.0,5274
8.504547350798758,1,13.0,5275
8.504910824139301,9,5.0,1269
8.50509401174076,7,29.0,2488
8.505439446941613,6,2.0,5069
8.505668192866077,8,2.0,4675
8.505684359363714,6,2.0,5192
8.50613709566056,1,35.0,5276
8.506348540762957,8,7.0,3876
8.506545396971248,6,17.0,5239
8.507447906149597,1,3.0,5277
8.507706786873952,1,1.0,5278
8.508056175558984,7,4.0,2752
8.508068980040267,6,3.0,5092
8.508830725245295,7,3.0,1073
8.509182260454526,6,11.0,4919
8.509246314638125,8,2.0,1396
8.509288472196523,6,5.0,5212
8.50938961275077,1,11.0,5279
8.509469642008744,6,6.0,4207
8.509776685878503,7,5.0,4637
8.509794980911298,1,6.0,5280
8.510024061489542,2,5.0,5281
8.51005913798957,7,4.0,2388
8.510658322377308,7,5.0,1952
8.51111383586519,6,1.0,4943
8.511219081406544,1,3.0,5282
8.511429593984317,8,4.0,4752
8.511438429375573,1,5.0,5283
8.511617825277245,7,16.0,970
8.511727462285751,7,3.0,1902
8.512494702570034,1,2.0,5284
8.512734755244312,6,5.0,3614
8.513000068891087,1,3.0,5285
8.513204208287489,6,3.0,5272
8.513216027661416,1,10.0,5286
8.513484577966015,7,31.0,1843
8.514353823616526,7,3.0,2769
8.514582972184591,6,4.0,3503
8.514704439074952,1,35.0,5287
8.515159414847995,6,4.0,5095
8.515426894145541,6,38.0,5161
8.515427142746681,7,11.0,2133
8.51555044178939,6,32.0,3188
8.51560972499306,6,7.0,3014
8.51562523269065,6,11.0,3945
8.515716136794774,6,1.0,4617
8.516170984232378,8,2.0,765
8.51666325330349,1,13.0,5288
8.517429275963211,6,2.0,3997
8.517434908536417,7,7.0,1829
8.517661947344608,1,5.0,5289
8.517801994557942,6,1.0,5121
8.51801963190086,1,4.0,5290
8.51821327979131,6,3.0,4905
8.518355947882878,8,4.0,2344
8.518400266267141,1,1.0,5291
8.518587795880407,7,4.0,2185
8.518877932890327,8,6.0,2089
8.519294006949329,9,6.0,3425
8.51955487849214,8,3.0,3043
8.519610179891501,6,1.0,5191
8.519617771208774,1,5.0,5292
8.520585067545383,1,1.0,5293
8.52107426250254,6,2.0,2470
8.521084710260515,6,11.0,4468
8.52110244426984,1,4.0,5294
8.521142526978858,1,7.0,5295
8.521164781822975,7,3.0,210
8.522240902022693,7,60.0,1079
8.522243956573504,1,2.0,5296
8.522670848208403,8,5.0,866
8.522701728620346,8,3.0,4063
8.523982495054057,1,24.0,5297
8.524052294954334,6,22.0,1381
8.524157261769668,6,5.0,2612
8.524424947788717,6,6.0,4363
8.524469343715673,6,7.0,1371
8.524644706090468,1,7.0,5298
8.525106619795515,6,14.0,4041
8.525142594901627,6,2.0,4830
8.525268041760905,6,3.0,4987
8.525418754808886,1,6.0,5299
8.52554773202201,7,8.0,1086
8.525841994595021,6,1.0,4293
8.525936496156708,1,4.0,5300
8.5259965678444,1,14.0,5301
8.526073525361184,1,2.0,5302
8.526503876909475,6,2.0,4564
8.526600491524654,6,11.0,4246
8.526998391778694,7,7.0,592
8.52717512647379,1,7.0,5303
8.527208668765214,6,3.0,4913
8.527700409673816,6,13.0,4721
8.527902401059496,1,14.0,5304
8.528005468828956,7,2.0,1909
8.528065262397625,8,4.0,4928
8.52818154995147,1,12.0,5305
8.528208047691125,1,6.0,5306
8.528253291254845,6,13.0,4184
8.52836166907722,6,5.0,4804
8.52839945967563,7,2.0,1172
8.528480844473437,10,40.0,3764
8.528644059923673,6,13.0,4734
8.528703734514497,7,26.0,2596
8.528978827061284,1,7.0,5307
8.529053265731804,7,3.0,1596
8.529471428510965,7,3.0,1787
8.529617775781624,1,3.0,5308
8.52975200521377,1,2.0,5309
8.530069137438293,6,1.0,2717
8.530242766592078,7,1.0,1626
8.530329369768987,1,4.0,5310
8.53035721641566,7,2.0,3039
8.530575299518508,6,41.0,5106
8.531181755860555,1,3.0,5311
8.531239341553878,6,33.0,2128
8.531485709249287,1,1.0,5312
8.531955070486369,8,14.0,4645
8.532016351765419,1,19.0,5313
8.532376945201028,6,2.0,3368
8.532503570058905,6,7.0,3724
8.53274216325323,6,20.0,4947
8.532939458475433,6,4.0,4697
8.533810105604765,2,4.0,5314
8.533932240822825,7,5.0,1633
8.533938183515803,8,11.0,4246
8.53417222274235,6,6.0,4716
8.534185281475978,6,1.0,3195
8.534197095711054,7,4.0,2227
8.534287538999616,1,3.0,5315
8.534362046091394,6,7.0,3207
8.534609449711215,6,36.0,2987
8.534691566211558,1,2.0,5316
8.535448208134511,9,3.0,3244
8.535509563893836,6,4.0,4695
8.535583160339021,1,3.0,5317
8.535649538144611,6,2.0,4033
8.535722185762337,7,5.0,1545
8.535963301466692,6,8.0,2789
8.536558123318049,1,4.0,5318
8.53704005391098,7,6.0,3584
8.537235745690761,6,25.0,5203
8.53773521241434,9,1.0,1766
8.538036293424815,1,3.0,5319
8.539247713855417,1,12.0,5320
8.539983318424154,1,5.0,5321
8.540246110837252,8,43.0,4030
8.540321915294653,7,10.0,4437
8.541363384621874,7,3.0,4178
8.541591053032157,7,3.0,2687
8.541835071445085,8,38.0,2427
8.541870937588257,1,5.0,5322
8.542157083362415,6,2.0,3675
8.542162976011182,6,3.0,4000
8.542391876127382,6,9.0,3701
8.54239389395912,6,1.0,4531
8.542416555023957,6,14.0,1992
8.54277720738339,6,8.0,4964
8.542943990583113,6,1.0,3340
8.543122758097905,7,2.0,2147
8.543128461286003,7,1.0,1168
8.543302990559882,1,13.0,5323
8.543848443862716,6,7.0,4443
8.544018170720268,7,6.0,549
8.54438050192976,6,8.0,4135
8.544709750553398,7,1.0,208
8.545036641110421,1,15.0,5324
8.545124486884212,1,24.0,5325
8.545261520537489,1,4.0,5326
8.545913621893412,1,6.0,5327
8.54611777924251,9,5.0,4004
8.546365070886546,7,42.0,2495
8.546487589733644,6,6.0,4772
8.546526895173823,6,5.0,5156
8.546647486943824,6,3.0,4015
8.546944665346581,6,3.0,5264
8.547083595364686,1,33.0,5328
8.547389034681578,6,40.0,4382
8.547447934856041,8,1.0,3170
8.547551477851203,1,2.0,5329
8.548014393023777,9,45.0,1794
8.548098663072832,7,8.0,3819
8.54817050535918,1,27.0,5330
8.548240114891847,1,1.0,5331
8.548250170858488,6,6.0,2310
8.548258227761426,7,11.0,1099
8.54845424452371,6,9.0,3884
8.548760953801013,9,3.0,2877
8.548889202079895,1,1.0,5332
8.549674208659065,1,6.0,5333
8.549675959202444,1,20.0,5334
8.549812734299408,6,4.0,2503
8.550257198598855,9,5.0,1652
8.550759167287554,6,3.0,5223
8.550956056891485,1,20.0,5335
8.55103351405582,1,3.0,5336
8.55136574165903,7,1.0,1717
8.551789161776176,1,3.0,5337
8.55210272160361,6,12.0,5259
8.552597279348227,7,2.0,2985
8.552759634937981,6,1.0,3522
8.553526811214002,1,33.0,5338
8.553805662985619,7,2.0,3511
8.554076219611254,6,3.0,3544
8.554375470289191,1,3.0,5339
8.555132924349042,6,16.0,5066
8.55561931389713,6,1.0,5099
8.556371646850405,1,5.0,5340
8.556407551777411,6,2.0,1300
8.556409054276356,1,6.0,5341
8.556829727500567,1,21.0,5342
8.556966580156088,1,4.0,5343
8.557065635726332,8,2.0,813
8.557498425589309,6,1.0,2896
8.557572465308253,6,1.0,4227
8.557643273676012,1,1.0,5344
8.558002539273101,8,27.0,2305
8.558071890399308,6,4.0,4398
8.558222205956412,1,3.0,5345
8.558278085536472,9,1.0,3259
8.55877388069433,1,2.0,5346
8.558795631784182,2,3.0,5347
8.558909280142357,1,19.0,5348
8.558934572179218,7,28.0,3677
8.558998065288698,8,11.0,4277
8.559531888286706,1,5.0,5349
8.559633056769986,1,2.0,5350
8.560175271691666,1,3.0,5351
8.560449428695941,9,5.0,784
8.560542711002658,8,56.0,1913
8.560591752598274,6,4.0,3159
8.560904543302517,7,3.0,1209
8.561382804829377,7,6.0,3947
8.561499768430462,9,10.0,1349
8.561613097610824,7,7.0,2962
8.561749938449312,6,5.0,4610
8.56188832140406,1,11.0,5352
8.562170887538246,1,7.0,5353
8.562981108039766,1,2.0,5354
8.56314273033595,9,9.0,2996
8.564040651750418,1,2.0,5355
8.564084882397704,1,4.0,5356
8.564162200376346,1,1.0,5357
8.564376059924765,6,1.0,4269
8.564544100140123,6,2.0,4624
8.565201691849492,1,5.0,5358
8.565273123507243,1,1.0,5359
8.565496274345202,6,4.0,4968
8.565589095964253,6,4.0,3797
8.565851420999364,7,56.0,3635
8.566416499839692,1,2.0,5360
8.566547216740977,1,1.0,5361
8.56683343369647,7,7.0,2737
8.56692088967374,7,1.0,2126
8.566978077187375,1,10.0,5362
8.56705696905707,9,2.0,2275
8.567240474001094,1,8.0,5363
8.567259505639957,1,8.0,5364
8.567330635956809,6,4.0,4986
8.56781474163687,7,41.0,2709
8.568013737680737,9,8.0,1726
8.56823484637317,7,7.0,774
8.568386016933854,7,1.0,3324
8.568466766323665,6,8.0,5154
8.56862825508194,1,7.0,5365
8.568689545844808,7,60.0,1362
8.568960703042443,7,47.0,2268
8.569823943904456,8,4.0,2071
8.569913161031,1,4.0,5366
8.569943501812112,7,1.0,1110
8.570257137554236,7,7.0,1317
8.570329183746827,6,11.0,5352
8.570521865883045,6,2.0,2984
8.570623628198268,7,6.0,1341
8.571479771679245,1,10.0,5367
8.572046216866354,6,8.0,5141
8.572068831400179,6,17.0,4455
8.572551840260932,8,2.0,597
8.572877246214977,6,4.0,5012
8.572896985680558,6,2.0,4929
8.57296204451164,6,5.0,3919
8.573944032513937,7,3.0,1307
8.573970107900264,6,2.0,4767
8.573983547654368,6,3.0,5317
8.5742962918207,1,6.0,5368
8.574371326630768,7,32.0,1724
8.574380217713635,7,50.0,3668
8.574647337970267,8,58.0,3778
8.574811851733648,7,7.0,2512
8.575783548106314,6,2.0,4042
8.576323590731432,6,7.0,5295
8.57637061757058,6,1.0,4680
8.576428539301872,6,3.0,4298
8.576476076746648,6,4.0,4898
8.576502696059945,1,3.0,5369
8.576616052692245,7,5.0,1011
8.57706749923229,6,25.0,1530
8.577388857752336,8,3.0,3515
8.577492161988252,1,1.0,5370
8.577728979545249,7,31.0,2520
8.577832431658905,7,11.0,749
8.578023704032507,6,14.0,762
8.578037504302383,16,1.0,512
8.578400514128301,1,1.0,5371
8.579155548140767,7,2.0,1377
8.579295021591864,6,1.0,4893
8.57941724901712,1,3.0,5372
8.579571620911922,1,6.0,5373
8.579609982019896,1,14.0,5374
8.5797783154773,6,14.0,5028
8.58035516440674,7,8.0,3427
8.580619301059421,6,4.0,3326
8.580906836133316,1,6.0,5375
8.581314747506498,1,3.0,5376
8.581329981146167,1,10.0,5377
8.581977751890376,8,49.0,2349
8.581993320990573,6,5.0,4724
8.582168409174553,7,4.0,2393
8.58221751577491,1,3.0,5378
8.58234758296939,7,14.0,4364
8.582920461205186,9,46.0,1270
8.582953992731028,1,15.0,5379
8.583213665583218,1,2.0,5380
8.583253801890642,6,1.0,4348
8.583849849660554,6,3.0,4408
8.584006655545911,6,44.0,3447
8.584239857036868,6,1.0,5278
8.584596602596763,1,13.0,5381
8.585079859833934,6,3.0,4745
8.585427020392471,1,1.0,5382
8.585632618554527,6,6.0,4372
8.585724730324886,1,6.0,5383
8.586307268882251,9,1.0,3234
8.58677475547831,1,2.0,5384
8.587105623345218,6,23.0,3476
8.587352796463566,7,1.0,2648
8.587359325976111,1,4.0,5385
8.587580829517977,6,21.0,3796
8.587779511280297,7,26.0,1746
8.587842843408323,6,6.0,4250
8.587875889821447,6,6.0,4060
8.588033238823717,9,1.0,2702
8.58821916649468,1,8.0,5386
8.588739253446905,1,1.0,5387
8.589203209562454,6,33.0,2700
8.589942166180025,1,2.0,5388
8.59010700266492,1,1.0,5389
8.590382373885019,6,1.0,4465
8.590527323688654,7,18.0,3122
8.590667377112021,1,37.0,5390
8.590903239643541,1,5.0,5391
8.591050743807743,1,10.0,5392
8.591217642028464,6,1.0,671
8.591243592919824,6,8.0,3342
8.591247173003364,1,6.0,5393
8.591951777548854,1,3.0,5394
8.592292217112004,6,10.0,5124
8.592402355967028,7,7.0,3956
8.592573105388258,7,3.0,2179
8.592883994188007,7,1.0,604
8.593084930491202,6,2.0,3931
8.593220158936798,7,2.0,4507
8.593567442835644,1,9.0,5395
8.594405955904737,1,9.0,5396
8.594951308978226,1,1.0,5397
8.594976419960306,9,4.0,1272
8.595097413034468,6,5.0,2603
8.59540334005883,7,3.0,4120
8.595419598454708,1,6.0,5398
8.595512669746247,1,2.0,5399
8.595679258676727,6,5.0,3727
8.596465616969944,6,5.0,3004
8.596495362081772,1,1.0,5400
8.596995398118304,7,16.0,424
8.596998704733377,7,38.0,1958
8.59723811407307,6,5.0,4790
8.597683175159386,1,7.0,5401
8.597749141071587,1,1.0,5402
8.597754612255269,6,3.0,2797
8.597843732901556,9,3.0,1314
8.598178813278153,1,5.0,5403
8.59818509084733,6,3.0,654
8.59833462325273,1,3.0,5404
8.599501136280544,6,51.0,2863
8.59994609722654,7,3.0,2541
8.600008054263474,1,2.0,5405
8.600174326869828,6,10.0,4447
8.600333682591984,7,2.0,2473
8.600642567285801,1,3.0,5406
8.600775831253419,6,3.0,4874
8.600777537421209,7,46.0,1476
8.601100159178374,6,5.0,5059
8.601112616851506,6,1.0,4816
8.601896000888523,6,3.0,5046
8.60192958644666,6,9.0,5240
8.60194753061293,8,1.0,3565
8.602813697135879,6,3.0,5216
8.602846833667641,6,2.0,4949
8.603446760118006,1,6.0,5407
8.603532966456727,9,37.0,841
8.603532966456727,16,37.0,841
8.603780380101986,8,1.0,4661
8.604134775448726,1,6.0,5408
8.6042940873742,6,1.0,4677
8.604491772877413,6,19.0,5234
8.604620260681312,1,5.0,5409
8.605000842442955,9,26.0,2180
8.605117439056759,7,1.0,2931
8.605192621186397,6,7.0,4044
8.606076505180736,6,1.0,3868
8.606113803792192,1,25.0,5410
8.606125003091996,7,1.0,2129
8.606870534894062,1,1.0,5411
8.606980687269937,1,2.0,5412
8.607474075766074,7,2.0,3323
8.607513778865993,1,3.0,5413
8.608025148132924,6,5.0,5340
8.608180570024649,1,1.0,5414
8.60822366976461,6,8.0,4128
8.608367489208037,6,1.0,5188
8.608995306704216,8,56.0,2471
8.609368368925072,8,9.0,3162
8.609610853028585,1,5.0,5415
8.60988982966224,6,3.0,5172
8.610423714364805,8,43.0,3693
8.61056845194064,7,3.0,2794
8.610877675633965,7,7.0,1433
8.61124599058561,1,3.0,5416
8.61126367209138,1,3.0,5417
8.611326433805942,6,1.0,3670
8.6113439505421,9,3.0,4373
8.611367548916961,1,8.0,5418
8.612274469655853,7,13.0,1517
8.612476023517637,1,28.0,5419
8.612634202681484,1,1.0,5420
8.613249424966282,6,38.0,4725
8.613368486654961,1,7.0,5421
8.613530286695571,1,3.0,5422
8.613675415136115,1,9.0,5423
8.613805996644146,6,3.0,4527
8.614091908815839,1,9.0,5424
8.614482488946496,6,2.0,3728
8.614520695581314,6,3.0,5376
8.614613128031568,6,3.0,1461
8.614751245090375,8,1.0,1455
8.615156630967642,6,2.0,4378
8.615474244422051,7,4.0,4275
8.616219660025976,1,3.0,5425
8.616232464065844,1,3.0,5426
8.616268086935621,1,1.0,5427
8.616523074557286,7,2.0,1196
8.616563027643613,6,5.0,2594
8.61662552431452,1,7.0,5428
8.616745733410868,6,2.0,5316
8.617130053127596,7,3.0,4029
8.617886070698766,6,9.0,2559
8.61800625868796,6,1.0,1407
8.618110253289798,9,60.0,1610
8.618290136590954,6,38.0,3839
8.618408036197161,7,1.0,2221
8.618533268755863,7,57.0,1306
8.61895825359461,1,37.0,5429
8.619183306776282,1,2.0,5430
8.620103753796581,6,55.0,1360
8.62057807916634,6,2.0,2595
8.620662292589337,1,27.0,5431
8.620812709145659,7,2.0,3859
8.621513674027929,1,3.0,5432
8.621678338567428,6,3.0,3717
8.622390524260162,7,8.0,1604
8.622422140258774,6,2.0,1996
8.622577594590828,6,60.0,1186
8.622707723194328,6,1.0,5130
8.623128437013976,1,1.0,5433
8.623166074802928,1,1.0,5434
8.623170625563175,7,6.0,940
8.623265032231684,6,21.0,3641
8.624055691865761,1,1.0,5435
8.624380700613619,6,7.0,2699
8.624383407581812,6,39.0,1380
8.62520854188706,7,13.0,3473
8.625507557733911,1,3.0,5436
8.625642957918751,6,7.0,2003
8.626220226815336,6,4.0,4234
8.626478310414155,7,6.0,3619
8.626835631631163,6,16.0,5114
8.626836016984175,6,29.0,3962
8.626894141481616,6,3.0,3783
8.627288777246424,1,5.0,5437
8.627307329827536,1,2.0,5438
8.627717912936818,8,4.0,3443
8.627886253554298,7,8.0,1336
8.628050579602036,9,10.0,2535
8.628303471372012,6,2.0,5388
8.628446036415403,9,48.0,1241
8.628916525677575,1,9.0,5439
8.629492377292873,6,2.0,5430
8.629578675483899,7,1.0,1721
8.629812032798805,8,16.0,5066
8.629969730535715,1,44.0,5440
8.630014947698898,7,8.0,1005
8.63013570664642,9,4.0,1975
8.630503451515622,1,1.0,5441
8.631177939025774,1,8.0,5442
8.632007305533824,1,5.0,5443
8.632014096415165,1,1.0,5444
8.632315692601125,1,1.0,5445
8.632524417369842,1,2.0,5446
8.632906538954433,6,1.0,5058
8.632949416051027,8,5.0,3869
8.63320740492811,6,7.0,3612
8.633639270701,6,17.0,5266
8.633818202125333,8,47.0,3472
8.634138040753095,6,40.0,2251
8.634154631252372,7,41.0,1949
8.634247706178355,1,40.0,5447
8.634426992988596,6,10.0,5252
8.634836146096474,6,4.0,4457
8.635010051687866,7,44.0,2055
8.635168735606236,7,8.0,2371
8.63535721025613,1,17.0,5448
8.635420984069635,1,2.0,5449
8.635488085581107,6,1.0,4529
8.63570281060676,7,41.0,1217
8.636075147267022,1,4.0,5450
8.636103233806406,7,4.0,3255
8.636108171554069,1,52.0,5451
8.63661631463377,6,2.0,4671
8.636888733673182,6,47.0,5004
8.636890189011593,1,1.0,5452
8.637168024960943,8,29.0,4631
8.637357281025018,6,4.0,4609
8.637775665356479,6,14.0,4824
8.63907231735237,1,1.0,5453
8.6393319822783,1,1.0,5454
8.639394669395536,6,2.0,3774
8.639470624626567,1,5.0,5455
8.639486826376539,6,2.0,1192
8.639702487403268,8,6.0,4103
8.639794805606867,6,18.0,4400
8.640009031156948,1,18.0,5456
8.640101591302795,6,9.0,5097
8.640106290889367,7,2.0,2312
8.6402100722952,8,4.0,1056
8.640231668690426,6,24.0,3954
8.64037721643526,1,1.0,5457
8.64038462711158,6,9.0,2748
8.640394794206411,6,2.0,4889
8.640811788371794,9,3.0,1083
8.641135756917159,6,1.0,4832
8.641689344888166,2,2.0,5458
8.64181031269348,7,14.0,1394
8.64196655183826,1,15.0,5459
8.641977138305597,6,2.0,5049
8.642031455771395,1,12.0,5460
8.642187430119092,6,16.0,4952
8.642257055798536,1,2.0,5461
8.642302299626612,8,24.0,4848
8.642928240249846,6,2.0,3110
8.643990223698163,1,6.0,5462
8.644302995083363,7,3.0,1779
8.645041314030827,6,3.0,4983
8.645446713148344,1,3.0,5463
8.646102848202297,1,25.0,5464
8.64611740600901,1,15.0,5465
8.646301310400105,1,3.0,5466
8.646388026992987,7,9.0,391
8.646702632436428,6,2.0,5006
8.646766007145938,6,5.0,4957
8.646969084802768,7,16.0,3860
8.64716304336328,6,30.0,2874
8.647190524247687,1,6.0,5467
8.647468723347266,7,10.0,3274
8.647900841691266,8,1.0,3580
8.64830903257513,9,40.0,2544
8.648403159192647,1,8.0,5468
8.648884105697165,1,2.0,5469
8.648899230922396,1,17.0,5470
8.648913101326944,6,1.0,4981
8.649618083668113,7,3.0,2602
8.649889677732713,6,6.0,5398
8.650215992871825,7,2.0,2799
8.650712650614047,7,1.0,1711
8.65082493673851,1,6.0,5471
8.651186323644723,1,4.0,5472
8.651935181203878,6,10.0,2517
8.652067277930284,1,2.0,5473
8.652172158928586,1,36.0,5474
8.652231190880308,8,51.0,3267
8.65250006268732,6,2.0,5166
8.653133706649317,7,6.0,2159
8.653391327893734,1,9.0,5475
8.65370477589003,1,4.0,5476
8.65397372323727,1,4.0,5477
8.654427217195924,6,1.0,4748
8.654744263919897,7,3.0,2772
8.65474737187205,6,15.0,5379
8.655125240519641,8,3.0,4604
8.655137499738782,6,2.0,2589
8.655304967998076,6,3.0,5311
8.65554601420721,1,2.0,5478
8.655604829049949,6,14.0,2868
8.656012768196497,1,2.0,5479
8.656054319814249,9,17.0,3228
8.656075181396872,6,2.0,3539
8.656292847322295,9,2.0,2092
8.65725721365645,6,1.0,4426
8.65739247092792,6,27.0,2681
8.657647430706024,6,4.0,5450
8.657834306856145,1,7.0,5480
8.658345575423846,8,1.0,2665
8.658597618646386,6,1.0,5434
8.658635109696869,7,47.0,2028
8.658798160255953,7,7.0,2626
8.659330838524617,1,11.0,5481
8.65938938196771,1,6.0,5482
8.659408159529233,6,19.0,4169
8.659520570626242,1,2.0,5483
8.659556291181566,6,3.0,3745
8.659767486186997,8,3.0,3987
8.659783607877207,1,10.0,5484
8.660145999053736,9,1.0,1729
8.66102766582361,1,1.0,5485
8.661087124902398,6,1.0,3664
8.661232056547394,1,7.0,5486
8.661320279515145,1,46.0,5487
8.661320530974525,6,5.0,4478
8.661500135053037,1,2.0,5488
8.661641058150792,6,6.0,5375
8.662097462411202,6,6.0,1924
8.662843230221732,1,2.0,5489
8.662928242016463,6,2.0,4873
8.663036425381794,7,5.0,2383
8.66307234829649,6,9.0,5229
8.663237614023133,6,5.0,2169
8.663999747584459,6,1.0,2669
8.664060565121298,1,1.0,5490
8.664176474659863,7,46.0,2467
8.66466882463341,6,1.0,4796
8.66560616093168,9,48.0,1348
8.66570054827515,1,2.0,5491
8.665709835296314,7,5.0,2401
8.665715275864056,1,6.0,5492
8.665908036872862,1,4.0,5493
8.666435233419124,7,4.0,2359
8.666551021247999,1,9.0,5494
8.66675547799134,1,9.0,5495
8.667124467535228,6,1.0,615
8.667192482749435,6,14.0,5301
8.667199322352939,1,9.0,5496
8.667348829734793,1,18.0,5497
8.668008757429208,1,4.0,5498
8.668150138504856,6,5.0,996
8.668302684592042,1,24.0,5499
8.668445700715814,6,30.0,3465
8.66853096131673,6,2.0,4712
8.668771674157298,1,2.0,5500
8.668797327322498,6,13.0,5288
8.668962798299258,1,5.0,5501
8.669010463641127,7,6.0,3037
8.66955422225467,8,4.0,3503
8.669854672823668,9,4.0,1056
8.669944415525288,6,6.0,5393
8.670268137657583,1,6.0,5502
8.670574876918181,7,2.0,2533
8.670806104731927,6,23.0,4397
8.670899572793177,7,6.0,1718
8.670906764274918,1,31.0,5503
8.671051942549171,6,40.0,3148
8.67178594803397,6,2.0,5219
8.672319435281684,6,20.0,4104
8.672475407300112,6,8.0,5125
8.672883933649814,7,1.0,1542
8.672926602028028,1,1.0,5504
8.672980427774656,8,3.0,3562
8.673215535339521,1,5.0,5505
8.673597283715779,9,2.0,1631
8.673620016251379,7,24.0,2836
8.673913314980469,1,2.0,5506
8.674208307973347,1,1.0,5507
8.674649657935152,6,11.0,4430
8.674831390874008,7,7.0,1568
8.67500154574833,8,36.0,2987
8.675155955996152,6,3.0,5277
8.67553214858688,6,7.0,4977
8.675554416410355,6,2.0,4329
8.67570617163945,7,2.0,625
8.675917032546636,1,1.0,5508
8.675933512325633,6,4.0,5230
8.676198729407359,1,36.0,5509
8.676804588475589,7,1.0,4266
8.677058470775295,1,31.0,5510
8.677535952028087,8,11.0,4797
8.677589278473022,6,2.0,3306
8.678237633654188,6,2.0,3402
8.678243016918222,7,7.0,2540
8.678250862253146,1,5.0,5511
8.678511037184094,1,8.0,5512
8.679118463402457,6,1.0,4715
8.67942975559091,7,58.0,3334
8.679613823679396,6,4.0,3499
8.679660482826312,1,6.0,5513
8.679684681748874,7,4.0,1698
8.68004955243888,6,1.0,3951
8.680156310862136,8,60.0,3441
8.680333095843409,6,4.0,4821
8.680469929212874,6,10.0,4936
8.68054813679723,1,2.0,5514
8.680766117568059,7,2.0,4510
8.680875885396542,6,5.0,5455
8.68148202311998,7,55.0,2132
8.681607879298081,1,2.0,5515
8.681716810818802,1,41.0,5516
8.682224500594785,1,4.0,5517
8.682476511815826,6,1.0,4376
8.682499197562896,7,1.0,4096
8.682773600293913,7,35.0,117
8.682962093850204,7,3.0,2885
8.68296767417595,6,4.0,4306
8.68304348785917,1,3.0,5518
8.683822140368259,6,50.0,3822
8.684034705122071,6,19.0,3361
8.684072818784113,6,4.0,5310
8.684204291132705,6,7.0,4972
8.684509227909174,1,3.0,5519
8.684593462087806,6,3.0,4255
8.685066044925723,7,52.0,1494
8.685115549756185,2,33.0,5520
8.685493172414043,1,2.0,5521
8.685641632615475,7,21.0,638
8.68591596155259,7,4.0,2848
8.686032505506738,1,16.0,5522
8.686041736457682,6,4.0,3841
8.686444094364845,7,6.0,2753
8.686803799186318,7,42.0,1740
8.687035523118714,6,15.0,4487
8.687312356168244,6,42.0,3568
8.687670572124182,6,9.0,4226
8.687739886132466,1,14.0,5523
8.688018626797302,7,6.0,515
8.68936326046217,6,5.0,5358
8.689366971235572,1,2.0,5524
8.689660066472568,6,6.0,3520
8.689827699371179,6,7.0,4085
8.689964850065326,6,3.0,4524
8.69023882540941,7,1.0,1835
8.690407607454425,1,29.0,5525
8.690512974197066,9,3.0,2898
8.690612900126169,7,3.0,3199
8.690998075860737,6,54.0,2282
8.691006680144062,7,5.0,2442
8.691201497596522,6,3.0,5060
8.69164403595164,6,31.0,5503
8.691647160787427,6,1.0,5382
8.69182823097111,6,5.0,5222
8.691927575175619,6,4.0,4870
8.692242045979594,6,12.0,4939
8.69230482755871,6,2.0,4299
8.692939056689125,7,17.0,3178
8.692949326618024,6,2.0,4708
8.693170911409819,1,4.0,5526
8.693267012416209,1,3.0,5527
8.693286739386373,9,13.0,2290
8.693556914439055,6,6.0,5078
8.693594565325613,8,2.0,3547
8.693618530089745,1,6.0,5528
8.693720319275817,7,17.0,1427
8.693785362546842,2,1.0,5529
8.693849053979996,6,2.0,3683
8.695163135206029,6,1.0,3105
8.695298885192207,7,48.0,1883
8.69534373578551,7,6.0,1460
8.69552810420716,6,1.0,3083
8.69574035106484,1,1.0,5530
8.696015677249752,1,5.0,5531
8.69741370803096,1,2.0,5532
8.697706334923385,6,5.0,3699
8.697760595264441,6,3.0,4309
8.69786854335736,1,1.0,5533
8.698094388295623,8,2.0,4656
8.698506548751045,9,5.0,2978
8.698981061792882,6,12.0,2439
8.699366793822245,1,5.0,5534
8.699473457658884,1,10.0,5535
8.699922600598775,1,2.0,5536
8.70001221415976,6,5.0,3891
8.700212438765622,7,34.0,2587
8.700236269420985,1,1.0,5537
8.700303037409332,6,22.0,4720
8.70031163488468,6,9.0,3948
8.700658877641805,7,7.0,3957
8.700857425255146,1,4.0,5538
8.70106069885158,7,41.0,1403
8.701171236494318,7,5.0,1260
8.701187146312964,6,27.0,3102
8.701291821845665,1,5.0,5539
8.701497623294934,7,2.0,1468
8.701504233129448,7,44.0,958
8.701587531688684,6,2.0,2824
8.701701052676142,1,5.0,5540
8.701770827600052,1,3.0,5541
8.701772030841092,1,5.0,5542
8.70178519082543,6,10.0,5367
8.702466642057155,6,42.0,5195
8.702830845551858,6,44.0,4709
8.703112456653223,7,60.0,1327
8.70315649652591,7,51.0,1052
8.70323100691645,7,5.0,2604
8.70323100691645,16,5.0,2604
8.703247344554363,7,17.0,3894
8.703611862922271,9,2.0,1266
8.703806151178549,7,7.0,2093
8.704952961906109,6,3.0,3378
8.70518426186961,6,3.0,5319
8.705492676029335,7,7.0,3927
8.70562890365653,1,19.0,5543
8.706126797142314,7,7.0,3418
8.706294461556627,7,6.0,2614
8.706332713354106,1,17.0,5544
8.706344214786242,1,7.0,5545
8.706630252162057,6,1.0,2941
8.70706983845499,1,54.0,5546
8.707367663361534,6,3.0,5167
8.707412210673738,8,13.0,2707
8.70781561028692,6,5.0,4917
8.707946046526345,7,24.0,2755
8.708459343408638,6,5.0,5180
8.708467198579154,6,1.0,4203
8.708659035489198,8,5.0,2603
8.70927576046581,3,44.0,5547
8.709407421863858,6,4.0,3298
8.709436206957776,1,3.0,5548
8.709490195814968,6,57.0,3400
8.709602832041707,1,18.0,5549
8.709724103289389,6,17.0,4068
8.71017704181753,7,52.0,3555
8.710229567103738,1,1.0,5550
8.71023301221934,6,1.0,3344
8.710655299376503,9,9.0,2856
8.710817694046,1,4.0,5551
8.71081932320779,6,18.0,4971
8.710997519012688,6,8.0,3497
8.711131076760907,7,6.0,2299
8.71121085367603,1,54.0,5552
8.711277287674319,6,6.0,4908
8.711767004860153,8,4.0,3397
8.712060663929375,1,1.0,5553
8.712186785907184,8,32.0,2352
8.712536430464535,7,10.0,773
8.712536430464535,16,10.0,773
8.713081813950993,1,2.0,5554
8.713384118371044,8,3.0,2808
8.713725175631359,8,46.0,3865
8.713733290770222,6,1.0,4141
8.714360173274638,1,2.0,5555
8.714621076562148,7,26.0,1695
8.715136338201564,1,1.0,5556
8.715359651212244,6,10.0,5286
8.71536703317763,2,14.0,5557
8.71551892318988,6,40.0,1959
8.715919470971667,7,19.0,1100
8.71601447254034,7,1.0,1577
8.716049940927768,6,1.0,5052
8.716066570623303,6,3.0,5541
8.71642951191689,6,3.0,4168
8.716864523293953,6,2.0,2460
8.717013439423082,1,1.0,5558
8.717228022949323,1,6.0,5559
8.717585643605167,1,4.0,5560
8.717820161252588,1,6.0,5561
8.718040785367135,1,7.0,5562
8.718066223023134,6,7.0,4213
8.71844648724912,6,9.0,5150
8.718620071416353,7,1.0,1088
8.719116790802081,9,38.0,1904
8.719416052970844,8,6.0,3375
8.71944670108431,7,1.0,3225
8.719543792000973,6,7.0,5298
8.719619225515771,6,14.0,5242
8.719654713000526,1,8.0,5563
8.720518239243477,1,37.0,5564
8.720585375304767,6,2.0,5080
8.720907672295954,1,1.0,5565
8.720967875926844,6,5.0,5534
8.721009364126617,6,13.0,5009
8.721024229346071,6,14.0,1491
8.721191171160621,7,12.0,3930
8.721330514694731,1,8.0,5566
8.722915105892529,6,2.0,5209
8.723767599708369,1,1.0,5567
8.724124155430983,7,5.0,1830
8.72424934123815,6,4.0,3852
8.724362812456812,6,7.0,4303
8.724452168564639,1,9.0,5568
8.724560529937445,6,2.0,4123
8.725532072297694,6,41.0,4282
8.725536663445661,7,4.0,2915
8.725683273123485,1,5.0,5569
8.725741291862608,8,6.0,2195
8.725931701325498,8,5.0,3646
8.725966688357241,6,1.0,4555
8.726063101891683,1,5.0,5570
8.726101731150672,8,3.0,3717
8.726271684210941,6,9.0,2850
8.726636437471967,7,4.0,4008
8.728429875302812,6,18.0,3338
8.728762345933154,7,2.0,2820
8.728787760404233,6,3.0,5422
8.728836209312126,8,3.0,5277
8.729119698567775,1,2.0,5571
8.729249724617747,1,2.0,5572
8.729498309441102,1,14.0,5573
8.729544473363905,7,4.0,2858
8.730058301379799,6,54.0,3450
8.730358091474354,1,1.0,5574
8.730701439216979,7,47.0,1750
8.730763928212628,6,1.0,4860
8.731060937976345,6,3.0,5119
8.731099168855122,7,37.0,1738
8.731170504081032,7,45.0,927
8.731394097773821,6,11.0,1967
8.73161893202562,7,27.0,260
8.731704886550952,1,12.0,5575
8.731827878212586,1,2.0,5576
8.731854239882466,7,2.0,772
8.731959988011633,7,2.0,548
8.732001234458439,6,1.0,4705
8.732212376531251,1,8.0,5577
8.732504619007289,6,12.0,4770
8.732532890137255,7,29.0,842
8.732557149716875,6,1.0,5558
8.732629731540673,7,2.0,2292
8.732924509229681,7,27.0,3404
8.733697222402622,6,3.0,3830
8.733731571504068,8,4.0,4258
8.733861199483366,7,2.0,4064
8.734137759968078,1,2.0,5578
8.73425226318912,1,46.0,5579
8.734487463600319,8,59.0,1627
8.734568726650775,6,1.0,5371
8.736279346296657,6,1.0,5452
8.737189468600095,6,8.0,4007
8.737627218457366,6,4.0,5560
8.738095447994148,6,4.0,3973
8.738115424642501,7,4.0,3691
8.738506063112668,6,3.0,4556
8.738947761658956,7,2.0,1385
8.739288177248099,8,45.0,679
8.739418122409635,6,10.0,2270
8.739878302684755,1,2.0,5580
8.740234883027428,7,1.0,2695
8.740317559950778,1,11.0,5581
8.740320483466771,9,4.0,4258
8.740741483661735,7,3.0,4067
8.740970863075235,6,33.0,3828
8.741020111464227,6,4.0,4982
8.741079982348351,6,11.0,5279
8.741530840046597,1,31.0,5582
8.741614478625353,7,1.0,2264
8.74205178805905,7,22.0,1600
8.742295037398538,2,1.0,5583
8.742343071513426,8,6.0,4206
8.742950300670831,1,2.0,5584
8.74337639314268,6,2.0,5134
8.743561656274338,7,5.0,3589
8.743644487527972,6,3.0,3310
8.744020598563859,1,9.0,5585
8.7440283241482,8,2.0,4022
8.74411266056864,1,5.0,5586
8.744167486373952,1,2.0,5587
8.744291652565455,6,1.0,4574
8.74477475564626,7,6.0,3179
8.744865968191032,1,13.0,5588
8.745171193805382,1,13.0,5589
8.745346542321002,8,3.0,4416
8.745604592150896,8,38.0,1928
8.745706004396679,6,6.0,5492
8.74575887066343,6,5.0,3704
8.745765524433137,1,4.0,5590
8.745909431230688,7,2.0,2831
8.745997254800056,6,8.0,2785
8.746148120290194,6,10.0,4254
8.746435577800689,8,5.0,906
8.746467688952757,1,6.0,5591
8.746778622629709,1,2.0,5592
8.746829640898865,7,44.0,3437
8.746837918121047,6,8.0,3887
8.746876888859289,1,14.0,5593
8.746900722256752,6,7.0,1770
8.747005809386373,6,2.0,5461
8.747046802916536,7,56.0,2591
8.74776340573354,8,1.0,3017
8.74806321533342,6,2.0,5037
8.74833066885622,7,3.0,2605
8.748575729819196,7,2.0,2083
8.74866085401067,7,21.0,2849
8.749100729027386,6,5.0,1556
8.749237915943713,1,6.0,5594
8.749681917415,1,9.0,5595
8.75004498707399,6,2.0,4006
8.750213945525037,1,1.0,5596
8.750303876656831,6,1.0,5148
8.750390577952567,1,2.0,5597
8.751777238282546,1,7.0,5598
8.75234042642829,1,1.0,5599
8.752349405367848,9,8.0,316
8.752626538070514,6,5.0,4884
8.753038042861037,6,13.0,3988
8.753344059712589,6,2.0,5532
8.75345474262685,7,4.0,1016
8.753593654189007,6,34.0,2386
8.753600697596106,1,4.0,5600
8.754163786283264,1,5.0,5601
8.754275753200538,1,5.0,5602
8.75448166669933,1,3.0,5603
8.754606383919048,1,9.0,5604
8.754791884494827,1,1.0,5605
8.755496854163962,6,7.0,3710
8.755669460501153,6,2.0,4777
8.755833466343669,6,2.0,4918
8.755902536206857,6,1.0,3328
8.755928266124638,9,12.0,1094
8.756003222079219,1,2.0,5606
8.756004254164049,1,1.0,5607
8.756379335053555,6,4.0,4059
8.756975344101715,1,12.0,5608
8.757305608405252,1,28.0,5609
8.757425271994117,1,3.0,5610
8.758000824260858,7,3.0,2950
8.758064202964077,6,2.0,5488
8.758501723514467,8,40.0,3148
8.758584618080134,7,19.0,1777
8.759310229595927,6,5.0,4626
8.759521651229196,1,26.0,5611
8.759649550184658,1,7.0,5612
8.759674614980344,6,2.0,5056
8.761079274668456,6,31.0,5053
8.761243959846414,8,5.0,4652
8.761953891212244,9,3.0,2808
8.76198820857339,6,5.0,2069
8.762105928804791,7,1.0,1640
8.762984249658015,6,10.0,4323
8.763105271101471,1,1.0,5613
8.763282186925629,1,2.0,5614
8.76397167928984,6,3.0,4973
8.763983134981661,6,52.0,4035
8.764478357049423,7,50.0,3697
8.764523699986452,6,21.0,3155
8.764810297393304,1,4.0,5615
8.76482942755495,9,4.0,2344
8.764862915599018,1,9.0,5616
8.764956611278082,6,8.0,4290
8.765210914943468,6,1.0,5196
8.765240835474255,1,4.0,5617
8.765456682770086,6,2.0,3636
8.765560194975665,6,3.0,3976
8.765718783638079,7,31.0,4107
8.76579205251093,8,39.0,1380
8.766554905467972,6,6.0,5280
8.766953482416268,8,60.0,2911
8.767699861002546,6,2.0,4879
8.767822212083964,1,26.0,5618
8.768154936171952,1,1.0,5619
8.768324466304042,7,13.0,2615
8.768341486876398,1,1.0,5620
8.768785266709575,9,3.0,371
8.768882037161658,7,8.0,3264
8.768902765402071,6,14.0,5573
8.769290884201212,1,4.0,5621
8.77013866032473,9,6.0,1920
8.77022710530833,8,3.0,2504
8.770289512459847,1,3.0,5622
8.770625822065963,8,43.0,4182
8.770859143799754,6,2.0,4878
8.771200185208123,1,5.0,5623
8.771221774466504,1,3.0,5624
8.77166722111982,7,36.0,2272
8.772097050922008,6,2.0,4379
8.772154243775697,7,3.0,3510
8.772241609358842,6,3.0,5157
8.772330455849506,1,2.0,5625
8.772373681108483,6,5.0,4682
8.772749912285597,1,3.0,5626
8.773146526018904,1,18.0,5627
8.773561418167647,1,4.0,5628
8.773566342359128,1,11.0,5629
8.773635033378362,6,6.0,4914
8.773799546858262,7,7.0,2176
8.77408562821073,6,4.0,4755
8.774199640328177,2,10.0,5630
8.774206161521755,7,2.0,1866
8.774535944640753,9,33.0,490
8.774879919943015,7,3.0,2650
8.775230074211429,7,3.0,2459
8.775467622738734,9,2.0,2177
8.775638289121337,7,3.0,3263
8.775658031575261,6,7.0,4460
8.775676568167833,1,2.0,5631
8.775926560840643,7,6.0,3500
8.775997697545169,7,1.0,3835
8.776041413714193,1,5.0,5632
8.776121797782942,6,5.0,5202
8.776251887360399,1,39.0,5633
8.776626970084182,1,1.0,5634
8.777317637938786,7,2.0,2519
8.777510622685956,7,34.0,2919
8.777832256781567,7,15.0,2811
8.778169147233811,1,6.0,5635
8.779820443172067,6,4.0,4616
8.780387362612874,6,6.0,4881
8.780750378920143,6,2.0,5597
8.781252742552477,6,5.0,5505
8.781954144307324,6,5.0,4739
8.78197412096306,6,4.0,5294
8.783155939418961,6,2.0,4984
8.783316895920859,6,1.0,3810
8.783613003990551,6,8.0,3790
8.783698623058093,6,3.0,3241
8.783827918937291,7,4.0,2207
8.784245065327353,1,5.0,5636
8.78437594527805,1,28.0,5637
8.785117496075387,7,6.0,2668
8.785117496075387,16,6.0,2668
8.785419494469327,6,6.0,4442
8.785463944832163,1,3.0,5638
8.785617723713466,1,1.0,5639
8.785862444734608,9,54.0,656
8.785870815316777,6,5.0,4787
8.785904042517076,1,8.0,5640
8.785923457871952,6,3.0,4932
8.786049179474345,6,14.0,5231
8.786182059209779,7,2.0,1800
8.786228262273006,7,2.0,3050
8.786239900861972,1,9.0,5641
8.786513843797184,8,1.0,5371
8.787057911803181,8,4.0,3298
8.787078303602186,6,36.0,2895
8.787114535975988,1,1.0,5642
8.787154481001213,6,5.0,5241
8.787282133326288,6,3.0,5136
8.787426231905338,1,14.0,5643
8.787462682017905,7,50.0,76
8.787477988188979,1,3.0,5644
8.787949472988176,6,6.0,4585
8.78818191321643,7,3.0,2734
8.78825888847908,6,6.0,3593
8.788328736578006,1,1.0,5645
8.788495128222303,7,6.0,2536
8.7887921008082,6,5.0,3163
8.789273018234503,6,3.0,5624
8.789857255212594,8,2.0,3683
8.78990630944439,1,2.0,5646
8.790030384846352,6,2.0,3768
8.790325047914216,7,23.0,1002
8.790509941343856,6,19.0,4057
8.791121543749247,7,13.0,1225
8.791348766805116,1,7.0,5647
8.791570762762959,1,5.0,5648
8.791645898747182,7,9.0,2645
8.791891734147379,6,44.0,5440
8.79264237850106,6,1.0,3752
8.793260444679527,7,3.0,1906
8.793447317984436,6,59.0,4535
8.79358083723473,6,10.0,3475
8.793653789300473,7,5.0,1940
8.794093722641787,8,2.0,1634
8.794143839022585,1,2.0,5649
8.79441734524643,2,17.0,5650
8.795123226554843,7,34.0,1439
8.795150228020978,7,17.0,2969
8.795439431683253,9,1.0,863
8.7956264595951,6,59.0,4554
8.795780722106251,7,10.0,2064
8.7960196067205,1,4.0,5651
8.79621430765855,1,2.0,5652
8.796699424381826,7,58.0,580
8.796928044602865,7,4.0,4386
8.797005259982893,7,1.0,3196
8.797105654706563,6,2.0,3481
8.797359689697101,2,3.0,5653
8.797531940964777,6,36.0,5509
8.797734841910055,6,9.0,4883
8.797982142010575,7,5.0,2592
8.798416440398643,1,1.0,5654
8.798632488315246,6,4.0,2637
8.79937541331924,6,1.0,3634
8.799573125585681,7,10.0,2271
8.800308628351655,6,17.0,5650
8.80122467501147,7,2.0,1395
8.801375391655608,7,5.0,3460
8.80142758432884,7,55.0,1814
8.801567909635066,6,16.0,5170
8.801725435224096,2,2.0,5655
8.80221061265396,1,12.0,5656
8.802303528987366,6,1.0,5217
8.802991888084247,6,2.0,5625
8.803380746294156,7,4.0,2916
8.803651347116224,7,4.0,4384
8.804489254202892,7,7.0,2731
8.804490300290103,1,3.0,5657
8.80452058328552,6,19.0,4997
8.804555335786754,6,2.0,3461
8.80484004925038,7,24.0,1617
8.805299536382636,7,49.0,2528
8.805612970723878,9,7.0,2212
8.805837530022522,1,9.0,5658
8.805849446252353,6,5.0,4611
8.806049295992219,7,6.0,3065
8.80675476428757,6,15.0,5324
8.806844361403142,6,5.0,5017
8.806898874537518,6,9.0,5658
8.807139747806309,8,2.0,1192
8.807460101392333,8,2.0,5134
8.80752188159911,7,8.0,1951
8.807710108002732,1,1.0,5659
8.807815126252144,8,2.0,3763
8.808224627480065,6,3.0,5211
8.80844418366276,8,4.0,2010
8.808854393356388,1,3.0,5660
8.808934704037949,7,26.0,3959
8.809227580481785,6,44.0,2809
8.809687360822702,8,2.0,1821
8.809881752248298,1,2.0,5661
8.811116503484556,6,40.0,4922
8.811539772876626,7,9.0,586
8.811690547148093,1,5.0,5662
8.812274456835608,1,1.0,5663
8.81251493463471,7,3.0,2298
8.813413972374912,6,4.0,5477
8.813473294810493,8,43.0,1399
8.813608828867713,6,3.0,3615
8.813636506424984,7,1.0,3554
8.814193916141415,7,9.0,1413
8.814193916141415,16,9.0,1413
8.814383885401005,6,3.0,5426
8.815229611922067,6,1.0,2136
8.815879131604627,1,11.0,5664
8.816188679900023,7,1.0,3182
8.816401926172471,6,4.0,1921
8.817372602989378,1,5.0,5665
8.819053428327498,8,1.0,2839
8.81910772293197,7,5.0,2924
8.819153619850148,6,10.0,5082
8.819240896491726,1,2.0,5666
8.819462026151378,6,15.0,2992
8.819846409731499,9,45.0,832
8.819967494311252,1,4.0,5667
8.820051656606351,6,5.0,5165
8.820136651911945,6,8.0,3495
8.820156829771873,1,3.0,5668
8.820175369013743,1,2.0,5669
8.820574725813563,1,4.0,5670
8.820822267266422,1,2.0,5671
8.82086920274432,1,1.0,5672
8.821010855803811,8,48.0,2713
8.82101898528002,1,1.0,5673
8.821111565254915,6,2.0,5606
8.821395336941318,9,7.0,1901
8.822444851072962,8,5.0,1133
8.822453081180035,6,1.0,5357
8.822704259635117,6,1.0,4582
8.822941781606225,6,6.0,5065
8.823130819896255,1,7.0,5674
8.823198116153995,1,3.0,5675
8.823227429278273,7,1.0,2537
8.823323345189674,7,2.0,1335
8.823486229356433,1,4.0,5676
8.82449131697161,7,2.0,1590
8.824867826256485,1,16.0,5677
8.824989333609112,7,42.0,1962
8.825490710734405,1,4.0,5678
8.825601209415197,7,50.0,2123
8.825878236439415,1,1.0,5679
8.82604774651243,6,3.0,646
8.826482068742818,6,5.0,5539
8.82679379730541,6,5.0,5632
8.826902344422876,7,2.0,3040
8.826922731164396,1,39.0,5680
8.828065316024299,6,11.0,4717
8.828215893208345,7,5.0,4619
8.828576196730824,9,2.0,1634
8.828780646808369,7,2.0,2342
8.829382309560113,1,2.0,5681
8.82940458525164,1,3.0,5682
8.830159751832973,6,16.0,4242
8.830646274200516,6,12.0,3492
8.830743971687875,6,48.0,2633
8.830825337059121,7,4.0,2956
8.83082959749275,16,34.0,1113
8.831118025556437,6,2.0,5220
8.83147754396852,1,1.0,5683
8.831520175108603,1,7.0,5684
8.831795719856299,1,35.0,5685
8.832111334496794,7,2.0,2390
8.832265185059457,1,2.0,5686
8.832447474328454,1,5.0,5687
8.832693503463622,1,5.0,5688
8.832791011428277,7,12.0,3212
8.833357870055721,7,21.0,2798
8.833931897012402,6,3.0,5315
8.834199155254625,1,5.0,5689
8.834275173113733,6,2.0,4014
8.834449418008262,6,9.0,5395
8.834887238616922,6,1.0,5599
8.835395614601417,6,2.0,4927
8.835910607167344,1,2.0,5690
8.83592544537639,1,2.0,5691
8.836173398259625,1,4.0,5692
8.836478193639238,6,1.0,4765
8.836610438434873,6,8.0,3901
8.836821133905508,6,3.0,3671
8.837539245478968,6,3.0,5519
8.838257078774207,1,2.0,5693
8.838593198109761,7,2.0,1932
8.8385989378518,7,49.0,2382
8.839175311241226,6,3.0,5163
8.83957162792852,6,9.0,4136
8.839650091711537,7,36.0,2019
8.839719534625955,7,6.0,2409
8.839719534625955,16,6.0,2409
8.840135650337329,1,7.0,5694
8.840303357212331,7,4.0,1635
8.840349914436464,1,4.0,5695
8.840414980763246,7,27.0,4432
8.840419550919727,6,3.0,4274
8.842002813966895,6,16.0,4934
8.842564400906372,6,47.0,4880
8.842576000622065,1,1.0,5696
8.84263225803066,1,4.0,5697
8.843103006870281,7,1.0,1995
8.843213518010486,6,13.0,2927
8.843910761860274,6,2.0,3571
8.84411070766168,1,2.0,5698
8.844135375304955,9,12.0,4153
8.844800781799751,6,10.0,4596
8.844808442470093,7,3.0,1837
8.845184028754396,1,4.0,5699
8.8456130169549,1,1.0,5700
8.845710644844463,9,4.0,898
8.845888853038282,7,2.0,2655
8.846250305657971,7,1.0,2327
8.846264807210996,1,3.0,5701
8.846335839497725,6,1.0,4706
8.846884930414468,6,5.0,5094
8.847748062422431,6,1.0,5144
8.848503279184499,9,5.0,2640
8.848567218919667,7,25.0,1182
8.849365764056618,6,4.0,5003
8.849435586058828,8,3.0,2354
8.849474532117334,6,50.0,4956
8.849683497957436,8,5.0,4192
8.85043936009277,7,29.0,1529
8.850604946425614,9,40.0,1796
8.850920322897892,6,27.0,5127
8.85104193111617,6,1.0,4948
8.851083989449412,6,23.0,4409
8.851658988889614,7,16.0,2444
8.85183074962834,1,2.0,5702
8.852254261836514,7,6.0,3530
8.852258762020151,7,1.0,1839
8.852295861246626,6,1.0,4396
8.852503451748854,1,2.0,5703
8.85277469869909,1,4.0,5704
8.852920281426552,9,3.0,2892
8.852923338355197,1,2.0,5705
8.853079702686639,7,4.0,890
8.853152188417182,7,5.0,1078
8.853306082748718,1,2.0,5706
8.853320575886752,1,6.0,5707
8.85384458603788,6,7.0,5307
8.853967087239454,7,1.0,1935
8.854113582970859,6,5.0,3981
8.854565220163405,6,11.0,4703
8.85458303311949,1,5.0,5708
8.855024429254943,7,60.0,1522
8.855096635963017,7,42.0,4336
8.855246116049948,2,29.0,5709
8.855331193421364,7,5.0,2671
8.855503946477647,2,11.0,5710
8.855847401822704,1,2.0,5711
8.855981800234227,1,3.0,5712
8.856029121291748,6,5.0,1093
8.85652201350573,1,15.0,5713
8.856745295657635,1,2.0,5714
8.857570938831088,7,6.0,2339
8.858052979312099,6,9.0,5494
8.858114783370556,8,10.0,4102
8.858214888212197,1,25.0,5715
8.858360819239948,7,2.0,2932
8.858490151521202,7,8.0,2796
8.858580943480183,7,17.0,2947
8.8588825539346,1,8.0,5716
8.858888713917672,1,19.0,5717
8.85891437730378,1,4.0,5718
8.8596350453152,6,2.0,4970
8.859652499091492,9,16.0,3445
8.860115316250962,9,57.0,3287
8.860115316250962,16,57.0,3287
8.860364306528304,6,4.0,5493
8.860955560329034,7,7.0,485
8.861015298212605,6,7.0,5612
8.861485040008082,7,8.0,1828
8.86170073880481,6,13.0,3393
8.861787859615832,2,5.0,5719
8.861819607745119,1,1.0,5720
8.861869277497982,9,35.0,2901
8.862394783373286,1,1.0,5721
8.862586266264032,6,5.0,4540
8.862617292256811,1,4.0,5722
8.862672021731099,6,8.0,3643
8.862678512661383,1,1.0,5723
8.86301425212478,1,1.0,5724
8.863430704160855,1,8.0,5725
8.863584279220774,7,5.0,386
8.863684101342427,8,11.0,3474
8.86458782326306,1,1.0,5726
8.864813478819729,7,8.0,4459
8.865086582349727,1,13.0,5727
8.865202556809171,1,2.0,5728
8.865422834120254,7,28.0,1279
8.865495937021151,1,3.0,5729
8.86596194272175,7,37.0,1987
8.866402110583172,6,41.0,3103
8.867031281708218,7,2.0,289
8.867173546314142,1,7.0,5730
8.867242045766186,7,1.0,3025
8.867452204979676,6,12.0,869
8.867548209545454,7,2.0,3073
8.867757465842537,1,2.0,5731
8.868179404645536,7,33.0,2875
8.868253177875411,6,6.0,3626
8.86834840464128,6,1.0,5441
8.868359743934567,7,1.0,3366
8.868928974839879,1,2.0,5732
8.869306035908581,9,28.0,1983
8.870268742221121,7,11.0,270
8.870659686950408,6,5.0,5602
8.871456194977373,7,3.0,2571
8.872170457320957,1,19.0,5733
8.872279934095525,6,1.0,5659
8.872452199489253,6,2.0,5631
8.872453504609922,1,3.0,5734
8.872462010067602,9,3.0,3987
8.873085087587286,1,18.0,5735
8.873112896086198,8,11.0,2659
8.873313897683728,6,1.0,4996
8.873669958389007,7,1.0,1585
8.873790368570125,6,1.0,475
8.873791241406108,7,56.0,4391
8.873866217110697,6,3.0,5339
8.874354828081549,7,2.0,1682
8.87451401935971,8,2.0,4620
8.8748041352405,6,3.0,4482
8.87482073541707,1,6.0,5736
8.87490469957191,1,3.0,5737
8.875015414810019,6,1.0,5020
8.875173015892615,7,2.0,2059
8.87529252307738,7,1.0,2773
8.8755222591239,6,5.0,5281
8.87575625621381,8,3.0,3527
8.876003942292906,1,3.0,5738
8.876098711741454,1,1.0,5739
8.876167889116395,1,6.0,5740
8.876692481926202,1,2.0,5741
8.877232462506106,8,48.0,2245
8.877447920861933,1,4.0,5742
8.877656235855966,7,3.0,969
8.877720902664976,1,1.0,5743
8.877737124012976,6,1.0,4190
8.878264896806797,1,21.0,5744
8.878633697671741,1,11.0,5745
8.878834259183275,8,6.0,3157
8.878858157676364,6,9.0,5604
8.879148496675079,7,3.0,2782
8.879328640451979,6,1.0,5331
8.880013995208682,9,4.0,3397
8.88038968247245,9,2.0,765
8.881337415944321,1,5.0,5746
8.881954372938543,6,13.0,5323
8.882435485819595,6,46.0,2686
8.882759438006234,8,1.0,2524
8.882771560422608,1,1.0,5747
8.88304304569619,1,2.0,5748
8.883049997891941,1,1.0,5749
8.883194895906708,7,1.0,3770
8.88339424365768,2,3.0,5750
8.883414082646402,6,3.0,5668
8.883583969890871,7,57.0,304
8.883811836668237,7,24.0,581
8.883861034102793,6,3.0,5425
8.884182664926529,6,5.0,5096
8.88468607325564,1,27.0,5751
8.884907657956708,7,1.0,1991
8.885310347170423,6,5.0,5569
8.88551414903695,6,7.0,3436
8.885757361106455,7,1.0,3116
8.885811174368826,6,1.0,3114
8.885857010685811,7,1.0,2516
8.88649600844409,7,26.0,2413
8.886661457713972,1,42.0,5752
8.886724632353497,6,8.0,4065
8.887541386357153,7,1.0,2816
8.887987264291215,6,7.0,5486
8.888227430693664,6,5.0,2588
8.888551811858138,1,2.0,5753
8.888808498346553,6,11.0,4864
8.888841173336086,1,7.0,5754
8.889020286682536,7,1.0,2891
8.889027348311698,1,7.0,5755
8.889233048734352,6,4.0,4472
8.88945113241577,6,2.0,4539
8.889675507048056,1,2.0,5756
8.889692225790515,6,4.0,4444
8.889849188349396,1,3.0,5757
8.890128681697446,1,5.0,5758
8.890272357089776,6,5.0,5623
8.890332447500924,6,7.0,5112
8.890413323404267,9,1.0,1960
8.890836123041908,16,9.0,14
8.891068606698274,6,3.0,3993
8.891119251845174,6,6.0,4305
8.891582132034223,7,54.0,249
8.891938323003783,6,6.0,2012
8.891959830737902,6,5.0,5283
8.89223184997692,9,2.0,3983
8.892903399678621,7,4.0,1428
8.893220663537104,1,1.0,5759
8.893364965060352,1,5.0,5760
8.893435562849511,6,1.0,4320
8.893510584720065,6,39.0,1345
8.893735035721486,1,22.0,5761
8.894095196422196,6,1.0,3166
8.894155862074687,7,1.0,1384
8.89432990690541,1,3.0,5762
8.894741708302245,1,2.0,5763
8.89478494785624,1,2.0,5764
8.895691488165053,7,6.0,3487
8.896032834751322,7,5.0,4181
8.896469099743829,1,3.0,5765
8.89657725031083,9,6.0,2195
8.896717829016673,1,9.0,5766
8.8968645413204,7,2.0,3413
8.897105994950017,6,8.0,5418
8.897426339094384,6,15.0,3974
8.897580100557233,7,54.0,2347
8.897735245311516,6,13.0,4840
8.897799574680441,6,44.0,5200
8.897914463628377,8,1.0,4560
8.898117852534538,9,7.0,2068
8.898268636650503,6,3.0,5084
8.898269224300861,7,5.0,2228
8.898527714450521,1,2.0,5767
8.898775496137267,7,12.0,1129
8.898783366392253,7,3.0,2411
8.899656900246578,1,2.0,5768
8.899839022014381,1,10.0,5769
8.899934520552376,7,5.0,3595
8.900525115297294,8,36.0,2884
8.900797442169566,2,1.0,5770
8.900840770402846,1,4.0,5771
8.9013630852495,9,2.0,941
8.901482501363503,8,8.0,3643
8.901491524984355,6,9.0,4132
8.901660221117458,1,1.0,5772
8.901999587989717,1,4.0,5773
8.902676620521877,1,30.0,5774
8.902877655975802,1,22.0,5775
8.903336764419446,6,6.0,2810
8.903363747763656,9,9.0,3162
8.903791527926174,1,2.0,5776
8.90411963721779,6,2.0,4350
8.904147082532424,1,1.0,5777
8.90426649672127,7,4.0,4291
8.904267543954596,7,58.0,3112
8.904270848504376,7,18.0,2486
8.904550065605026,9,1.0,2281
8.905230463332725,6,5.0,5687
8.905632269367128,7,6.0,3009
8.905765685210378,1,3.0,5778
8.905974151160345,1,22.0,5779
8.906250221577508,6,6.0,5373
8.906324254819683,6,4.0,4025
8.906441207897595,6,14.0,3775
8.906498456386942,6,1.0,5619
8.906543147922536,7,18.0,3543
8.906766380323115,6,53.0,3655
8.907081326586406,1,7.0,5780
8.90716491975902,7,1.0,3268
8.907219055972666,9,8.0,1555
8.90738059664504,9,3.0,3232
8.90752475367603,7,1.0,626
8.908294430201478,1,47.0,5781
8.908622871008225,1,2.0,5782
8.909109533019965,1,36.0,5783
8.909631297866024,1,3.0,5784
8.909874998324431,6,5.0,4791
8.910132621416874,1,5.0,5785
8.9102163994192,6,1.0,3918
8.910826370829982,1,2.0,5786
8.911114776142277,7,46.0,700
8.911140057113654,6,28.0,5419
8.911382746752,1,6.0,5787
8.911451839412784,9,9.0,1562
8.911489327943505,6,8.0,4422
8.911948485472275,6,10.0,5026
8.91294249439215,1,7.0,5788
8.913084970376248,6,2.0,4761
8.913179492621381,1,11.0,5789
8.913671996113507,6,2.0,5763
8.913936420825605,7,1.0,809
8.914075390117027,6,14.0,2045
8.914231499365988,1,7.0,5790
8.914461541055083,6,5.0,3442
8.914750114873332,6,4.0,5670
8.915246071160515,7,2.0,2472
8.915521120232565,7,1.0,3715
8.91553424381306,6,7.0,4069
8.915665969503788,1,1.0,5791
8.915723717421328,7,38.0,2082
8.91620117725956,1,10.0,5792
8.916283512551768,6,2.0,4865
8.916540184265564,6,1.0,1227
8.916659868299174,7,7.0,3239
8.916879797981196,7,49.0,3464
8.917189760737369,1,7.0,5793
8.917700104780842,6,3.0,5657
8.918249061448895,6,3.0,3337
8.918408490364374,6,45.0,3318
8.918782333157582,1,5.0,5794
8.918847752141465,3,5.0,5795
8.918901884100194,6,33.0,3969
8.920257633966987,7,2.0,2638
8.92053458834923,6,3.0,5762
8.921123104656557,1,7.0,5796
8.921195602391506,1,2.0,5797
8.921253076531857,6,1.0,5743
8.921838804946304,6,7.0,4183
8.92227695857985,6,3.0,5345
8.922394657276993,7,3.0,1376
8.922489428676679,1,1.0,5798
8.922812167638044,6,11.0,5789
8.923499875522129,6,8.0,5363
8.923500474392403,7,47.0,2397
8.923690346049199,8,9.0,2559
8.924972860043626,6,4.0,5356
8.925913195770017,6,1.0,2865
8.92594133204367,6,1.0,3638
8.926860533586815,6,3.0,3022
8.926878461370212,8,44.0,2701
8.927304254649483,6,3.0,4650
8.927649782618943,6,1.0,3688
8.92768790690164,1,3.0,5799
8.92787077691704,6,4.0,5538
8.927926532612133,6,19.0,4985
8.928036477220283,6,2.0,5473
8.928221715319104,6,1.0,2443
8.928311197927878,6,4.0,4115
8.928806367842139,7,16.0,2065
8.929069914960152,8,9.0,1616
8.929191130439243,8,3.0,1575
8.929276236660293,7,54.0,1057
8.929383711782195,1,2.0,5800
8.93124824355753,1,5.0,5801
8.931631763709946,6,6.0,5333
8.931771292453103,6,6.0,4931
8.931805186282494,6,14.0,5643
8.931931792069744,7,2.0,3210
8.932245555760618,6,1.0,5605
8.932384233362244,8,2.0,2502
8.932637351213922,6,5.0,4613
8.932773439930457,1,2.0,5802
8.933336750699628,1,3.0,5803
8.933436618254,7,9.0,2216
8.933489246606284,6,9.0,4381
8.933960151362983,7,7.0,607
8.934757146090716,6,6.0,5120
8.93479682932477,1,2.0,5804
8.934908036459866,7,6.0,3061
8.935023692464004,6,40.0,1673
8.935025071268928,6,34.0,4270
8.93528868567066,7,14.0,3811
8.935604486065705,7,1.0,2499
8.93565283099322,7,2.0,3088
8.936376512381528,7,33.0,3736
8.9372413378406,6,2.0,4871
8.937298615303355,6,2.0,4488
8.937781357257265,1,6.0,5805
8.938236260108589,6,2.0,3349
8.938275187558306,1,3.0,5806
8.939316965536673,1,7.0,5807
8.940260231635062,8,44.0,5200
8.940475250785,6,46.0,3121
8.94072850890404,6,4.0,5678
8.94118620531618,6,5.0,5057
8.941208187444818,7,2.0,3746
8.941701168254383,6,50.0,2628
8.942801778980028,9,2.0,4022
8.943634056775899,6,52.0,3308
8.943831088392002,6,8.0,5183
8.943923353754888,7,3.0,2888
8.944028500443647,9,15.0,747
8.944139042189484,6,2.0,5515
8.944239246141256,1,6.0,5808
8.944281173078904,1,4.0,5809
8.945287508132894,6,3.0,5737
8.945771198432238,9,7.0,1284
8.94594233764133,6,24.0,5499
8.94636754036132,6,10.0,3902
8.946899798851577,1,4.0,5810
8.94734782270286,7,8.0,1373
8.94752440199445,6,4.0,3262
8.94766004639887,7,3.0,4220
8.948468824723347,6,46.0,4885
8.949139171471293,6,3.0,5406
8.949412453067422,6,5.0,5033
8.949438850936138,7,5.0,2723
8.949454932857792,6,1.0,5291
8.94982893947294,9,7.0,533
8.949864806670934,7,23.0,2830
8.949981868125636,7,37.0,750
8.950368880774747,9,44.0,2701
8.95059343870433,6,1.0,5504
8.951309067519308,9,2.0,2060
8.95135953509605,6,7.0,5093
8.951763931995488,1,4.0,5811
8.952126071220468,7,5.0,3243
8.952379789097908,1,5.0,5812
8.952731831173644,7,45.0,1111
8.953086573519922,1,8.0,5813
8.953129412737955,9,1.0,2151
8.953515369211729,6,54.0,5552
8.953620853237439,8,13.0,3802
8.953765779536031,6,19.0,2102
8.953905188374746,6,7.0,5258
8.95401245356104,9,45.0,679
8.954020745123108,1,3.0,5814
8.954550677315414,6,5.0,2970
8.954923836052666,6,1.0,2910
8.954951520657254,7,2.0,2649
8.955074778475659,6,4.0,4138
8.955534645889387,7,2.0,4368
8.955569404855513,1,6.0,5815
8.95628498880118,6,5.0,4813
8.956333366813562,6,11.0,5629
8.95667591955963,7,57.0,2217
8.95667591955963,16,57.0,2217
8.956869716501025,7,52.0,1267
8.957147924116322,6,3.0,4930
8.957542780255038,1,37.0,5816
8.957679180988437,9,6.0,2246
8.957899964140791,6,4.0,4793
8.957957798028282,1,8.0,5817
8.958059514024026,6,6.0,5559
8.958066256819713,6,2.0,5711
8.958199041171369,8,9.0,2698
8.958239650305329,1,4.0,5818
8.958317364821768,6,14.0,5237
8.958447729582325,3,56.0,5819
8.958479740711638,1,1.0,5820
8.958671881919097,7,10.0,1789
8.95933568551586,7,39.0,3384
8.959415714941494,7,2.0,4674
8.959805695792822,9,52.0,2763
8.959992377965948,1,2.0,5821
8.960203885333936,9,21.0,3429
8.960396067470635,6,1.0,5770
8.96045068917756,6,2.0,5243
8.961012803955017,7,11.0,2744
8.961629955052473,7,7.0,4343
8.962012227960377,6,2.0,5446
8.962152972386475,7,47.0,2226
8.962312648060092,6,54.0,5546
8.962926666168102,1,1.0,5822
8.963115778719306,7,1.0,2164
8.96343164890993,6,21.0,1806
8.963464266600878,6,6.0,5815
8.963658263670169,1,1.0,5823
8.964095864036349,7,30.0,2876
8.964122778506763,1,3.0,5824
8.964157812170395,6,1.0,5529
8.964207413349774,1,2.0,5825
8.964662179899065,7,36.0,1851
8.964674849276648,7,5.0,3307
8.964853861664043,7,4.0,2100
8.965163150742763,6,3.0,2949
8.965289544206007,6,54.0,4581
8.965591168432217,6,7.0,5269
8.96593319470128,6,6.0,5513
8.966244418357627,6,1.0,5485
8.966505837703396,7,30.0,3113
8.966600249999885,7,10.0,2673
8.966726216290883,7,7.0,3150
8.966766884819975,6,6.0,4545
8.966940819502435,7,7.0,3698
8.966967037429704,6,6.0,4911
8.96726165575598,9,51.0,3631
8.96728790186298,1,1.0,5826
8.967707374841464,1,1.0,5827
8.967765319376063,6,11.0,4760
8.968229503964439,6,7.0,5780
8.968472146860904,1,3.0,5828
8.968607629935264,1,5.0,5829
8.968846036684543,1,22.0,5830
8.969234115162934,6,8.0,5190
8.969295082906214,6,5.0,5829
8.969342280289787,1,4.0,5831
8.969439362220148,8,3.0,4829
8.969978485018622,1,6.0,5832
8.970483450920241,6,2.0,4208
8.971139523887587,6,2.0,2981
8.971284513652408,6,2.0,5449
8.971602571906889,6,3.0,4563
8.971702923941878,7,4.0,2319
8.971879827723512,6,5.0,4302
8.971994075054706,6,8.0,5563
8.97201833834188,7,1.0,2778
8.972285517845798,1,4.0,5833
8.972410032594501,6,5.0,5688
8.972719648389246,7,1.0,4094
8.972719648389246,16,1.0,4094
8.972731280101298,8,4.0,5560
8.973444039140151,9,5.0,2994
8.973638851698016,6,8.0,5468
8.974114327238434,1,11.0,5834
8.974842740726254,6,2.0,5714
8.975271666821811,7,16.0,3016
8.975273147820166,7,16.0,4172
8.975739331806627,7,2.0,459
8.976006297630718,7,30.0,2590
8.976033761477543,7,22.0,2140
8.976222995764331,1,1.0,5835
8.976677650767726,6,4.0,5038
8.97691633586426,6,6.0,5591
8.977215355320808,8,1.0,3806
8.977234369463513,8,2.0,4588
8.977827590012478,1,2.0,5836
8.978953186599863,1,20.0,5837
8.979410571125468,6,1.0,5574
8.979608367833817,7,52.0,1690
8.97972345548484,1,3.0,5838
8.979803247202387,6,2.0,5655
8.980002450080644,6,40.0,4223
8.98031155367443,1,3.0,5839
8.980389071156276,1,4.0,5840
8.980529970494072,6,4.0,4300
8.980806209843092,6,4.0,5260
8.980960621556315,6,2.0,5703
8.981016215356455,6,4.0,3100
8.981158819923957,7,41.0,2672
8.98134442696973,1,6.0,5841
8.981571465703922,6,2.0,5182
8.98159917524726,8,1.0,5188
8.982086988827245,6,1.0,4687
8.982105288851566,6,4.0,2617
8.98235957471427,6,7.0,5562
8.982531974688712,6,1.0,3970
8.983087945181575,7,5.0,3319
8.983247873458698,7,6.0,2547
8.983417152168919,8,60.0,3420
8.983758687578467,1,1.0,5842
8.984115211779391,7,9.0,2670
8.984394500703605,6,3.0,4701
8.984669986873678,6,19.0,3873
8.984897220121878,1,1.0,5843
8.984959335075503,1,3.0,5844
8.985042328606959,6,4.0,3567
8.985138527866988,3,37.0,5845
8.985230785113432,7,20.0,3933
8.985317283074828,1,10.0,5846
8.985517541408624,6,51.0,3872
8.985643919277997,6,24.0,3362
8.985754597882286,9,2.0,3763
8.986472898101866,1,2.0,5847
8.986760342255245,7,7.0,2273
8.987013346012844,7,1.0,3546
8.987576587673832,6,7.0,5480
8.988390824783647,1,2.0,5848
8.988706780096306,6,5.0,4792
8.988742019195687,8,26.0,4024
8.988983444097551,7,14.0,3343
8.98900987523112,7,3.0,857
8.989256747800034,7,2.0,2988
8.989701718371473,1,6.0,5849
8.989703649311851,6,6.0,3586
8.98973026637655,1,3.0,5850
8.989733005474566,1,16.0,5851
8.990287867734395,7,2.0,3357
8.990605915099508,7,4.0,2957
8.990680954416964,1,2.0,5852
8.9907811899556,1,12.0,5853
8.991187925373536,6,3.0,5824
8.991234573103066,1,2.0,5854
8.991646143364495,7,16.0,228
8.991814990889957,7,43.0,2024
8.991959697776617,9,7.0,2187
8.99199436938053,6,13.0,3094
8.992004257532175,6,2.0,4062
8.992176710742983,1,2.0,5855
8.992350002465496,7,58.0,234
8.992555481073225,1,9.0,5856
8.993035107522582,1,5.0,5857
8.994853749542765,2,57.0,5858
8.994883427803162,1,1.0,5859
8.995007631253474,7,4.0,3559
8.995054733113443,6,1.0,5835
8.995735027509001,1,2.0,5860
8.99630629491065,6,7.0,4578
8.99632688794847,7,6.0,4920
8.99689749360424,2,2.0,5861
8.997296386523667,1,11.0,5862
8.997595158963977,6,1.0,5565
8.998604127589466,1,5.0,5863
8.998772396204666,6,3.0,5282
8.999297872762336,6,2.0,3322
8.99946124723167,1,1.0,5864
8.999706150494182,6,2.0,5728
9.000004748007491,1,1.0,5865
9.000171936371654,7,14.0,4009
9.000310692669338,7,5.0,2184
9.000592422746331,6,1.0,4846
9.00099006308491,9,9.0,1346
9.001009788428496,1,1.0,5866
9.001100966891691,9,14.0,4645
9.001140607882869,18,,0
9.001143975076186,101,4.0,5867
9.001300349118516,7,22.0,2037
9.001312288747195,6,1.0,2074
9.001313637173231,1,4.0,5868
9.001388055456866,7,2.0,4154
9.001731980387238,1,1.0,5869
9.001839631876061,6,4.0,1994
9.001924833055392,1,10.0,5870
9.002038735355864,1,3.0,5871
9.002119712028186,7,8.0,3391
9.002148888002026,7,3.0,3002
9.002682277468741,6,12.0,5227
9.002693030982078,1,3.0,5872
9.003006352244293,6,2.0,5354
9.003175751756984,1,3.0,5873
9.003408353772219,6,5.0,5070
9.003716231715678,6,1.0,5507
9.003955193839001,6,7.0,5206
9.004006804841325,18,,0
9.00413662100071,101,8.0,5874
9.004384603426212,6,7.0,4662
9.004406711136713,6,37.0,5564
9.005122730661123,9,5.0,2375
9.005167378528991,1,2.0,5875
9.005490145508885,2,20.0,5876
9.005671287354424,18,,0
9.005950939111868,101,9.0,5877
9.006070374007724,6,10.0,5090
9.006143543537794,1,3.0,5878
9.006237237187285,6,37.0,4480
9.006254588962959,6,1.0,5726
9.006359197310527,6,2.0,5571
9.006366853165549,7,5.0,3011
9.006573127264966,6,2.0,5767
9.006914734847514,6,6.0,5407
9.006958427630435,6,9.0,5495
9.007222780621584,18,,0
9.007226990833146,101,2.0,5879
9.007297452187828,6,2.0,5514
9.007545681270106,7,2.0,1815
9.007686077286127,6,6.0,2280
9.007762384498973,1,2.0,5880
9.00780524899169,6,1.0,5827
9.007993233135256,2,39.0,5881
9.008234968216339,6,17.0,3809
9.008466428077256,6,1.0,3563
9.008808801285177,6,48.0,663
9.008854280837415,1,5.0,5882
9.009102163781385,6,6.0,2726
9.00933104662965,1,3.0,5883
9.0093481661355,9,57.0,1781
9.009355102198892,7,43.0,472
9.009681294083487,7,18.0,2756
9.010107566639931,6,2.0,5584
9.010351296315356,7,8.0,4140
9.010625062084895,6,2.0,5776
9.01062646706234,1,7.0,5884
9.01088731957124,7,10.0,1938
9.011006423394337,1,20.0,5885
9.011161315048172,7,19.0,1614
9.011281198581393,7,7.0,2122
9.011775672887108,1,8.0,5886
9.011816228390119,1,4.0,5887
9.012006565134671,6,26.0,5618
9.01201404749733,6,6.0,5740
9.012251801677396,6,6.0,4784
9.012276291947291,1,3.0,5888
9.012596523905321,8,6.0,5373
9.012629078517126,18,,0
9.012718850637278,101,3.0,5889
9.01287380930994,7,7.0,3617
9.012932425704548,7,46.0,1558
9.013131106693937,6,3.0,4963
9.013472470594309,1,2.0,5890
9.013656555524983,1,2.0,5891
9.014217607947701,7,38.0,2072
9.014850780153793,1,2.0,5892
9.015006762592204,6,3.0,4750
9.015433119989474,6,3.0,5734
9.01569146498444,6,31.0,5510
9.015801675308238,6,6.0,5471
9.016104254813689,1,2.0,5893
9.016481888019372,8,2.0,3989
9.017097240864262,6,2.0,5705
9.017304383335587,1,6.0,5894
9.017504871656987,6,2.0,5479
9.017560776452292,18,,0
9.017572131577738,101,2.0,5895
9.018005186908638,7,60.0,2660
9.01804403234505,6,1.0,4906
9.019076946230676,8,6.0,3593
9.019303432963985,7,5.0,4198
9.019567072649291,6,58.0,2261
9.01964585315861,9,3.0,4063
9.019721375391223,8,1.0,2986
9.019823118197285,1,24.0,5896
9.01983204511217,7,10.0,2456
9.020151637015806,6,2.0,3747
9.020411934385544,1,3.0,5897
9.020456280012244,6,5.0,3376
9.020777721967239,9,52.0,1624
9.021153777165793,1,5.0,5898
9.02120123242873,7,1.0,3410
9.021557825481702,18,,0
9.021593674477016,101,3.0,5899
9.022053708197523,6,11.0,5862
9.022251198416484,1,4.0,5900
9.022380876770544,9,7.0,3876
9.0234822224453,6,6.0,5199
9.023744211651538,1,4.0,5901
9.023814829301962,6,3.0,5179
9.023953257431044,7,48.0,1795
9.024130005311807,1,1.0,5902
9.024271081217826,7,54.0,2625
9.024277474437621,6,40.0,4820
9.024343499020125,6,4.0,4575
9.024674314316321,7,43.0,2373
9.024972081837017,18,,0
9.025044317456713,101,1.0,5903
9.025495044968146,7,9.0,2903
9.025529765213784,6,15.0,3399
9.026119072439945,10,19.0,4072
9.02617512009133,1,3.0,5904
9.026182983587026,7,4.0,3762
9.026818256453785,1,7.0,5905
9.02695813805317,1,2.0,5906
9.027349967730528,6,4.0,2248
9.028041113331936,6,7.0,4668
9.028568313834834,7,36.0,1759
9.028595395055845,8,29.0,1013
9.028620220142194,8,2.0,5115
9.028680992691335,1,22.0,5907
9.028993828380871,8,3.0,5345
9.029378274233007,6,7.0,4803
9.029558383814512,18,,0
9.029595165539316,101,10.0,5908
9.02993834853309,6,37.0,5816
9.030625455678326,6,1.0,5723
9.03073992116425,7,6.0,4882
9.030960050169895,1,1.0,5909
9.030982745696287,7,40.0,272
9.031018425124085,1,6.0,5910
9.031261492392343,8,1.0,3638
9.03132970811977,6,8.0,3556
9.031365386194498,18,,0
9.031608502460344,101,5.0,5911
9.031698461835946,1,11.0,5912
9.032100227797159,7,3.0,3348
9.032122695858522,6,7.0,2301
9.032279988416851,6,4.0,4097
9.032291756806046,6,2.0,5350
9.032680597174497,7,9.0,2303
9.032762725210592,9,2.0,2774
9.033313556899305,6,2.0,4826
9.033335731174992,9,5.0,3226
9.033614744818994,7,35.0,1369
9.033755102262372,9,3.0,1575
9.034149696654197,7,3.0,3597
9.034195559760583,1,13.0,5913
9.034265205913199,1,13.0,5914
9.034445465925543,6,9.0,2127
9.034924508003712,1,2.0,5915
9.035160149481305,1,2.0,5916
9.035221993377638,7,1.0,1639
9.03568063653427,6,4.0,5101
9.035804805372319,1,3.0,5917
9.037061372289907,1,3.0,5918
9.03732119722007,7,3.0,3052
9.03732119722007,16,3.0,3052
9.03763887587431,1,6.0,5919
9.038124443537479,6,1.0,5553
9.038150159379315,18,,0
9.038585713977703,101,29.0,5920
9.038980106507923,1,7.0,5921
9.039231462969704,6,2.0,5614
9.03946278671252,6,3.0,5638
9.039669970080674,9,4.0,2010
9.03981207751444,1,11.0,5922
9.039817408512674,7,15.0,3877
9.039841749500715,18,,0
9.039931163975655,102,29.0,5923
9.04042548844688,6,8.0,4698
9.04064199635912,1,8.0,5924
9.040974985731662,2,37.0,5925
9.04122949311545,7,7.0,2549
9.041342824807916,7,2.0,1927
9.041406150839087,6,2.0,2054
9.041759039885386,1,6.0,5926
9.042008468449207,18,,0
9.042053886015209,101,6.0,5927
9.042303951791203,7,2.0,2335
9.043010727378917,8,3.0,2143
9.043370537116962,1,2.0,5928
9.043388710269422,1,1.0,5929
9.043801543289081,6,1.0,4844
9.044527125967136,1,2.0,5930
9.045084023183382,1,6.0,5931
9.045367218064506,7,6.0,1325
9.045563435886255,16,6.0,764
9.045719823178478,6,2.0,4647
9.045799653678165,6,4.0,5228
9.046292223070893,6,4.0,4903
9.04638474393085,1,2.0,5932
9.04712171085194,7,2.0,2062
9.047212147427308,6,1.0,5411
9.04738711057514,7,42.0,3611
9.047520522510522,7,3.0,3963
9.048337374186731,6,35.0,5287
9.0494766661293,18,,0
9.049500707368598,101,3.0,5933
9.049526343314778,1,19.0,5934
9.05007445849408,1,3.0,5935
9.05011113637643,6,2.0,3600
9.050201581851478,1,7.0,5936
9.050586653702103,7,1.0,3793
9.050996940277445,9,5.0,3152
9.05108318798651,1,2.0,5937
9.051140745747599,1,2.0,5938
9.051217429615532,6,1.0,5747
9.05157012696447,1,3.0,5939
9.052291729920086,1,4.0,5940
9.052766484036571,1,3.0,5941
9.053183574895721,6,3.0,4484
9.05337722954021,6,1.0,5634
9.053790217026751,1,3.0,5942
9.053922129603317,1,11.0,5943
9.054365650538914,6,6.0,5808
9.054460269146945,1,5.0,5944
9.05488622048097,1,2.0,5945
9.055056709109868,6,2.0,5554
9.055059827962051,9,6.0,4103
9.05522950730253,1,6.0,5946
9.05535351368814,1,6.0,5947
9.055440023896695,6,1.0,5822
9.056120959883472,6,4.0,4550
9.056211982901319,1,3.0,5948
9.056316523759003,1,16.0,5949
9.05678293189636,8,23.0,3151
9.05696013854597,6,7.0,5303
9.057236693121071,8,18.0,3181
9.05753729671851,8,16.0,2728
9.057746228055342,7,37.0,4119
9.058846639104404,6,28.0,3265
9.05890695817889,7,56.0,3712
9.059651943104965,6,5.0,4722
9.05971472422224,7,16.0,1309
9.059973647227224,7,17.0,670
9.06013101981813,7,2.0,3733
9.06013101981813,16,2.0,3733
9.0601779441285,1,3.0,5950
9.060192908809077,6,5.0,4176
9.060334113488182,6,4.0,5116
9.060657673104826,6,3.0,5518
9.061075488870244,7,8.0,2783
9.061284450546005,1,6.0,5951
9.061352430202007,6,2.0,4673
9.061971201233494,1,39.0,5952
9.062039820757601,7,2.0,3654
9.06222527790777,6,1.0,4403
9.062826487983887,7,4.0,1937
9.06287738956385,1,1.0,5953
9.063084716209708,7,6.0,2714
9.06324408729716,6,46.0,4272
9.063516486708242,1,35.0,5954
9.064312012799745,6,3.0,4679
9.064411871872233,6,36.0,3674
9.064678427286239,7,4.0,2627
9.064704116152596,6,4.0,4892
9.06472946663499,1,2.0,5955
9.064762549961038,6,1.0,5823
9.064946443479664,6,3.0,5238
9.065368406620943,2,4.0,5956
9.065498942579156,6,1.0,4891
9.065669213315351,1,1.0,5957
9.065849012707167,1,7.0,5958
9.066215943282723,1,5.0,5959
9.066756875975749,1,6.0,5960
9.067144348241015,6,1.0,5613
9.067286712239282,8,1.0,3192
9.068042128091527,6,3.0,4835
9.068147132922373,6,10.0,4434
9.068753278541726,1,10.0,5961
9.068931677400272,6,6.0,5561
9.069038840865037,7,1.0,4100
9.069222007607703,1,6.0,5962
9.069327502278892,7,7.0,2049
9.069481779453957,7,1.0,3302
9.069487122865016,7,6.0,2392
9.070129471436195,7,9.0,1437
9.070214507193722,6,4.0,3075
9.070289741923771,6,1.0,4702
9.070689936960244,1,2.0,5963
9.070835958524597,7,20.0,3108
9.07122043778294,7,1.0,2051
9.071325033436644,1,33.0,5964
9.071718969650632,7,3.0,3982
9.072065536065471,6,59.0,2191
9.072256281893054,1,3.0,5965
9.072393864919363,6,2.0,4629
9.07241874428981,9,9.0,1616
9.07252642093872,7,2.0,2481
9.072767017901683,6,7.0,5647
9.072961223478325,6,2.0,4276
9.073250600688793,1,2.0,5966
9.073796741618116,7,5.0,2269
9.073872531945954,7,2.0,2378
9.073999860201825,6,2.0,5187
9.074380426734757,7,7.0,538
9.074678265889892,1,2.0,5967
9.075162735645064,7,27.0,1885
9.075206127066945,6,7.0,4534
9.075216923212464,1,4.0,5968
9.075286914935392,6,1.0,3666
9.075667153359703,7,8.0,2029
9.075762961786983,7,3.0,433
9.075766886617737,7,4.0,2887
9.075802236525481,6,1.0,4955
9.076012320105464,1,3.0,5969
9.076196244028436,6,17.0,4599
9.07629497620469,6,3.0,4961
9.076534216770641,1,8.0,5970
9.076668321669565,6,27.0,5431
9.076930609783957,6,6.0,5832
9.077104443921124,6,1.0,3091
9.077387010489687,2,5.0,5971
9.07776230927648,6,5.0,5273
9.07781364549501,7,5.0,2913
9.078466042739736,1,1.0,5972
9.078677503563304,7,1.0,5099
9.078794398483199,6,3.0,5626
9.078951140791418,6,13.0,4240
9.079314137831698,8,19.0,3047
9.079527926854228,6,1.0,5400
9.07962923883552,1,5.0,5973
9.079824996558065,7,13.0,3145
9.080453731547268,7,17.0,1969
9.08078743152232,8,3.0,1808
9.08105948442783,1,3.0,5974
9.081869894436743,7,11.0,1824
9.082399308261738,7,33.0,1154
9.082557845287463,6,17.0,4618
9.082798216829971,6,3.0,3723
9.082870687432054,9,8.0,636
9.082951192733272,1,5.0,5975
9.083502415062572,8,2.0,4627
9.083714413862353,7,24.0,2624
9.083876220725571,1,2.0,5976
9.083952198100842,6,1.0,2720
9.083959082757495,1,2.0,5977
9.084022787147815,6,2.0,5890
9.084160828081126,1,30.0,5978
9.084213299929193,9,1.0,3017
9.084279354034749,7,13.0,2844
9.085202008461804,6,13.0,5098
9.085482283837383,7,3.0,1982
9.085726989011695,7,6.0,2400
9.08574644355951,7,9.0,3008
9.08574644355951,16,9.0,3008
9.086076010060854,7,1.0,1602
9.086214852190771,1,2.0,5979
9.08631211724452,6,2.0,1657
9.08660992706969,1,3.0,5980
9.086709497445348,8,6.0,3374
9.087226403081246,1,3.0,5981
9.087332342132276,7,5.0,4271
9.087894784893795,9,5.0,3177
9.088020684113804,6,2.0,4995
9.08807419463738,6,5.0,4095
9.08807738186827,6,5.0,5542
9.08819630599149,6,2.0,4857
9.088404088799718,1,10.0,5982
9.088888293422205,1,8.0,5983
9.089055967058195,1,8.0,5984
9.089418763063886,6,2.0,5768
9.089888624638444,1,4.0,5985
9.089974971848552,6,20.0,5334
9.090386965481944,7,3.0,2155
9.090938094303311,6,39.0,3767
9.091967895274339,7,6.0,3359
9.091971792894006,7,5.0,2967
9.092181929487245,8,5.0,2387
9.092646075289833,1,1.0,5986
9.09317414123409,6,2.0,3938
9.093792208916014,1,6.0,5987
9.093957885928443,6,1.0,5696
9.094126448696544,6,1.0,5454
9.095081292728395,6,22.0,5907
9.095720448809638,9,1.0,785
9.096239787372209,8,3.0,5422
9.09706926643537,7,1.0,1308
9.097139769378526,1,8.0,5988
9.097582977994511,6,2.0,5129
9.097597523821275,6,6.0,4580
9.09785248060475,6,8.0,3560
9.097889233993458,1,5.0,5989
9.09809332140125,6,6.0,3519
9.098693634535204,2,40.0,5990
9.098776782783792,8,5.0,4095
9.09898245137669,1,3.0,5991
9.099649466575372,7,28.0,3036
9.099962721363733,1,4.0,5992
9.100167717361927,6,4.0,3532
9.100935427808974,9,2.0,3233
9.101310670061899,6,4.0,5617
9.101403338437676,7,4.0,3138
9.10164961319378,9,3.0,2143
9.101746062334987,7,1.0,4860
9.101807181766409,7,56.0,2106
9.10259666535055,1,9.0,5993
9.102662294394472,6,2.0,4999
9.10286549414711,1,1.0,5994
9.103073460824275,7,6.0,2862
9.103116197363436,9,1.0,2358
9.103234117575155,9,17.0,3552
9.103329914321838,8,3.0,5179
9.103839290313761,1,25.0,5995
9.10399443643267,6,12.0,5128
9.104150811415805,6,3.0,5839
9.104277232269109,7,1.0,827
9.104727704565928,6,2.0,3109
9.105051063914864,1,7.0,5996
9.10506949451434,7,2.0,979
9.105261758264147,1,1.0,5997
9.106224976752475,9,41.0,3373
9.106270701028505,1,2.0,5998
9.106795079538571,1,30.0,5999
9.106843018332395,1,3.0,6000
9.107002903619712,6,43.0,4028
9.107146808079863,6,6.0,5306
9.107403526378228,1,3.0,6001
9.10746963505837,1,3.0,6002
9.108212163086641,6,3.0,5980
9.108218815827689,8,2.0,5354
9.108693278310742,9,5.0,3660
9.108831757233673,6,1.0,5777
9.108905441416152,6,36.0,5783
9.109057848786575,1,32.0,6003
9.109332262864816,6,2.0,5491
9.10967876470192,1,2.0,6004
9.109708562180193,8,3.0,4874
9.109828038148997,7,6.0,3064
9.109832004387606,8,3.0,1692
9.10989378908259,7,52.0,1769
9.110000131250597,6,34.0,3731
9.110510074629842,6,6.0,5931
9.110663212758338,1,9.0,6005
9.110688002776024,6,2.0,4466
9.110807119140885,7,20.0,2738
9.110938655172284,6,3.0,4894
9.111208245103747,1,1.0,6006
9.11121475098803,1,37.0,6007
9.111380434256985,7,38.0,1081
9.111454089163455,7,8.0,1620
9.111840624866167,6,6.0,5849
9.11194954664083,1,21.0,6008
9.112082078976457,6,3.0,3640
9.11265747960501,1,10.0,6009
9.112848043199405,6,31.0,4592
9.112878499324214,6,11.0,5005
9.112907072070325,6,3.0,5738
9.113053159324718,6,7.0,4496
9.113523417125364,6,1.0,5683
9.113782233306626,9,51.0,3267
9.11387490573521,6,1.0,5672
9.113972247043733,7,3.0,4463
9.114237883071016,1,2.0,6010
9.11437368894103,7,16.0,1513
9.114743765164723,1,1.0,6011
9.115551284528262,7,2.0,2225
9.116144512950617,1,2.0,6012
9.116169166076748,6,3.0,2814
9.116285537258063,6,2.0,5185
9.11640774802964,6,3.0,5838
9.116423658318382,1,3.0,6013
9.116575955533445,7,5.0,3104
9.116703649470775,1,5.0,6014
9.116876745256349,7,35.0,3845
9.11752762381623,7,59.0,2410
9.117720568142294,7,58.0,3985
9.117721943737804,9,5.0,184
9.117829650188945,9,6.0,2089
9.11814632965437,9,6.0,3374
9.118820550807916,6,5.0,5403
9.119273565817215,1,3.0,6015
9.119350422123775,1,8.0,6016
9.119418311568136,6,33.0,2362
9.119778058846348,7,32.0,492
9.11980445986893,6,3.0,2971
9.120236852544567,1,1.0,6017
9.12039200963616,7,49.0,1875
9.120971560846522,6,7.0,5353
9.12134562388415,6,2.0,5296
9.121779484634072,7,9.0,1471
9.122025696810221,7,50.0,3190
9.122173698916253,6,7.0,4912
9.122205422031294,8,2.0,5220
9.122913616114106,8,8.0,4375
9.123100909912246,1,2.0,6018
9.123163346693286,8,3.0,4166
9.123370388057522,6,1.0,4515
9.123380951610923,1,2.0,6019
9.123780467178323,7,3.0,1240
9.124614016031362,6,3.0,5675
9.124759487793225,7,39.0,1650
9.125063332043815,9,18.0,3181
9.125089324703637,7,58.0,3054
9.125237350948376,9,2.0,4818
9.125574297793417,6,3.0,4501
9.126044669029708,7,3.0,4526
9.126044669029708,16,3.0,4526
9.126057477671289,7,7.0,2121
9.126077563273718,6,1.0,5035
9.126220075916768,1,11.0,6020
9.126395591364965,7,8.0,2219
9.126517959198557,1,2.0,6021
9.127465262247856,6,3.0,5466
9.12812690641014,6,10.0,1897
9.128421430933823,1,1.0,6022
9.128633139996442,8,52.0,674
9.129278924280802,7,50.0,737
9.129309535075082,6,2.0,5302
9.129468003618355,1,5.0,6023
9.129786352155671,1,2.0,6024
9.129788477905942,7,9.0,3867
9.130136990906506,8,30.0,3465
9.130427736001495,1,2.0,6025
9.131368256306068,1,2.0,6026
9.13139690052429,6,2.0,4322
9.131495421135627,1,7.0,6027
9.13193471086485,7,4.0,2438
9.132245852320928,1,5.0,6028
9.132408551878681,7,26.0,3419
9.132460110873948,6,3.0,5878
9.132468245778387,6,6.0,3217
9.132909372669943,1,8.0,6029
9.13302204042002,1,5.0,6030
9.133206542904789,8,11.0,2880
9.133667609592088,7,1.0,4098
9.1341409555908,6,10.0,5630
9.13443459344387,8,30.0,2899
9.134756801009566,7,37.0,2993
9.134838997406693,6,8.0,5091
9.13521441177341,7,56.0,3059
9.135249536104878,6,3.0,5336
9.135399826231453,7,7.0,452
9.136270317909394,6,3.0,3573
9.13627480561701,1,7.0,6031
9.136334689605171,2,44.0,6032
9.136532664580987,7,1.0,2235
9.1370576483728,1,3.0,6033
9.13707969866657,6,33.0,5328
9.137105969700457,1,8.0,6034
9.137331588995083,9,1.0,2080
9.137546461970206,8,5.0,4431
9.137771165340888,1,6.0,6035
9.137955653252083,6,9.0,4230
9.138135123454688,6,1.0,4179
9.138140802343807,1,3.0,6036
9.138164531929986,6,2.0,5764
9.138748580147308,1,1.0,6037
9.138985217499481,1,1.0,6038
9.139035646062105,6,5.0,3498
9.139189986392811,7,7.0,2667
9.139942327702475,8,1.0,3409
9.140446514861537,7,8.0,2294
9.140626679935233,8,2.0,4694
9.140878722317742,7,2.0,2800
9.141005000526896,7,1.0,5599
9.14104449558707,6,21.0,6008
9.141151713210652,6,9.0,3080
9.141193361865696,1,5.0,6039
9.141677202656862,1,3.0,6040
9.141933778684919,7,5.0,2768
9.142243651986526,1,9.0,6041
9.142432793215356,7,1.0,2980
9.142968015415804,7,1.0,3934
9.142974091336173,8,3.0,5899
9.143050644402923,1,6.0,6042
9.14319518373122,7,3.0,3158
9.143877307065333,6,1.0,2684
9.14392889854124,6,2.0,4310
9.14443465718375,7,5.0,3211
9.144602325687218,1,1.0,6043
9.144661187481756,7,3.0,1291
9.144706719923283,6,3.0,4969
9.144773830675895,1,2.0,6044
9.144993228021363,1,7.0,6045
9.145248682317483,7,22.0,3650
9.145308799040379,6,2.0,5786
9.145598395584358,6,30.0,5999
9.145674578341866,7,8.0,1180
9.146140965506056,8,4.0,1563
9.146617584637246,1,1.0,6046
9.146842502159652,6,19.0,5543
9.147157306616776,6,12.0,5853
9.147174085211365,6,19.0,5733
9.147395304787269,6,1.0,4251
9.147555695955186,1,32.0,6047
9.147811096686858,7,3.0,1191
9.148157901773146,7,5.0,1999
9.148591273076365,1,1.0,6048
9.148660933000434,7,3.0,2934
9.148799336498294,6,6.0,5075
9.148992216319732,1,2.0,6049
9.149432519958538,1,1.0,6050
9.14947188084061,9,2.0,4621
9.149595760844736,6,2.0,4369
9.14997600345165,1,2.0,6051
9.149979272180458,8,3.0,3378
9.150029112304876,1,2.0,6052
9.151348299001151,6,8.0,5984
9.15136934791161,7,3.0,1943
9.151718183079973,6,4.0,4537
9.151975286326184,7,33.0,819
9.15202001036546,6,8.0,5813
9.152083719618368,6,3.0,5682
9.152659505975501,1,1.0,6053
9.15303619016366,1,9.0,6054
9.153159955592187,9,18.0,2205
9.153496985232515,1,6.0,6055
9.153801505516357,8,2.0,5461
9.154219379027285,6,4.0,3651
9.154667975649748,7,2.0,3926
9.15477872449304,6,6.0,5267
9.155406470428087,6,51.0,1104
9.155555562354355,1,1.0,6056
9.155968515825464,1,4.0,6057
9.156449667430818,7,11.0,4468
9.156689796329315,6,13.0,5914
9.157014015260437,7,12.0,2321
9.157302545044786,1,2.0,6058
9.15787762097609,7,10.0,2517
9.15846912664038,1,1.0,6059
9.159434164681452,6,3.0,5871
9.159441173117573,6,2.0,4836
9.159541512992586,7,9.0,4418
9.159573658463788,7,3.0,2989
9.159792299698402,6,2.0,6004
9.159815217813188,7,28.0,2293
9.159836582742933,8,6.0,5559
9.16050583784635,9,43.0,2767
9.160526312509056,6,36.0,5474
9.160555551079607,1,3.0,6060
9.160586316190193,7,8.0,2469
9.161432455009916,6,6.0,4834
9.161638934329464,6,7.0,6027
9.161930587201292,1,2.0,6061
9.161988167712584,1,5.0,6062
9.162048261457171,1,3.0,6063
9.162123267912856,6,35.0,5685
9.162485922766777,7,4.0,1603
9.1625985677027,6,3.0,5888
9.163249177333563,1,1.0,6064
9.163679395337496,6,4.0,4572
9.164133606527047,6,3.0,5712
9.16434407251195,7,58.0,4142
9.164386495122361,6,10.0,5143
9.164879128866602,1,3.0,6065
9.16490366111578,7,38.0,844
9.165262541389959,7,14.0,2563
9.16526891028281,1,2.0,6066
9.165528906447438,6,1.0,4778
9.166283644001448,1,3.0,6067
9.166288910035863,1,27.0,6068
9.16649848582524,6,9.0,5585
9.166570178858283,1,2.0,6069
9.166801078588046,6,33.0,3953
9.166930188941462,1,3.0,6070
9.167206122770423,9,5.0,3753
9.16768857517391,7,3.0,3277
9.168210132130604,6,24.0,5109
9.168293868148137,7,15.0,4487
9.168319786669933,9,52.0,831
9.16858149828778,6,33.0,5964
9.168779754960976,1,2.0,6071
9.169888896860483,1,3.0,6072
9.170150680669195,9,1.0,1907
9.170185289495956,6,3.0,6060
9.170910579815406,8,13.0,4721
9.170994279228328,6,3.0,5935
9.170996524631821,7,2.0,2948
9.171026029166361,1,4.0,6073
9.171185060604728,6,1.0,5256
9.171388954939257,6,2.0,5916
9.171507024773828,1,1.0,6074
9.171549801428005,7,2.0,4469
9.171607771005762,9,5.0,3744
9.171616527977363,6,5.0,4676
9.171642724075639,1,2.0,6075
9.171998121694703,1,15.0,6076
9.172280893627775,7,19.0,2426
9.172521144938475,8,5.0,3219
9.173148109600936,7,55.0,4076
9.173424789296595,6,2.0,4562
9.174796351169515,6,1.0,5550
9.175261101995384,6,2.0,4557
9.175635517284913,6,4.0,5697
9.175805159005499,2,4.0,6077
9.176029309397554,1,3.0,6078
9.176172046611308,9,58.0,3778
9.176343211597494,7,50.0,1591
9.17689874084503,9,24.0,1559
9.177169816226513,6,1.0,3517
9.177833431987553,6,1.0,5865
9.178411086351646,6,2.0,5149
9.178646493067344,1,2.0,6079
9.178815725968263,9,5.0,2194
9.17910940808156,7,1.0,3328
9.180339007440582,6,13.0,5194
9.18105997294226,6,1.0,5389
9.18121505531108,1,5.0,6080
9.181311046474828,6,2.0,3647
9.181487939407235,7,6.0,3550
9.181633567826589,7,23.0,2114
9.18169657739334,1,6.0,6081
9.182110445509341,9,3.0,4166
9.182651306850062,8,2.0,4260
9.183421227037133,1,1.0,6082
9.18346747588716,7,30.0,3176
9.18495749996961,8,17.0,4749
9.185018869607108,6,5.0,2166
9.18512217690064,6,10.0,3327
9.185358476926995,1,5.0,6083
9.185404705772623,7,2.0,4685
9.185589522226989,7,2.0,2396
9.185979446385332,9,5.0,1881
9.186454226281821,1,1.0,6084
9.186664762915239,1,5.0,6085
9.186746515085261,9,1.0,1455
9.186896204111854,9,46.0,3865
9.187049641209374,6,1.0,5826
9.187325714003702,6,3.0,6078
9.187362738746302,6,1.0,6048
9.187565316546875,1,1.0,6086
9.187756597956106,7,1.0,3695
9.188011817717204,6,11.0,5943
9.189043100673842,1,5.0,6087
9.18980249723244,7,2.0,3134
9.190153072913924,1,3.0,6088
9.190160836461876,1,3.0,6089
9.190419024938443,7,11.0,3692
9.190447167687795,7,41.0,3502
9.190559601339103,1,6.0,6090
9.190725060670461,6,3.0,3278
9.190972873067254,1,5.0,6091
9.19121455165057,6,3.0,5872
9.192266270981769,9,3.0,3562
9.192460453452993,6,3.0,4174
9.19356286160943,6,7.0,5884
9.19376748059829,8,31.0,4347
9.193942119826694,6,4.0,3521
9.194312219019555,6,42.0,5054
9.194603114597191,1,7.0,6092
9.194953497826683,1,2.0,6093
9.194955752122533,1,1.0,6094
9.195274744130375,6,5.0,6085
9.195712817114941,1,5.0,6095
9.196255544904053,1,5.0,6096
9.196697836468182,6,54.0,3721
9.19680622739224,7,17.0,2804
9.196831733936198,1,1.0,6097
9.196960492334517,1,9.0,6098
9.197044453329651,1,5.0,6099
9.19710826904259,7,5.0,2925
9.197177966793154,7,3.0,4707
9.197610333482132,6,1.0,5014
9.197683303612353,6,1.0,5869
9.198087174435459,1,5.0,6100
9.198178105030179,6,3.0,5610
9.199032349007101,8,3.0,5933
9.199474004917617,6,54.0,1330
9.199658478053244,6,3.0,5622
9.200701720428405,1,6.0,6101
9.201050788307906,7,9.0,1233
9.201370135682101,6,3.0,5969
9.201788159047792,6,5.0,6030
9.201904203133315,8,4.0,2243
9.201957961048395,6,44.0,6032
9.202079968774374,1,2.0,6102
9.20212048729472,6,6.0,6101
9.20230141896569,6,3.0,5750
9.202554909519263,1,2.0,6103
9.202674629012527,6,1.0,2550
9.203256675545006,9,2.0,4656
9.203270955552211,7,3.0,2676
9.20347380498192,1,2.0,6104
9.204020097328504,6,4.0,5590
9.204558786900067,6,35.0,4940
9.204771096350147,6,2.0,5399
9.204833138009434,1,1.0,6105
9.204935767957375,6,3.0,5828
9.205143461784932,8,27.0,2681
9.20525986556163,9,2.0,3547
9.205585307084116,1,16.0,6106
9.206446222159627,9,9.0,1632
9.206627021037365,6,3.0,5660
9.20664287896888,6,6.0,3074
9.207296803174232,3,57.0,6107
9.207648515802283,8,4.0,4892
9.207650951002005,8,2.0,3133
9.207696662882144,7,2.0,4245
9.207860800744898,1,1.0,6108
9.207949229027975,6,1.0,4158
9.208043662244496,7,4.0,2600
9.208087856592888,1,3.0,6109
9.208676175520722,6,7.0,5674
9.209268922980357,6,3.0,5850
9.20984572196138,1,3.0,6110
9.210105171044274,6,31.0,5062
9.21057618115687,6,3.0,5308
9.211264133996135,6,5.0,2527
9.211353905425335,3,9.0,6111
9.211626092289647,1,7.0,6112
9.2120917030402,1,24.0,6113
9.212440550774511,1,12.0,6114
9.212989227347336,1,11.0,6115
9.213485225522483,6,2.0,5592
9.213638197052632,7,1.0,3438
9.213682030435544,1,5.0,6116
9.21384833158679,8,8.0,4268
9.213940208579814,8,2.0,3316
9.214081980234722,8,35.0,5287
9.214192770573407,7,3.0,824
9.214387378530024,6,2.0,5732
9.214453154800601,7,13.0,2081
9.21579318946312,8,2.0,2824
9.216053302096295,6,49.0,4666
9.217084736917558,7,3.0,4023
9.21757372389987,1,6.0,6117
9.21774912310569,6,7.0,5428
9.217776945929062,1,3.0,6118
9.218384590042517,6,1.0,1663
9.218858084113077,6,1.0,4600
9.218862211605623,1,1.0,6119
9.218947573727483,1,25.0,6120
9.218978373575377,7,3.0,2761
9.219039295245198,9,1.0,3882
9.219512181589552,1,6.0,6121
9.219880206482093,7,1.0,1792
9.220065728190379,8,16.0,2608
9.220200970695752,1,3.0,6122
9.220202321972998,7,2.0,2008
9.220252892847387,7,8.0,1871
9.220354679199332,1,1.0,6123
9.220593642576004,6,2.0,5797
9.22116752962398,7,6.0,3431
9.2218429944007,9,60.0,2911
9.22186779631816,1,2.0,6124
9.222332215586807,7,6.0,2593
9.222336630948616,7,4.0,2972
9.222510439160345,6,2.0,5686
9.222540881802196,6,13.0,5913
9.222684954118963,6,2.0,5855
9.222784664086895,7,45.0,1601
9.222850548170285,7,2.0,2017
9.222911478627182,6,5.0,5540
9.223573843977801,8,2.0,3774
9.223684470226758,6,5.0,6023
9.223940644516807,7,11.0,2951
9.223982326596186,7,53.0,2847
9.224260662939535,6,4.0,3827
9.225454877386579,1,1.0,6125
9.226031843789855,9,4.0,2178
9.226150011677996,1,7.0,6126
9.226407836060957,7,6.0,1021
9.226674176680053,8,23.0,4669
9.227007372269336,6,8.0,5924
9.227915429360621,1,7.0,6127
9.228192984322448,7,6.0,4530
9.228857598631606,7,2.0,1523
9.229316142315396,6,34.0,3998
9.23000523162361,1,2.0,6128
9.23005551908538,6,1.0,3718
9.23024286618843,2,18.0,6129
9.23082923535787,7,46.0,1411
9.230993649877597,1,3.0,6130
9.231374956866714,1,3.0,6131
9.231375060983897,6,2.0,5891
9.231726059487972,1,7.0,6132
9.232461850700464,7,54.0,3033
9.23322124371134,7,9.0,3142
9.233230603434466,7,2.0,4165
9.233482750253764,1,7.0,6133
9.233540755290147,7,2.0,3645
9.233543789887365,6,2.0,5938
9.233622686989285,6,2.0,5698
9.233787187808156,1,1.0,6134
9.234387420809623,7,9.0,4241
9.234537322529604,1,3.0,6135
9.234977929214965,1,5.0,6136
9.235107249857315,7,2.0,2340
9.235193881630858,6,11.0,2168
9.235331005360292,6,3.0,6130
9.235675582904564,1,1.0,6137
9.2358831470708,8,1.0,4748
9.236072173684706,7,25.0,3879
9.236200675227698,6,3.0,4327
9.236550286155124,7,35.0,3449
9.237225950193505,9,1.0,2878
9.23736121418745,6,9.0,6005
9.237487216986905,6,2.0,4339
9.237658846604823,6,1.0,5370
9.237754382885086,1,4.0,6138
9.237791324077135,8,11.0,4919
9.237833452361311,9,4.0,2357
9.238073761774903,6,50.0,2740
9.238140378279933,7,1.0,2618
9.238330427072233,7,9.0,1105
9.23859358553975,1,1.0,6139
9.23859961357063,1,7.0,6140
9.239983159517523,6,1.0,5620
9.240284305759278,7,2.0,4256
9.240324272228694,7,25.0,5203
9.240495905601739,6,2.0,4937
9.240828723092028,1,6.0,6141
9.241783151431376,7,38.0,2812
9.241879131604687,1,7.0,6142
9.242211835396782,6,1.0,5957
9.242382483992074,7,3.0,5311
9.242457016038701,6,4.0,6073
9.242457673853119,1,4.0,6143
9.242584907079408,7,2.0,1204
9.24287501125776,6,11.0,4980
9.243039474802313,1,10.0,6144
9.243217820315502,6,4.0,5940
9.24405752229541,1,16.0,6145
9.244119442873574,1,2.0,6146
9.244514111589554,6,11.0,3833
9.24480071889317,6,2.0,5976
9.24551488295213,7,50.0,416
9.245690681875784,1,4.0,6147
9.246100325836652,6,33.0,5520
9.246192324319566,7,24.0,1299
9.246495968668109,8,7.0,4780
9.246524414020474,6,7.0,5545
9.246653375986622,6,1.0,5253
9.246973449274783,7,4.0,3581
9.247395742326493,6,4.0,5517
9.247496133843423,7,6.0,2656
9.247666369862705,8,5.0,4743
9.248263576033974,1,8.0,6148
9.248335285861934,7,15.0,2917
9.248611580439055,6,47.0,2762
9.24892008372365,6,7.0,6140
9.249301768768289,6,2.0,4958
9.249816085092611,7,9.0,2945
9.249998323050098,9,5.0,4431
9.250149039050944,7,51.0,1353
9.250232475070932,6,11.0,5710
9.250428916320576,7,47.0,2933
9.250903486226262,6,7.0,4762
9.25106305148318,6,38.0,3355
9.25111902357134,7,7.0,926
9.252017236588985,6,1.0,6074
9.252149084763957,1,1.0,6149
9.252349092510073,1,8.0,6150
9.252700003838113,6,3.0,5527
9.25278543253908,1,2.0,6151
9.253146566294141,7,3.0,5136
9.253520499512497,1,30.0,6152
9.25360345911701,6,3.0,5413
9.25360730881302,1,3.0,6153
9.253682674950765,7,8.0,2111
9.25396506344148,1,6.0,6154
9.254257747619976,6,47.0,3187
9.25443582240738,7,4.0,5310
9.254476750186576,6,2.0,5506
9.254568076528258,7,50.0,3856
9.254704480514066,6,1.0,5929
9.254752438287564,7,4.0,4643
9.254913057450276,7,6.0,2027
9.255129485655962,1,4.0,6155
9.256628761138542,1,12.0,6156
9.256797743288072,6,4.0,5318
9.257277077598609,9,18.0,2099
9.257871795600309,7,14.0,1199
9.258138778451293,7,8.0,4267
9.258903875594058,6,18.0,3034
9.258945692999845,7,8.0,3899
9.258993619619982,7,8.0,2832
9.259062494947209,6,2.0,5906
9.259280251963428,7,56.0,590
9.259537283711293,1,1.0,6157
9.259634402677532,9,1.0,2524
9.260317970659095,6,7.0,3913
9.260519810509733,1,1.0,6158
9.260527035832112,1,2.0,6159
9.260550982756454,6,1.0,2997
9.260911602545256,9,7.0,3096
9.261135373721686,7,3.0,3703
9.261934766815958,7,14.0,4979
9.262239700219792,7,8.0,2629
9.262809362223024,6,1.0,5268
9.263272105260647,9,17.0,4749
9.263861338302465,1,12.0,6160
9.264128121872131,1,2.0,6161
9.264189379972548,7,6.0,3246
9.264648616194691,7,3.0,794
9.264649413438185,6,5.0,5162
9.26517672837131,9,1.0,2204
9.265265535153823,6,3.0,3881
9.265414670727608,6,10.0,5392
9.265604503801955,6,4.0,5133
9.265760493003004,1,5.0,6162
9.265917033197184,9,3.0,934
9.266297267442967,6,3.0,5653
9.266330707791541,7,11.0,1565
9.266335330190582,10,37.0,5845
9.26657477831685,7,5.0,4790
9.266584695480605,1,7.0,6163
9.266814177395933,7,2.0,3406
9.266832440348775,6,3.0,4462
9.267110595944688,1,4.0,6164
9.26711830580253,7,2.0,2036
9.267325828854261,6,17.0,3454
9.267533116986769,6,11.0,4051
9.267540340836218,2,4.0,6165
9.267613428541127,7,12.0,3932
9.268065925043715,1,2.0,6166
9.268528086186993,6,5.0,6116
9.268763387641693,8,2.0,938
9.268842451200381,8,2.0,3705
9.269318809219524,16,7.0,1188
9.269637674625253,8,1.0,5291
9.269968563158493,7,54.0,1820
9.270000929966383,1,1.0,6167
9.270441389646606,1,6.0,6168
9.270454341469016,7,52.0,2193
9.270643295699088,6,4.0,6165
9.270814326754614,7,53.0,2463
9.271017278112401,6,4.0,5621
9.271138788664146,6,2.0,5029
9.271704804393847,1,1.0,6169
9.2721503612459,6,41.0,5516
9.27215301527302,7,2.0,1418
9.272193275678731,7,1.0,3662
9.272751163172902,1,3.0,6170
9.272894962462098,6,2.0,5536
9.272923182964709,6,5.0,3254
9.273162227849154,1,2.0,6171
9.27351067607284,1,9.0,6172
9.273732878639256,9,4.0,1563
9.274236385151044,9,1.0,4194
9.274588037306486,7,1.0,551
9.27489780578098,9,56.0,1913
9.274964258003482,2,3.0,6173
9.275498207045468,1,9.0,6174
9.275669094401957,9,5.0,676
9.275811594019892,8,8.0,4598
9.275984775172104,1,1.0,6175
9.276062698808797,1,4.0,6176
9.276305378546073,1,1.0,6177
9.276511600355938,6,15.0,6076
9.27674064644227,7,43.0,3127
9.277616535956733,1,3.0,6178
9.277973207876812,9,59.0,1627
9.278113520409853,1,22.0,6179
9.27859768923038,7,1.0,1432
9.27860908432454,7,12.0,1215
9.278904723151935,6,1.0,5994
9.2789636838054,8,16.0,2807
9.279336095986341,7,5.0,4566
9.279370964994373,1,2.0,6180
9.27946714213672,7,51.0,3682
9.27977171176162,7,6.0,3685
9.280178468544719,7,3.0,2837
9.280226458779094,7,51.0,1666
9.280226458779094,16,51.0,1666
9.28041289702898,6,8.0,5970
9.28067577885004,1,29.0,6181
9.280989633620885,1,2.0,6182
9.281204706132959,6,2.0,6093
9.28130676334653,8,46.0,3533
9.281543003195603,1,28.0,6183
9.282867047589399,7,6.0,2965
9.28345749897815,7,5.0,3496
9.284261850273168,8,1.0,5553
9.285777072938764,6,11.0,4433
9.285915596889827,7,3.0,2484
9.286130156159423,6,17.0,4823
9.286459481855573,6,1.0,4200
9.28752223965607,7,2.0,3740
9.287621424359898,6,4.0,4839
9.287945155978234,6,2.0,5261
9.288867026202562,6,5.0,4440
9.288867822008964,6,2.0,6018
9.289052021655802,7,6.0,2510
9.289166565057952,7,6.0,3309
9.28942167582124,7,4.0,3696
9.290327294969211,6,6.0,5894
9.290428169103375,7,9.0,2418
9.29045491368582,6,6.0,5960
9.290601081874433,1,1.0,6184
9.291054658024033,1,5.0,6185
9.291384732990775,6,2.0,5702
9.291405757344483,6,1.0,6167
9.292995177678485,6,27.0,4210
9.293858288503316,9,3.0,504
9.294152804698975,1,5.0,6186
9.29445462753849,6,6.0,5528
9.294797880650975,6,42.0,5752
9.296097430984169,6,7.0,6127
9.297336791527231,1,2.0,6187
9.297349234327605,6,9.0,5076
9.2979772357238,1,4.0,6188
9.298175599945871,9,3.0,3515
9.298344296499977,9,1.0,3466
9.298744239501866,6,5.0,5636
9.298967191284078,1,3.0,6189
9.299994860074566,1,2.0,6190
9.300026606486984,6,7.0,5807
9.300110392200295,8,4.0,4080
9.300291221897186,7,11.0,3910
9.300299966426863,6,1.0,6022
9.300799972019867,6,5.0,5145
9.300865375808234,9,2.0,4521
9.301755575176916,7,4.0,2786
9.301841387356705,6,1.0,5724
9.302585259588291,7,1.0,4330
9.302965404840561,1,2.0,6191
9.303522173959344,7,53.0,3115
9.30382834700101,1,3.0,6192
9.303913666881268,1,4.0,6193
9.304406831981694,7,2.0,3994
9.304847949811872,6,13.0,4858
9.305040426964874,1,8.0,6194
9.30547559265147,1,22.0,6195
9.305793414625132,7,19.0,1753
9.305918519082319,6,5.0,4209
9.305944761395695,1,6.0,6196
9.306019317693192,7,7.0,1492
9.306133755055017,8,1.0,4529
9.306603140810378,7,2.0,4123
9.30670294683383,9,24.0,4848
9.306748540266367,6,3.0,5941
9.306825992809959,7,1.0,2421
9.30735693768743,1,1.0,6197
9.307662339404189,6,2.0,2367
9.30782427075544,7,1.0,2311
9.308111924953126,7,5.0,5059
9.308153485196462,1,44.0,6198
9.308391920882846,1,5.0,6199
9.308509489781375,1,1.0,6200
9.30898469809048,1,2.0,6201
9.309062068917935,8,40.0,2251
9.30942770606271,7,17.0,1716
9.309722804769407,7,2.0,3761
9.30977485082849,7,46.0,2336
9.310368610420323,6,16.0,4801
9.310611830644497,1,1.0,6202
9.310652626788631,8,46.0,1597
9.310764437601145,1,2.0,6203
9.310951514631553,1,3.0,6204
9.311348195441928,7,34.0,1212
9.311457033506079,7,36.0,780
9.31147162138378,6,5.0,5959
9.311738818056744,6,1.0,5453
9.311981424322058,1,2.0,6205
9.311997557245821,1,3.0,6206
9.312617134083457,6,30.0,6152
9.3128084512467,2,19.0,6207
9.313284696235293,1,3.0,6208
9.313982027655802,1,7.0,6209
9.314104109971641,6,7.0,2538
9.314364002852946,1,5.0,6210
9.314764750345276,7,5.0,2567
9.314900168911741,7,30.0,2747
9.315310914681994,6,1.0,5178
9.316353019452663,1,5.0,6211
9.316395711764931,6,3.0,5175
9.31641798500537,7,15.0,2229
9.31654694078625,6,3.0,6072
9.316576129718957,1,2.0,6212
9.316742516445919,1,3.0,6213
9.317326901020595,7,4.0,2457
9.317663924465709,6,3.0,5806
9.317677912257743,7,5.0,3430
9.318064852624047,6,32.0,6047
9.318185231363389,1,11.0,6214
9.318668529414964,1,1.0,6215
9.319227577513404,6,46.0,5204
9.319593753338877,6,1.0,5820
9.320365172419876,1,2.0,6216
9.320529673248828,7,6.0,1322
9.320669773596308,6,3.0,4475
9.321603749562573,9,3.0,4604
9.321696641692537,1,2.0,6217
9.321716698813903,6,2.0,6052
9.321876581605308,8,3.0,5734
9.322191756594036,7,1.0,4406
9.322210202625728,7,3.0,1903
9.322248023526512,1,1.0,6218
9.32334791202124,6,4.0,5840
9.323638285790004,6,11.0,4704
9.324052077605545,1,1.0,6219
9.32411957347904,6,4.0,5676
9.324259636677288,7,8.0,2835
9.324689418544766,1,22.0,6220
9.32489709191683,7,29.0,3236
9.324946530161446,9,4.0,3443
9.324974853611828,6,1.0,4548
9.325250416320353,7,4.0,312
9.325711656178393,6,3.0,3432
9.32574006033607,7,2.0,3799
9.326377411111228,1,3.0,6221
9.326605780017715,7,2.0,4371
9.326901579585915,6,4.0,5833
9.327161677565519,6,18.0,5456
9.327407708783731,6,16.0,5048
9.327485646401954,8,3.0,3285
9.32771213489455,9,4.0,3295
9.327846418743453,6,2.0,5892
9.328540410887127,7,5.0,3858
9.328778243622875,6,5.0,3070
9.329647832201623,1,1.0,6222
9.329827782509339,6,3.0,6118
9.330167257266616,1,11.0,6223
9.33025550973371,6,4.0,5809
9.330399891456391,6,4.0,5366
9.330843107395465,1,2.0,6224
9.330972760112408,1,1.0,6225
9.33118105158303,7,2.0,4491
9.331359590895332,6,9.0,3673
9.331439584750905,7,6.0,5173
9.331670824524473,7,57.0,1868
9.332463681164588,6,3.0,5201
9.332468767266603,6,6.0,6121
9.332744411291971,6,1.0,4902
9.332847063143028,6,5.0,4558
9.333044031680764,1,3.0,6226
9.333229433536431,6,58.0,1725
9.334262853965429,1,2.0,6227
9.334372130512731,8,20.0,4947
9.334695903537055,6,8.0,4639
9.334948500210915,9,2.0,4093
9.335206583646201,1,3.0,6228
9.335474033417013,6,3.0,6089
9.335699669210745,6,5.0,5601
9.335829666705488,6,13.0,4283
9.3359727014987,6,5.0,4941
9.336029144950187,6,6.0,5031
9.336674353905627,6,2.0,5979
9.337362493135622,7,3.0,3304
9.337604563891716,6,55.0,133
9.338185345336907,7,4.0,1482
9.338487609847942,7,1.0,3247
9.338698066196393,7,2.0,2937
9.33909252494972,8,2.0,3111
9.339370824610091,1,5.0,6229
9.339506253028718,8,9.0,5097
9.33966374383798,7,7.0,1763
9.339898376525921,1,1.0,6230
9.33993240755593,1,1.0,6231
9.340117524649147,7,3.0,3661
9.34136008140711,1,1.0,6232
9.341400893240207,6,27.0,5751
9.342053365333063,1,22.0,6233
9.342273537012215,1,7.0,6234
9.342468039492278,6,4.0,5868
9.342763973700954,6,2.0,3024
9.342955691355066,6,2.0,6024
9.342957217587834,1,7.0,6235
9.342971641399583,1,5.0,6236
9.343085035085885,6,11.0,5912
9.34340728229436,7,3.0,2157
9.343469516256128,7,2.0,3549
9.343834900081841,7,3.0,2160
9.344183309563027,1,8.0,6237
9.344455929164381,1,5.0,6238
9.344602922673285,6,2.0,4890
9.34463793793969,7,7.0,1576
9.345043863342624,7,4.0,2801
9.34522768906562,6,3.0,5873
9.34607370014061,8,14.0,2045
9.346311694481166,7,5.0,3816
9.34658471567703,1,1.0,6239
9.346757745360428,7,2.0,1273
9.346891325352964,1,4.0,6240
9.347223945593193,1,2.0,6241
9.347278160041384,1,3.0,6242
9.347861210250324,1,8.0,6243
9.348112896708527,6,1.0,6064
9.348130761116764,6,6.0,6035
9.348343615372631,7,16.0,2643
9.348343615372631,16,16.0,2643
9.348562708747602,6,9.0,4854
9.348595043783032,1,3.0,6244
9.348729482625613,2,9.0,6245
9.348744680374343,1,1.0,6246
9.34899988853028,7,12.0,2866
9.349129529520672,6,2.0,4218
9.349143788037022,6,22.0,6179
9.349221258044155,7,1.0,3979
9.349317583259921,7,6.0,5001
9.349368845445428,8,54.0,3434
9.34946052211298,6,7.0,5079
9.349959429736277,1,32.0,6247
9.35007820143966,1,41.0,6248
9.350343593503506,6,2.0,6025
9.350356406830066,8,25.0,4838
9.350653878652853,7,7.0,2408
9.350702396197168,6,1.0,6037
9.350713329433027,6,6.0,3055
9.3510478296878,6,1.0,5153
9.351143437710789,1,9.0,6249
9.351439227190905,6,1.0,3587
9.352297968321956,7,15.0,1744
9.352324284788489,1,5.0,6250
9.352731634236884,12,57.0,3992
9.352872917573693,7,11.0,1732
9.35313805014006,1,1.0,6251
9.354527328172097,6,5.0,4603
9.355728979883253,7,1.0,2428
9.355758123398585,6,6.0,5181
9.356254330904726,7,58.0,2412
9.356350623171991,6,3.0,6122
9.356702413814844,6,1.0,5953
9.356734095570282,1,8.0,6252
9.357205774214778,7,16.0,3321
9.357205774214778,16,16.0,3321
9.35721618960323,1,2.0,6253
9.358100540872107,6,10.0,4910
9.358221059346368,6,5.0,4942
9.358865247301475,6,3.0,5113
9.360310309687929,6,2.0,5045
9.360579816038934,8,3.0,2732
9.360764492757678,1,1.0,6254
9.361229594287234,1,3.0,6255
9.361233683305402,6,3.0,4862
9.36138134829616,7,1.0,1216
9.361488551267177,7,23.0,1144
9.361536755093907,6,2.0,4901
9.36184983145043,1,1.0,6256
9.36219068545992,6,6.0,6154
9.362250641789931,7,53.0,862
9.362301079456254,1,5.0,6257
9.36236337894277,6,2.0,3605
9.362487588602454,1,3.0,6258
9.3638725139183,1,1.0,6259
9.36396625756745,1,1.0,6260
9.364642215876083,7,3.0,4222
9.364861155008576,6,8.0,5177
9.365013866879323,9,1.0,5188
9.365395647913875,6,22.0,6220
9.365612573051298,6,1.0,3792
9.366119422155336,6,42.0,2765
9.366447725671634,7,23.0,2998
9.36645556123209,6,1.0,3711
9.366666610438672,6,7.0,6142
9.36671918414257,6,2.0,5309
9.366751017034908,1,6.0,6261
9.367053649654059,1,2.0,6262
9.367092733973072,8,42.0,5752
9.367726207432904,6,27.0,5330
9.367941669874968,7,5.0,3614
9.368296014778874,1,2.0,6263
9.368603024283187,6,2.0,5666
9.36867743492517,7,14.0,3101
9.368910048129115,1,5.0,6264
9.369214234267492,6,1.0,4196
9.36944810082337,8,1.0,3850
9.369758392887046,6,21.0,5744
9.3702504250505,7,2.0,3690
9.37040848594382,7,14.0,1992
9.37142343595802,6,1.0,5759
9.371631703235145,9,6.0,2363
9.372231432316113,1,2.0,6265
9.372675488707051,9,1.0,3192
9.372763339385427,9,1.0,1136
9.372868574330887,6,40.0,5041
9.37319613667818,6,9.0,4500
9.373509305015741,7,6.0,2958
9.373597075651304,8,17.0,3454
9.37401863341465,7,5.0,3125
9.374377360661917,6,1.0,6200
9.374602465295524,9,3.0,3285
9.37497222990796,1,10.0,6266
9.375212850497265,2,4.0,6267
9.375368187083406,1,1.0,6268
9.37654770437958,1,8.0,6269
9.376671991076769,8,33.0,1833
9.37721858799752,7,21.0,3641
9.377222550872817,6,1.0,4532
9.377901801680283,6,9.0,5766
9.378564642379503,1,1.0,6270
9.37887830135097,1,4.0,6271
9.379169305475548,7,3.0,2165
9.379540135203062,7,59.0,1390
9.380002550767067,7,54.0,1118
9.380050131775594,6,10.0,5535
9.380635105482144,6,55.0,2960
9.380729069537226,6,3.0,4481
9.38086042770214,1,4.0,6272
9.38103236214999,1,3.0,6273
9.381578967984268,7,6.0,3482
9.381578967984268,16,6.0,3482
9.381664118337302,1,7.0,6274
9.381957761829085,8,15.0,4595
9.382547025082665,10,55.0,3416
9.382815027204831,7,5.0,2250
9.382819599617282,1,2.0,6275
9.383004360415397,7,4.0,4457
9.383018895527679,9,3.0,3527
9.383112339555508,8,2.0,3013
9.383762374078383,7,3.0,791
9.384065095589612,6,7.0,4389
9.384239433331455,1,2.0,6276
9.384375610028973,1,5.0,6277
9.384854384713911,9,2.0,813
9.385158909769542,6,1.0,5859
9.385245574619738,7,3.0,2855
9.387643350674665,8,3.0,5941
9.387681966367655,1,14.0,6278
9.387753469484563,6,1.0,3946
9.388365522956855,6,1.0,6184
9.388555488676845,6,1.0,5843
9.388562663930541,7,17.0,2328
9.388575095064665,1,1.0,6279
9.388577092013286,10,10.0,4794
9.38918966618076,7,7.0,2223
9.389251019190432,6,5.0,5785
9.389577633608267,7,11.0,3785
9.390037527959937,1,9.0,6280
9.390102659606478,7,18.0,3616
9.390641773795176,1,4.0,6281
9.390898853154543,7,60.0,1788
9.391115278814171,6,7.0,4807
9.391133940296998,6,5.0,6186
9.391141126916288,7,59.0,458
9.391449612320951,1,28.0,6282
9.392240607026048,7,8.0,2914
9.392503135280508,7,4.0,3220
9.392779979809683,7,54.0,1719
9.392886765994483,9,59.0,680
9.393063354570428,6,6.0,5736
9.393230197460015,8,3.0,5426
9.39328292235312,1,19.0,6283
9.393976224386888,1,6.0,6284
9.394501269736939,1,7.0,6285
9.394692530276675,7,24.0,265
9.394734034144385,6,1.0,5567
9.39474780548821,7,4.0,3623
9.395581649911962,7,53.0,1414
9.395663712637937,6,3.0,4262
9.396157205760346,7,36.0,3720
9.396415435587938,6,3.0,5799
9.396492461683096,8,2.0,3124
9.397026519644266,6,5.0,4031
9.397121870530977,7,2.0,489
9.39838334144156,6,20.0,5335
9.398532285438007,1,2.0,6286
9.398865249459142,6,3.0,5974
9.399134083707379,7,20.0,2678
9.39939750524295,6,7.0,5996
9.39973626335134,7,3.0,2174
9.400440062914974,6,1.0,6082
9.40094601865447,6,6.0,4353
9.400960185462067,1,3.0,6287
9.401209483476327,8,59.0,1660
9.401276463081999,6,15.0,4805
9.401596347788603,1,6.0,6288
9.401650100046098,6,1.0,5583
9.401924501762721,1,3.0,6289
9.402161365162936,1,4.0,6290
9.402978218241687,6,1.0,5236
9.403126430846344,1,1.0,6291
9.403322289027518,7,5.0,5534
9.403554284541881,3,7.0,6292
9.403618675930263,6,4.0,4798
9.403771555537904,6,23.0,3514
9.403875367893287,7,57.0,1942
9.40395810000258,7,34.0,1957
9.404248438592923,1,3.0,6293
9.404855840499827,6,3.0,6170
9.40487174989753,9,4.0,1436
9.405034221465968,6,4.0,6164
9.405145155462728,7,2.0,2118
9.405274322670483,2,14.0,6294
9.405890176460526,6,2.0,4453
9.406310396921887,7,49.0,2086
9.406310396921887,16,49.0,2086
9.406387189259592,1,8.0,6295
9.406465333797309,9,6.0,1213
9.407147068835908,7,11.0,1064
9.407513171221574,7,9.0,1230
9.408046493533615,6,2.0,4244
9.408134079306523,1,11.0,6296
9.408134279176672,1,11.0,6297
9.408153175894007,8,11.0,3336
9.40824963577328,1,1.0,6298
9.4088825084311,6,42.0,3069
9.409145432604749,6,6.0,5147
9.409793593230228,1,3.0,6299
9.409942010390434,6,4.0,6147
9.41020277836006,7,14.0,2944
9.410540110027888,7,25.0,3092
9.411040666131278,7,1.0,1397
9.411604447682658,6,5.0,6039
9.412252157128535,7,2.0,4741
9.412575737735716,6,1.0,6050
9.41273095765461,7,12.0,3579
9.413069089532634,1,1.0,6300
9.413222984425722,6,3.0,3786
9.413243064021374,6,1.0,4944
9.413926245553803,1,3.0,6301
9.414213401367153,6,1.0,4962
9.414227781153027,1,15.0,6302
9.414283883523762,1,1.0,6303
9.41435288108897,6,2.0,2433
9.414454308119382,6,15.0,5465
9.414787678072928,7,4.0,4821
9.414929354646869,6,2.0,4205
9.415140982924287,7,26.0,4167
9.415262471485429,7,4.0,3143
9.41532527033282,6,3.0,6033
9.416115646056593,6,5.0,4953
9.4164634312734,1,1.0,6304
9.416498368730222,6,13.0,5589
9.416511513646219,6,6.0,6196
9.416928674874805,7,5.0,3726
9.417113190178974,1,1.0,6305
9.417556634460286,6,1.0,6158
9.417733777603772,6,8.0,5364
9.418497289228474,8,6.0,4060
9.418505353860109,1,2.0,6306
9.419026577585894,1,4.0,6307
9.419119438625748,6,5.0,6250
9.419538453621492,1,15.0,6308
9.419593669721541,9,2.0,1192
9.419876505621806,6,2.0,4108
9.420151973186968,6,2.0,6205
9.42037983051019,7,1.0,3071
9.420635706340706,1,3.0,6309
9.420770586813948,7,8.0,3857
9.420925870235537,7,1.0,2116
9.421313970199556,6,19.0,5934
9.421494787786619,1,4.0,6310
9.422335821554602,8,7.0,3913
9.422407624089232,6,6.0,5805
9.422712510357284,6,2.0,6212
9.423104832962192,7,6.0,3972
9.423227650030302,7,2.0,3012
9.423339177865959,7,11.0,3032
9.424118660746144,6,4.0,6138
9.424456212638185,1,3.0,6311
9.42478347063318,1,17.0,6312
9.425109506111673,9,32.0,2352
9.425187089864805,7,20.0,4113
9.425220655263459,1,5.0,6313
9.425549581772598,6,10.0,2805
9.425655588961261,6,1.0,6230
9.426046100759145,8,2.0,3322
9.426099115591954,6,4.0,3620
9.426139628788224,6,5.0,5971
9.426964277030915,1,9.0,6314
9.427115843795562,7,7.0,4036
9.42720446873418,7,46.0,3121
9.42721946548176,7,2.0,3389
9.427999569122527,6,25.0,4160
9.42819312244666,3,48.0,6315
9.428527369560193,9,42.0,3289
9.42853221591532,1,15.0,6316
9.428556233949259,7,2.0,2152
9.429225678952266,9,16.0,2807
9.429374920439521,7,9.0,4998
9.430639667630308,9,5.0,4651
9.430794558078901,6,4.0,2955
9.431281483317363,1,3.0,6317
9.431805661950744,6,2.0,5483
9.43182346859247,7,2.0,1914
9.431831920793762,7,6.0,2574
9.432285714116931,1,4.0,6318
9.432728631566809,6,6.0,4960
9.433559535301546,6,14.0,5374
9.434030842065043,8,2.0,3768
9.434530925470396,7,2.0,2297
9.43470370254861,7,47.0,2893
9.434974665131634,6,5.0,5198
9.435608588197965,8,1.0,5088
9.435646291930581,8,10.0,1944
9.435657411875802,6,5.0,3888
9.435768076920233,6,2.0,1443
9.436014995758057,7,1.0,4746
9.43624887707819,1,2.0,6319
9.436508642939618,8,8.0,5363
9.436770045861318,6,2.0,4411
9.437091910629938,1,2.0,6320
9.437150004982824,8,2.0,5350
9.437302814137528,9,2.0,2001
9.437904623826707,7,1.0,4419
9.438156396871433,7,46.0,1383
9.438198750477595,9,3.0,1282
9.438222509554727,1,6.0,6321
9.438372765046521,6,3.0,5701
9.438443385601373,8,3.0,4168
9.43909436758127,6,2.0,5821
9.439248402156917,8,2.0,4411
9.439502735376147,1,4.0,6322
9.439945439007266,1,5.0,6323
9.440038265969697,7,3.0,2324
9.440582371971717,1,11.0,6324
9.440610914452469,6,1.0,6225
9.44075468107779,7,60.0,2476
9.441740550493428,1,2.0,6325
9.441772967259599,1,4.0,6326
9.442291728905042,1,8.0,6327
9.442332081318497,6,3.0,5729
9.442348105645513,7,7.0,2507
9.442349180640218,7,41.0,2823
9.442529819223179,6,2.0,5825
9.442891089027684,6,7.0,5755
9.443824046208675,6,2.0,2329
9.443860385170883,2,5.0,6328
9.443988232790595,8,1.0,3634
9.444162201252885,7,49.0,4800
9.44416333470242,1,2.0,6329
9.44443281486843,1,12.0,6330
9.444878090787974,6,3.0,5965
9.445438605304105,8,38.0,5161
9.445454707148604,1,4.0,6331
9.445481192813148,1,3.0,6332
9.446189050858335,8,1.0,2976
9.446249574618495,6,8.0,4405
9.446419631811896,6,1.0,5530
9.446459629610104,6,11.0,5155
9.44647462646531,6,6.0,5383
9.446506644096505,1,2.0,6333
9.446565268547761,1,5.0,6334
9.446703269013046,7,1.0,2569
9.446951152390257,6,3.0,4352
9.447400139158159,9,3.0,4988
9.44759712455341,6,1.0,5081
9.448367540287721,8,16.0,4801
9.448419614053828,6,5.0,2642
9.44869703035268,1,2.0,6335
9.448728423830566,7,3.0,2584
9.449328354042052,7,12.0,4660
9.449425623772562,6,3.0,5950
9.450450431257519,1,15.0,6336
9.45057645741799,8,5.0,4682
9.450978781046427,7,56.0,1037
9.45102833940694,7,5.0,4313
9.451167170030875,6,33.0,4859
9.45119952249737,7,57.0,361
9.451263000025087,7,3.0,3171
9.451375463043343,6,1.0,3622
9.451391438272479,6,17.0,5448
9.451486972002266,1,3.0,6337
9.451532777897057,8,30.0,4909
9.451645402522766,9,11.0,4277
9.452029126110753,7,2.0,4014
9.452390952387203,6,5.0,5292
9.452531974603183,6,1.0,4751
9.452589041720401,2,10.0,6338
9.452976864912356,6,5.0,2966
9.453189127979321,8,1.0,4121
9.453438428852074,6,10.0,4831
9.453994276492708,7,2.0,2323
9.453994276492708,16,2.0,2323
9.454100901199663,7,12.0,1495
9.454468362630333,1,12.0,6339
9.45491358361087,6,2.0,6010
9.455028102245025,1,2.0,6340
9.45503955839462,1,3.0,6341
9.455231757818888,1,1.0,6342
9.455641523095313,7,38.0,2641
9.455954906472694,7,56.0,1290
9.456470513496477,7,3.0,2982
9.456628477616547,6,1.0,6134
9.4569766239604,9,32.0,356
9.457897694862611,1,1.0,6343
9.4580127580897,9,14.0,2045
9.458623195908405,7,7.0,3714
9.458936536286851,9,8.0,4598
9.459173036685396,6,8.0,5030
9.459334218946664,6,4.0,5526
9.459701142374321,7,1.0,4292
9.460067080774305,9,16.0,2333
9.46014127621842,9,30.0,2899
9.460440354974464,1,15.0,6344
9.460738354175593,1,14.0,6345
9.4607597088343,7,1.0,3083
9.461112919883753,6,4.0,6155
9.461406226555136,7,7.0,4069
9.461686815572428,1,1.0,6346
9.461931671931028,7,3.0,2869
9.462063328306446,6,10.0,6009
9.462621540500376,9,1.0,3618
9.462868362136726,6,3.0,6273
9.462888624416605,1,6.0,6347
9.46343711894965,9,1.0,4121
9.46349001220142,1,6.0,6348
9.464603553458454,6,6.0,4338
9.464607867877204,1,5.0,6349
9.464733990261546,1,13.0,6350
9.464971332082394,7,9.0,1939
9.465271266325516,7,4.0,4046
9.46562186162463,6,4.0,5326
9.465983525248681,10,9.0,6111
9.46660993654403,7,6.0,4509
9.466616378884831,1,48.0,6351
9.466740352643543,7,1.0,3990
9.467444767416353,1,2.0,6352
9.467613839007466,6,2.0,5928
9.468254405358184,8,24.0,3362
9.468260587269459,6,5.0,5531
9.46873512976908,9,4.0,2243
9.46875120838109,6,5.0,6014
9.468790152793716,1,6.0,6353
9.469104816752248,6,1.0,4087
9.469319223691452,8,1.0,1663
9.46971884437432,1,3.0,6354
9.469782071149892,7,4.0,2689
9.470158784796823,7,9.0,1347
9.470778620737507,7,7.0,4522
9.47087624748837,7,3.0,3379
9.471050880722736,8,5.0,904
9.471089866594578,1,1.0,6355
9.47156637443363,1,6.0,6356
9.471672102729443,7,4.0,3093
9.471672102729443,16,4.0,3093
9.472385569171788,8,4.0,4755
9.47244913989293,1,7.0,6357
9.472695214513777,1,13.0,6358
9.472758081840443,7,6.0,3463
9.47331307530592,9,16.0,2608
9.474261838048264,6,20.0,5837
9.474420458873766,7,57.0,2144
9.474610459784268,6,48.0,4177
9.474612756459761,9,1.0,2976
9.474816084461251,8,1.0,3525
9.474890120939483,1,2.0,6359
9.475392023587512,1,3.0,6360
9.476190508731527,1,3.0,6361
9.476610488125841,1,3.0,6362
9.47670525937756,6,1.0,6053
9.477240526165419,1,8.0,6363
9.477815056379859,7,59.0,2365
9.478116988748805,7,6.0,2530
9.478422165862543,7,2.0,3294
9.478835179374709,7,31.0,4326
9.47891614987525,7,1.0,2424
9.478979260315636,1,3.0,6364
9.479097081367952,8,36.0,2895
9.479138991869295,6,11.0,3421
9.479370486425138,9,3.0,3175
9.479679174588474,7,17.0,2562
9.479801925698514,7,3.0,2085
9.479885843030525,1,1.0,6365
9.48014795901802,6,39.0,5680
9.480265788617793,1,18.0,6366
9.48044586499944,6,23.0,4954
9.481036948326613,7,53.0,1488
9.481129260173462,7,54.0,587
9.4813528028147,1,2.0,6367
9.481601337999479,7,34.0,2394
9.481918050457951,7,21.0,1481
9.48195828365067,7,1.0,3276
9.482009243705011,7,4.0,4870
9.482530523380964,2,2.0,6368
9.483063397642239,1,7.0,6369
9.483088390252354,1,10.0,6370
9.483114554553758,7,8.0,1646
9.483214247484689,6,2.0,4232
9.48322611496241,6,3.0,5844
9.4834728745723,6,1.0,5679
9.483533560316392,8,14.0,3603
9.48353797137985,8,5.0,5636
9.483746657590483,1,8.0,6371
9.483952689798357,9,5.0,4652
9.483966050495951,6,7.0,5401
9.484858983624973,1,2.0,6372
9.4850678693934,6,5.0,5126
9.485534595130252,6,3.0,4899
9.485981862195267,7,37.0,3684
9.48664179011946,9,3.0,5345
9.486783092491237,7,1.0,4269
9.487229703613924,1,4.0,6373
9.487631635568029,1,6.0,6374
9.48803182552678,9,3.0,3015
9.488219004787773,6,1.0,5293
9.488307359763851,6,4.0,4332
9.48930823588654,16,5.0,2890
9.489860857389377,1,8.0,6375
9.489865458122129,7,13.0,5047
9.49042895953474,8,5.0,5911
9.49052497025173,6,2.0,5580
9.49056362643285,8,22.0,4720
9.490757964233271,7,2.0,4043
9.490926810872592,6,10.0,6144
9.490937218111942,1,17.0,6376
9.491196133658274,1,3.0,6377
9.491571136621035,8,9.0,1953
9.491960630646531,7,8.0,3490
9.492223671563686,7,8.0,2746
9.492551546187794,7,22.0,2556
9.492585343288136,1,10.0,6378
9.493266598986807,7,3.0,3777
9.493584233258527,6,1.0,5387
9.494152541102617,6,2.0,5977
9.494174009292513,7,5.0,3788
9.49442877324148,7,6.0,2244
9.494795563554877,1,1.0,6379
9.494921843662386,7,51.0,1887
9.495079862157889,1,2.0,6380
9.495790265590873,7,6.0,3730
9.496679217151636,7,2.0,2337
9.496704578486518,6,1.0,6043
9.497868430190353,1,1.0,6381
9.497875206442405,1,13.0,6382
9.49797199617937,9,4.0,2729
9.49808982886874,7,3.0,1382
9.498102688965634,8,13.0,5323
9.498112871945812,6,22.0,3353
9.498311836828472,7,18.0,2364
9.498351125639614,6,6.0,5502
9.498509933202067,1,2.0,6383
9.499228949587204,6,8.0,4938
9.49935335798304,8,41.0,1941
9.499603368354972,1,8.0,6384
9.500533230569035,1,2.0,6385
9.500581429595076,1,11.0,6386
9.500650504198607,6,29.0,4843
9.50097566627306,1,10.0,6387
9.501631688138067,1,4.0,6388
9.501903637909004,1,3.0,6389
9.502074761156628,7,14.0,3624
9.502119447973456,6,1.0,6139
9.502168879673377,1,1.0,6390
9.502269732662953,7,5.0,363
9.50320441355412,6,1.0,4861
9.50357496278586,8,1.0,2663
9.503679484278297,8,1.0,2720
9.503811323777589,1,1.0,6391
9.50417615356492,9,5.0,2635
9.504311859673102,6,24.0,5325
9.504425972879313,7,3.0,2706
9.504601269999576,9,1.0,4661
9.504658373418604,6,6.0,5159
9.505359701067627,8,1.0,2074
9.505616267610488,6,46.0,5487
9.505743128308056,6,16.0,5851
9.505912104714424,6,5.0,6095
9.506024992029486,6,6.0,4649
9.506077958917853,6,23.0,3843
9.50632298956067,1,6.0,6392
9.506501373285088,6,7.0,5905
9.506668123621463,9,43.0,3693
9.507467777300254,7,7.0,3365
9.507645138825854,9,16.0,2376
9.508318103379803,1,17.0,6393
9.508363965150007,6,4.0,5900
9.508491710300351,1,2.0,6394
9.509299879638506,6,2.0,6026
9.509393215759772,7,5.0,4672
9.510505665002025,7,59.0,3229
9.510638927975563,7,1.0,706
9.510931857981152,7,59.0,2191
9.51106922453684,7,2.0,2548
9.511393023698831,7,3.0,4231
9.51244563215977,7,23.0,704
9.512825470532702,6,6.0,6321
9.512980372328405,6,8.0,6237
9.513025152842921,6,3.0,5432
9.513064341376754,8,9.0,1500
9.51306951954481,7,1.0,5077
9.513187520200985,9,4.0,1239
9.513917049852619,9,18.0,1245
9.514075072464673,8,2.0,5430
9.514423185929598,6,43.0,3204
9.514706302879668,7,9.0,3414
9.514707810701843,7,6.0,2356
9.514936301998167,2,12.0,6395
9.515149659963871,6,1.0,5433
9.515222974506367,7,1.0,4713
9.515245389248594,6,8.0,6327
9.51803619266335,1,1.0,6396
9.518081287598958,6,8.0,6363
9.51835345613427,6,10.0,5792
9.518362075547483,6,40.0,5235
9.518464605647187,6,3.0,2803
9.518684275980828,7,4.0,3832
9.518855925103404,7,1.0,2983
9.51922501261152,1,1.0,6397
9.519263860984347,7,7.0,4662
9.519363957893216,6,4.0,5742
9.519550522018868,6,3.0,6013
9.519732805740853,1,2.0,6398
9.520171221142615,1,7.0,6399
9.520200168095883,7,10.0,3257
9.52061225314397,7,3.0,3200
9.520634001412743,8,3.0,1915
9.52078065034382,7,33.0,2402
9.520922162455015,9,29.0,1013
9.521022212256009,7,7.0,4248
9.521024128734341,6,8.0,6029
9.521103121463021,6,14.0,4622
9.521418683926234,3,51.0,6400
9.521470999493816,7,5.0,4342
9.521471044190546,7,1.0,3817
9.52154557109561,1,1.0,6401
9.52156103093375,6,5.0,2741
9.522407946145481,6,5.0,5760
9.522560587250858,6,16.0,4594
9.522665959347604,6,10.0,5870
9.522740169898674,1,30.0,6402
9.523018117537568,1,1.0,6403
9.523203458683973,7,1.0,4237
9.523976631755655,6,9.0,5595
9.524040927713147,1,8.0,6404
9.52440968841615,1,1.0,6405
9.52490514431733,1,1.0,6406
9.525021052697937,6,15.0,2691
9.525103757545232,9,5.0,2369
9.525283670178284,3,9.0,6407
9.52541836050759,6,3.0,6226
9.525522891120488,6,2.0,6224
9.52568812884118,6,7.0,5171
9.525772348348454,1,16.0,6408
9.525932747272355,6,2.0,5010
9.52596240613037,8,5.0,5531
9.526202851658947,7,6.0,1457
9.52655501622963,6,8.0,6150
9.526821084709653,7,1.0,4385
9.528150069115792,1,1.0,6409
9.528397041197202,6,28.0,6183
9.528589847240834,7,6.0,2784
9.528593591369486,7,30.0,2252
9.528901869257139,1,4.0,6410
9.529101086863914,6,19.0,6283
9.529332764993468,6,3.0,5347
9.529376454742245,7,2.0,2046
9.529539275901659,6,2.0,5861
9.530103879958762,6,37.0,5429
9.530678366244494,8,15.0,3659
9.53072148151849,1,2.0,6411
9.53092076458633,6,3.0,5814
9.531284054727859,6,5.0,5197
9.531433732154852,9,3.0,2354
9.531525015819664,6,3.0,3800
9.531627624763024,7,2.0,1541
9.531888648668502,7,4.0,4070
9.532285286047571,7,8.0,3897
9.532493883813759,6,1.0,5866
9.532775573696265,7,6.0,5375
9.53319847229886,6,4.0,5290
9.533712944000998,7,1.0,1066
9.534156067485766,2,17.0,6412
9.534193722302128,6,4.0,5615
9.53470302940459,8,13.0,4667
9.534980291701414,1,14.0,6413
9.53529738217161,1,12.0,6414
9.53531542746184,9,19.0,3047
9.535971830615225,7,32.0,2432
9.536007776451797,1,2.0,6415
9.536243630032912,7,4.0,1986
9.537004307568823,6,3.0,4236
9.537053575450145,1,4.0,6416
9.537195167088665,9,4.0,4080
9.537196377208152,7,6.0,5065
9.537373993999614,2,8.0,6417
9.537468846480131,1,3.0,6418
9.537697996971762,7,34.0,3057
9.537874820839868,7,9.0,1722
9.538099039689227,6,2.0,6187
9.539443283391986,1,19.0,6419
9.539527406159301,1,7.0,6420
9.539830877274511,7,4.0,2953
9.540217932227609,6,8.0,6269
9.540437976542222,6,56.0,3089
9.540885600882772,1,2.0,6421
9.54117734843585,9,2.0,3124
9.54182663679148,6,6.0,6117
9.542265381335845,1,3.0,6422
9.542291013643577,6,3.0,4410
9.54236381549037,6,5.0,6277
9.542548142250949,8,2.0,5080
9.54367502333328,6,1.0,6094
9.543682245453686,1,10.0,6423
9.545032278766648,6,2.0,4693
9.545592073982956,6,1.0,3630
9.545907561737899,6,2.0,6201
9.5459580317928,7,26.0,3803
9.546742533862549,7,5.0,4670
9.546972917496209,7,7.0,2053
9.547173947132439,7,5.0,2612
9.547916789320197,7,14.0,3642
9.547921770856677,6,8.0,6417
9.548411490282641,6,5.0,4795
9.54844064233976,9,16.0,1259
9.54844064233976,16,16.0,1259
9.54872117480894,7,2.0,1926
9.548962671991514,6,3.0,5160
9.549388818502583,6,5.0,3087
9.549664128408363,6,12.0,453
9.54971252251513,6,3.0,6040
9.549744299504034,1,2.0,6424
9.549813854965311,1,6.0,6425
9.550956161835721,7,40.0,2302
9.551219916658729,1,1.0,6426
9.551534842813144,7,2.0,2609
9.551893791894473,7,7.0,4655
9.551940194481377,6,24.0,5297
9.552138819003904,7,5.0,3193
9.552426625579521,7,58.0,2867
9.55253920942892,6,26.0,5611
9.552831204287855,1,1.0,6427
9.553391474745093,6,14.0,6413
9.553654354559471,9,2.0,1706
9.553654376405623,1,2.0,6428
9.554360821112999,9,2.0,3818
9.554401285474917,1,1.0,6429
9.554541120567293,1,2.0,6430
9.554944347149625,7,6.0,2936
9.554970082898368,1,4.0,6431
9.555117853330174,1,6.0,6432
9.555401845323994,8,6.0,5502
9.555534016744101,6,4.0,5985
9.555696399944903,1,2.0,6433
9.555885002433497,8,3.0,5638
9.556363851692453,1,1.0,6434
9.557106194658571,6,2.0,6383
9.557329355581851,7,1.0,2436
9.557691654255088,7,3.0,3130
9.55778056184099,1,2.0,6435
9.55822967799147,7,20.0,3224
9.558337066431598,6,3.0,5050
9.558349687322435,1,6.0,6436
9.558446318981057,7,12.0,3341
9.558897948676877,1,1.0,6437
9.559897214070514,6,3.0,6332
9.559944478731849,1,11.0,6438
9.560003033233777,6,9.0,4551
9.560025887582906,7,11.0,4188
9.560035259767389,1,5.0,6439
9.560303310468218,7,3.0,2682
9.560374775940494,1,3.0,6440
9.560536774428327,1,1.0,6441
9.561386470718864,6,4.0,5968
9.561798353474275,7,3.0,4159
9.5621892059363,6,5.0,3477
9.562254869629022,6,3.0,1569
9.562650374389706,1,18.0,6442
9.563484450754421,7,3.0,4701
9.563532612144803,1,3.0,6443
9.563597723904696,6,2.0,6265
9.563921315246622,7,4.0,558
9.564208888047823,6,7.0,4315
9.564403635045803,7,4.0,5071
9.564829216945006,7,2.0,1772
9.565642240155375,6,31.0,5582
9.565777274868864,6,16.0,4774
9.565816745805963,6,5.0,5648
9.56605780113656,9,2.0,3275
9.566108131935076,8,41.0,5106
9.566471383255521,6,21.0,3886
9.567771788945869,6,2.0,6411
9.567852303683551,7,2.0,4355
9.567887947149888,7,1.0,2793
9.568156947231582,7,4.0,3081
9.56860769831713,1,3.0,6444
9.568924332078772,9,48.0,2209
9.568937386735422,7,3.0,4011
9.569368099491635,6,10.0,6338
9.569697782700159,1,3.0,6445
9.57067018407371,6,2.0,6385
9.570920712647961,7,2.0,3862
9.571385216641914,1,2.0,6446
9.571735786125792,1,1.0,6447
9.572058121040687,1,2.0,6448
9.572071197296934,6,6.0,4388
9.572345576679401,7,3.0,712
9.572556398233171,1,4.0,6449
9.572830340396402,1,1.0,6450
9.572869465253952,6,2.0,4281
9.573036082799497,6,7.0,4185
9.57385603145308,1,3.0,6451
9.574089346033665,6,5.0,2277
9.574313438739376,6,1.0,4591
9.574557114440099,6,12.0,5274
9.574621698639207,7,4.0,673
9.574947254405764,1,1.0,6452
9.575143151426,6,1.0,5556
9.575224013898362,7,10.0,3928
9.575340157434873,6,3.0,4699
9.575419130406878,1,1.0,6453
9.576378046273904,7,2.0,5219
9.576538382294842,6,9.0,5993
9.576761237254969,7,1.0,5086
9.577447410619497,1,5.0,6454
9.577830174915498,1,1.0,6455
9.578108786897099,1,2.0,6456
9.578263546412824,6,6.0,6353
9.578836055585901,6,4.0,4872
9.578904516351134,7,8.0,4429
9.579673725345621,9,1.0,3580
9.579771369966883,6,5.0,5415
9.579778287319087,7,52.0,2103
9.579854655914794,6,18.0,5549
9.580085275042505,7,3.0,1285
9.580602023532254,6,11.0,6214
9.580618526769637,1,4.0,6457
9.580674187502936,6,6.0,5951
9.581337785172309,7,7.0,2183
9.58380554511947,7,3.0,5319
9.583810661916058,9,2.0,1396
9.583908738585167,1,3.0,6458
9.584020588338474,6,5.0,5944
9.584459322551094,6,1.0,6403
9.584502408209065,7,2.0,4066
9.584601662178967,6,2.0,5860
9.584665407045593,6,1.0,6405
9.5848638891226,1,19.0,6459
9.585105865018566,6,2.0,4334
9.586026495117126,7,3.0,1979
9.586148623290233,1,9.0,6460
9.587072773257786,7,51.0,1827
9.587190554582024,6,10.0,2343
9.58727601243344,9,18.0,4164
9.588390092487122,7,44.0,2005
9.58857827523679,6,4.0,4261
9.588615168868277,1,2.0,6461
9.588675006034137,6,8.0,6252
9.589600690199793,1,1.0,6462
9.590595498776281,7,1.0,2526
9.590618634147217,8,2.0,5855
9.591163235021302,6,11.0,6297
9.591339769470776,7,15.0,3758
9.591684365666683,6,2.0,6275
9.592699649735781,1,34.0,6463
9.592948499722752,6,2.0,4711
9.593641461441086,1,34.0,6464
9.593705356206009,7,10.0,2771
9.594112829731237,6,2.0,5915
9.594294836775026,1,2.0,6465
9.595146860985059,7,25.0,1441
9.595716675583564,9,60.0,3420
9.595727413982164,6,5.0,3707
9.596795883286676,1,9.0,6466
9.597118969896822,7,3.0,2015
9.597194208355852,6,3.0,4404
9.597197016138956,7,6.0,1889
9.597395955678218,7,58.0,1311
9.598277243421208,6,3.0,5548
9.599736373650787,6,6.0,6348
9.599795889637926,6,5.0,4045
9.600720521494935,1,7.0,6467
9.6013346970378,6,6.0,6081
9.601417402121616,7,1.0,2616
9.60186941799432,7,14.0,3748
9.60203328573511,6,2.0,6216
9.602333536683087,6,2.0,5848
9.602504750256779,1,1.0,6468
9.602545846153488,6,6.0,6055
9.602626758776061,7,24.0,858
9.602689640170775,1,2.0,6469
9.602956052346459,6,12.0,4125
9.603198825135868,1,14.0,6470
9.603550082142487,1,1.0,6471
9.603601807394579,1,2.0,6472
9.60365170002483,1,8.0,6473
9.603699920738203,6,1.0,4012
9.603921397713876,6,3.0,5027
9.60465161757562,7,1.0,4191
9.60466881924261,1,2.0,6474
9.605060308680754,7,3.0,1598
9.605162722777653,9,4.0,487
9.605254114047206,7,1.0,3755
9.605529926694585,1,25.0,6475
9.606013047533306,7,13.0,1205
9.60669192537308,8,3.0,2795
9.606898453834857,6,5.0,6096
9.606990888069163,6,16.0,5949
9.6078407163677,9,5.0,866
9.607875783476015,7,5.0,4576
9.607917324029382,6,40.0,5990
9.60818953850541,6,8.0,5716
9.60898621208836,9,3.0,1808
9.609203131810602,9,3.0,3821
9.609685142576057,1,5.0,6476
9.60974752213779,8,18.0,5549
9.609772056771751,1,3.0,6477
9.609908922630744,8,44.0,6032
9.610144427878339,6,1.0,5174
9.61030313538332,7,2.0,1707
9.610440090715231,7,5.0,3107
9.61134182134436,10,56.0,5819
9.611599236377815,6,5.0,2353
9.612064213839501,6,1.0,6303
9.6123495268746,7,3.0,4983
9.612397400096947,1,5.0,6478
9.612501539742748,1,2.0,6479
9.612929809507811,7,3.0,4134
9.613393099677971,6,14.0,4856
9.614129661794586,6,2.0,6075
9.614248117906406,6,1.0,5739
9.614784668135119,6,7.0,3494
9.614841292459696,7,3.0,3783
9.615151975401098,6,1.0,2730
9.615176717658388,1,2.0,6480
9.61526111933864,1,4.0,6481
9.616214793613057,7,12.0,4769
9.61622169034541,6,1.0,6259
9.616291992966634,7,27.0,5431
9.6171471560901,6,2.0,5265
9.61716617516456,1,1.0,6482
9.61722134094003,1,3.0,6483
9.619110014672737,2,21.0,6484
9.61918596888347,9,2.0,3013
9.619291586051768,1,3.0,6485
9.61930518580685,6,1.0,6305
9.619607747508871,6,5.0,6083
9.620051473497707,1,2.0,6486
9.620620442655449,6,5.0,5975
9.62078108329045,6,3.0,4436
9.62080697999258,9,1.0,2231
9.621438660807176,6,1.0,6215
9.621509168260827,8,11.0,4659
9.621670065169845,1,3.0,6487
9.621840879356986,1,52.0,6488
9.622375559561066,7,56.0,2260
9.622665028048123,7,1.0,4691
9.622828199435977,8,4.0,3311
9.622890378403644,7,2.0,3388
9.624049272387825,9,56.0,1301
9.62421536077967,6,5.0,5055
9.624461893254423,6,3.0,6131
9.62460066676309,7,3.0,1919
9.624670106405844,1,3.0,6489
9.625443963425813,9,35.0,973
9.625524559556677,7,46.0,379
9.626046178182982,1,5.0,6490
9.626188787457634,1,2.0,6491
9.626530239802017,6,1.0,5533
9.626733249574018,7,48.0,2307
9.626851792916707,6,5.0,4464
9.626950360702864,1,2.0,6492
9.627548252999205,7,44.0,4709
9.627634463214548,6,1.0,5986
9.628821959876664,1,4.0,6493
9.628922991298872,7,2.0,4180
9.629447313021643,2,3.0,6494
9.629511347948888,6,18.0,4235
9.630343112606345,9,5.0,1133
9.630430182416605,1,6.0,6495
9.631122513926556,8,2.0,5879
9.631159852873836,2,2.0,6496
9.631380947296334,6,2.0,6051
9.631739376413877,6,1.0,2646
9.632060398799878,6,2.0,5945
9.632891955765258,8,6.0,4137
9.63322437943981,1,1.0,6497
9.63339744305353,1,3.0,6498
9.63349347676926,1,8.0,6499
9.633598476720357,8,3.0,5610
9.633996701162223,9,2.0,938
9.634109218684012,1,3.0,6500
9.634822595958218,7,7.0,3436
9.635069642677593,8,1.0,5865
9.635093116733026,6,3.0,6002
9.635339018330392,6,8.0,5577
9.63566006703033,8,3.0,1648
9.636540220051923,6,8.0,5386
9.637858856605536,7,45.0,1637
9.637946241992559,7,51.0,3098
9.639133293380532,7,3.0,3056
9.639147996957526,6,2.0,6306
9.639194219212285,7,3.0,2554
9.63927223942824,8,6.0,4633
9.639626109284942,6,6.0,3006
9.639912012633289,9,2.0,4601
9.640021314480704,1,18.0,6501
9.64090486817584,7,2.0,1657
9.64114539378131,7,20.0,2506
9.641195779339144,8,43.0,346
9.641271479305807,6,4.0,4568
9.641556429542053,9,7.0,4780
9.641608334556405,6,1.0,4788
9.64167680894223,6,2.0,5015
9.641820507980594,1,1.0,6502
9.643250171222551,7,47.0,1246
9.643317600547674,1,2.0,6503
9.643341536591794,8,3.0,5889
9.643511095590357,1,4.0,6504
9.643689105819771,6,4.0,6449
9.643813987629159,7,19.0,3291
9.644212290473712,6,5.0,3240
9.644333298732047,7,23.0,3912
9.644482172950681,1,2.0,6505
9.644500303125326,6,1.0,6246
9.645434099317974,6,2.0,4819
9.645821786079608,7,27.0,3102
9.64616122372856,6,5.0,5437
9.646174356324282,7,2.0,2021
9.646221898343848,6,4.0,6272
9.64647945997735,1,1.0,6506
9.646522457632804,1,1.0,6507
9.647472917840517,7,2.0,3483
9.647761554725816,1,6.0,6508
9.647877941991377,1,1.0,6509
9.648410920180565,1,12.0,6510
9.648522671945987,7,2.0,1405
9.649447481009217,1,1.0,6511
9.649834400183895,7,13.0,2927
9.649874984231637,6,2.0,5932
9.65026334341948,1,2.0,6512
9.650801853654448,8,14.0,5028
9.650859166326882,6,6.0,5947
9.65088163404534,7,9.0,4082
9.65089281703052,8,2.0,4889
9.650992176205543,1,3.0,6513
9.6513390860225,1,5.0,6514
9.651869292172766,9,3.0,4829
9.652083489669629,7,1.0,4525
9.652565328540247,7,1.0,4981
9.652911063703876,6,3.0,2883
9.6532138648196,1,22.0,6515
9.653215844192076,6,11.0,6020
9.653837842636243,9,2.0,2502
9.654221753700476,6,32.0,6247
9.654283842830356,1,12.0,6516
9.655379312860752,7,53.0,2781
9.655412751264846,7,5.0,5017
9.656355862471747,1,6.0,6517
9.65664048941216,6,7.0,5788
9.656814390685561,7,8.0,3021
9.65707591277777,6,1.0,6511
9.657215354813806,1,6.0,6518
9.657222054459199,1,6.0,6519
9.657338453636163,1,1.0,6520
9.657759922747154,8,16.0,4452
9.658063435845376,6,13.0,2623
9.658180779672609,8,1.0,4532
9.658400368506378,8,42.0,2543
9.658735689555176,6,8.0,4265
9.658973871134624,6,9.0,5423
9.659046667120675,1,10.0,6521
9.659382778992107,6,6.0,4867
9.659394427946339,7,2.0,3975
9.660556121480086,7,1.0,5823
9.660649331911353,7,10.0,5286
9.661006576863675,6,5.0,6334
9.661024138700238,8,5.0,3385
9.661092025473058,7,2.0,4053
9.661690218024908,8,29.0,5920
9.66190809112853,6,12.0,6516
9.662015539252163,7,1.0,1331
9.66256807459824,7,16.0,3722
9.662661152412324,8,5.0,6014
9.662943986213191,6,24.0,5896
9.66378156462464,7,1.0,4215
9.6639767496697,6,8.0,5886
9.664419058336168,1,1.0,6522
9.664545925310357,7,3.0,3824
9.665167711298361,1,6.0,6523
9.665423643262837,6,2.0,6012
9.665529391248059,9,3.0,5422
9.665690992128068,1,5.0,6524
9.666508503404213,7,10.0,2406
9.6666625128364,6,14.0,5304
9.666737960379447,6,3.0,3394
9.666889982829076,1,2.0,6525
9.667406489771079,6,4.0,6318
9.66757595226655,7,47.0,1778
9.667659653405394,6,19.0,4733
9.667863980743789,6,57.0,4438
9.6681630524624,6,10.0,4635
9.668588551887114,6,5.0,5758
9.668633277570125,8,38.0,2639
9.668736191098436,1,1.0,6526
9.669025519325924,1,1.0,6527
9.669058262307296,6,19.0,4414
9.669322168218164,6,1.0,5720
9.669323698777037,1,16.0,6528
9.669419678256054,6,2.0,5025
9.66955504856861,6,2.0,5731
9.669602967535752,1,5.0,6529
9.669998379607375,6,2.0,5646
9.67007490917679,7,5.0,2076
9.670178201029112,9,33.0,628
9.670400532378402,9,4.0,4752
9.670563941874647,6,7.0,6133
9.670891746079377,1,6.0,6530
9.67103068295632,6,19.0,6459
9.67134659917689,8,4.0,3027
9.671520389447343,7,1.0,5619
9.671760258757772,7,14.0,4171
9.67183064635908,1,3.0,6531
9.671896598777167,6,3.0,6070
9.672559137741558,7,5.0,2034
9.672751750699248,1,1.0,6532
9.6731750343651,6,12.0,3592
9.673513702311382,7,54.0,2719
9.673558475550399,6,15.0,5459
9.673733235851161,7,5.0,5340
9.673736449465231,1,24.0,6533
9.673909291104085,9,7.0,2490
9.674785107408368,7,45.0,3318
9.67521839389521,6,7.0,4888
9.675422016452977,7,4.0,3326
9.675607512989075,7,1.0,3248
9.67603965004777,1,4.0,6534
9.676316619983814,7,53.0,3909
9.676362431295384,1,1.0,6535
9.67668969472737,7,3.0,4802
9.677412909930663,9,27.0,2681
9.677489721015299,8,41.0,546
9.677491222534822,7,2.0,810
9.678639570944613,7,3.0,3708
9.67868719859494,1,1.0,6536
9.678713138412073,1,1.0,6537
9.678999488747428,6,6.0,4825
9.679834000895838,1,1.0,6538
9.679892585497043,9,34.0,1998
9.679917187793185,7,7.0,3840
9.680994875092678,1,4.0,6539
9.681190531604388,6,2.0,4001
9.681454966276327,8,10.0,4447
9.682158501235282,9,43.0,4030
9.682241135177833,7,4.0,2509
9.682429512692307,6,9.0,6466
9.683062992893541,6,8.0,6499
9.683163833216943,7,1.0,4541
9.683500607934413,1,7.0,6540
9.68387008329873,1,1.0,6541
9.683875495169575,8,1.0,1812
9.68389555093966,6,2.0,6446
9.683979817044346,7,3.0,4061
9.68400989736547,6,1.0,5700
9.68451981418682,1,12.0,6542
9.684572437127327,8,5.0,6096
9.684620880918628,6,1.0,4923
9.684703511214392,1,4.0,6543
9.684732128000007,6,1.0,6506
9.684846357402016,7,7.0,3513
9.685084584443894,1,5.0,6544
9.685145304401782,6,4.0,6193
9.68521414607718,7,12.0,2897
9.685638775742325,6,7.0,5936
9.686257635795071,6,6.0,4489
9.686591436062459,2,24.0,6545
9.686693941174363,6,2.0,6352
9.686725083787195,6,1.0,5909
9.686777422986262,6,1.0,2576
9.686995193272814,1,3.0,6546
9.687239903662125,1,6.0,6547
9.68741280144164,6,5.0,3270
9.68753396283068,6,1.0,5508
9.687553012636823,6,28.0,4032
9.688212291452512,8,18.0,3144
9.6883136580804,1,1.0,6548
9.688723611955295,6,5.0,5225
9.688751919995,9,35.0,5287
9.689210381803528,1,1.0,6549
9.689259162101381,1,1.0,6550
9.689338958394965,8,3.0,5216
9.68936749984287,7,2.0,3903
9.689431810625463,2,40.0,6551
9.689911873762732,7,8.0,4135
9.690009717880178,9,11.0,2659
9.690178302571022,7,22.0,3863
9.690377043677312,1,11.0,6552
9.690535503295552,7,18.0,4653
9.691154316952709,1,7.0,6553
9.691170540978296,6,12.0,6542
9.69197676334802,9,36.0,2884
9.692932674672996,6,2.0,6103
9.69337925421049,7,2.0,4310
9.693516323775377,8,6.0,4005
9.69394171625189,6,13.0,3446
9.694393309306056,1,7.0,6554
9.69471036690835,7,1.0,1268
9.694987101582523,6,2.0,5852
9.695118945384266,6,6.0,3784
9.69516564796832,7,1.0,3364
9.695372151306234,6,1.0,6175
9.695401497831028,6,25.0,3005
9.695617034969047,6,5.0,6514
9.695813011416659,7,59.0,2259
9.69608530052836,7,10.0,5367
9.69630099451031,9,4.0,2071
9.69637198038352,6,2.0,6368
9.697044717730126,6,2.0,5384
9.697285795536295,7,4.0,5116
9.697407995987296,6,16.0,6408
9.697688261314193,1,11.0,6555
9.698443288857275,7,3.0,2705
9.698882906719088,8,2.0,4340
9.698997004486253,6,6.0,5247
9.699018174781393,8,5.0,3240
9.699122224997371,6,33.0,4349
9.699405700342814,6,12.0,5305
9.699477832535623,7,23.0,4397
9.699907916284149,6,37.0,5390
9.700248608971878,6,5.0,6454
9.700252218557164,1,2.0,6556
9.700459958314635,7,7.0,2435
9.700661884587914,1,2.0,6557
9.701544264904914,7,6.0,3300
9.701875478887624,6,1.0,3885
9.702382943099089,1,7.0,6558
9.70240754643252,1,3.0,6559
9.702704959903349,7,6.0,4580
9.702723674477154,1,5.0,6560
9.702956770570223,9,46.0,1597
9.703342804412936,6,2.0,5524
9.703687167350022,7,12.0,825
9.703687167350022,16,12.0,825
9.704041377514834,1,1.0,6561
9.704165031203667,1,1.0,6562
9.7041737859858,7,59.0,1151
9.704434134747208,6,1.0,6177
9.704667556934421,9,7.0,3031
9.704728226879078,7,32.0,2000
9.704909147474943,7,2.0,5606
9.706072860405502,7,9.0,1896
9.70607914673339,7,2.0,2963
9.707100845224566,1,6.0,6563
9.707122933046202,7,5.0,2494
9.70715266370007,8,2.0,5938
9.707596707246072,6,11.0,5481
9.707969303493739,2,3.0,6564
9.708038735720983,7,3.0,2370
9.708200133295374,7,1.0,4203
9.708264430209352,1,52.0,6565
9.708272115657149,6,1.0,6406
9.708459336922704,6,5.0,6136
9.709260708846976,1,1.0,6566
9.709616511111918,7,7.0,3053
9.709872999592228,1,2.0,6567
9.709980845555638,8,2.0,5932
9.71022580430977,6,2.0,6286
9.710441029030724,7,2.0,4393
9.710465486503328,6,1.0,6231
9.71051450202722,7,39.0,2313
9.710527394234006,8,13.0,3591
9.710700582042817,6,8.0,6384
9.71089283312042,6,2.0,6102
9.711048814681607,6,2.0,4412
9.711280773203717,7,8.0,744
9.711330724575859,6,2.0,5250
9.71183392298714,1,2.0,6568
9.711958832851352,1,1.0,6569
9.713299236556438,7,41.0,5516
9.713586016947927,7,2.0,3535
9.713634252643555,6,50.0,3805
9.714158522690106,7,2.0,5243
9.715019062511534,6,1.0,5772
9.715074327462128,1,5.0,6570
9.715902696604022,9,3.0,1355
9.716158346131987,6,3.0,5378
9.71672797618119,1,14.0,6571
9.717936878079659,6,2.0,6433
9.718097087303743,1,4.0,6572
9.71838058698768,1,3.0,6573
9.718660523362292,6,15.0,6336
9.718970053711246,1,9.0,6574
9.719126872545761,1,10.0,6575
9.719129394319847,7,7.0,2009
9.71928298350307,9,9.0,981
9.71960861999432,1,4.0,6576
9.7199234238905,1,5.0,6577
9.720587084064364,6,2.0,5963
9.72062151975533,1,4.0,6578
9.720673619384632,9,57.0,3992
9.720792360063243,6,5.0,1149
9.72100441249855,6,3.0,6361
9.72127208867625,1,9.0,6579
9.721465936097836,1,1.0,6580
9.721475652244344,1,5.0,6581
9.721512429682761,7,2.0,4579
9.721880170128326,6,1.0,4288
9.722282268517136,1,1.0,6582
9.722289074567943,1,9.0,6583
9.722328777344245,1,1.0,6584
9.722448951857535,8,4.0,4898
9.722568560438424,1,1.0,6585
9.722760094513735,9,3.0,2348
9.722767707342792,6,4.0,6493
9.72300183158263,7,52.0,3308
9.72307498492044,6,24.0,4122
9.72351412855169,2,7.0,6586
9.723703772870877,8,1.0,4778
9.724251085289547,7,6.0,2881
9.724557785788008,7,4.0,3471
9.724672205561681,7,7.0,3999
9.724754223986729,7,3.0,4002
9.725243173138999,1,3.0,6587
9.725589514345522,1,5.0,6588
9.725744099422519,1,2.0,6589
9.72646616510322,1,2.0,6590
9.72668825715278,6,4.0,6416
9.726807898654696,1,2.0,6591
9.726839193336113,1,5.0,6592
9.726971042615682,7,5.0,4199
9.727191891935183,1,12.0,6593
9.727221211015067,1,3.0,6594
9.72811342506075,7,4.0,5228
9.728472358329475,6,1.0,4010
9.72850756513134,6,20.0,5885
9.729624447106875,8,5.0,3849
9.730128498198223,9,41.0,876
9.73036393340703,6,2.0,6591
9.730378889581024,6,3.0,6483
9.731878358786352,6,3.0,2585
9.732829674956292,1,5.0,6595
9.733447028127644,8,7.0,5258
9.733552083954704,7,5.0,3126
9.73404614448803,6,2.0,5458
9.734448384394248,7,45.0,2952
9.734662513688171,9,43.0,3128
9.734781662911962,1,2.0,6596
9.73508365148405,6,2.0,6491
9.735258865692192,6,5.0,4726
9.735737086889513,7,10.0,2453
9.735846532472678,7,1.0,1697
9.736278878654154,7,4.0,2991
9.736471315697722,1,2.0,6597
9.736920741893545,6,14.0,6278
9.737019112032055,7,4.0,2940
9.737111395700962,6,2.0,5489
9.737609612182425,1,3.0,6598
9.737949161757847,7,2.0,4756
9.73795362714672,1,2.0,6599
9.737982811842365,6,1.0,6391
9.738255265847775,1,1.0,6600
9.738923821824718,7,18.0,2636
9.738923821824718,16,18.0,2636
9.738970014303938,6,3.0,4091
9.739177546781336,1,7.0,6601
9.739204531081477,9,1.0,3850
9.73954916115636,7,60.0,1954
9.739719603339346,7,19.0,2788
9.739888551177819,6,6.0,2105
9.73991921748838,8,2.0,5514
9.740007667839127,1,1.0,6602
9.7404428508412,6,2.0,4356
9.74180610690388,6,4.0,6534
9.741827360416528,6,18.0,5735
9.742404299496355,1,1.0,6603
9.742836880876355,7,53.0,618
9.743096297334628,7,7.0,4976
9.743127356593428,10,57.0,6107
9.743807242396374,1,2.0,6604
9.743960272383264,1,2.0,6605
9.744573619810472,6,5.0,5708
9.744623771886394,1,1.0,6606
9.744956918293807,7,28.0,5419
9.745255117759543,1,5.0,6607
9.745262793337945,1,1.0,6608
9.745761550996658,6,2.0,6333
9.746032632290735,7,9.0,2748
9.74605924031451,6,5.0,6328
9.746441926661376,7,5.0,5156
9.746458018771014,7,15.0,4156
9.746458018771014,16,15.0,4156
9.746537027824202,6,1.0,3480
9.746746697654405,7,1.0,4293
9.74732422851966,1,3.0,6609
9.747362647455404,7,1.0,1059
9.747617333531865,9,11.0,3474
9.747787871346905,8,1.0,4221
9.748121992524336,8,24.0,5896
9.748373076991777,6,6.0,5987
9.74854017222314,6,10.0,3937
9.748927986298837,1,3.0,6610
9.748986182498214,7,2.0,4006
9.749085098102734,6,3.0,6489
9.749095754665404,6,2.0,6597
9.749358554554863,7,5.0,4540
9.749659865410598,6,1.0,4454
9.750195197951605,7,11.0,5912
9.750321864864166,7,3.0,2511
9.75110359434068,7,14.0,2545
9.751106618853619,6,3.0,2475
9.751171904900264,1,1.0,6611
9.75137349430234,1,7.0,6612
9.75189250142476,7,49.0,3347
9.7521663022747,1,6.0,6613
9.752223379194154,1,2.0,6614
9.752496318182565,1,3.0,6615
9.752525229092427,6,14.0,4815
9.752580611541022,9,11.0,4797
9.752748168610342,1,1.0,6616
9.752874477999814,7,1.0,2727
9.752904175494596,6,3.0,1354
9.753378447302822,7,2.0,1972
9.753400663687971,1,2.0,6617
9.754697300262553,16,8.0,414
9.75492618423818,1,6.0,6618
9.75493065230794,7,2.0,5192
9.754932463495752,1,4.0,6619
9.755168116476455,7,8.0,4422
9.75523429446708,6,2.0,4247
9.755260254030523,7,7.0,3202
9.755874684098215,1,6.0,6620
9.756152207183504,8,14.0,3820
9.757923821287427,1,2.0,6621
9.75806698342471,6,2.0,6435
9.758089866807605,7,2.0,4738
9.758388249909453,1,9.0,6622
9.758660217584302,1,4.0,6623
9.758701707051246,7,20.0,2838
9.759090122802064,6,2.0,6180
9.759149550326516,8,5.0,4610
9.759264201514107,6,4.0,5901
9.75948746259259,10,51.0,6400
9.759501885185053,6,8.0,2090
9.759622932357765,8,2.0,4638
9.760540714541701,7,3.0,5238
9.760678123449173,7,1.0,2843
9.761304921533126,1,14.0,6624
9.761377225324114,7,5.0,4204
9.761568671915876,6,1.0,6507
9.761570635006771,1,3.0,6625
9.761905593769098,6,29.0,6181
9.761977185718406,9,1.0,2839
9.762097518671768,7,1.0,3649
9.76260608635553,6,4.0,5472
9.762834623560106,7,6.0,1924
9.763494929724402,6,2.0,5587
9.763726706016824,9,3.0,5889
9.765242187147717,2,9.0,6626
9.76546845288746,1,6.0,6627
9.7657943250666,9,48.0,2713
9.766298860521584,7,12.0,3719
9.76642173555255,9,3.0,1692
9.76642173555255,16,3.0,1692
9.766639042467437,7,3.0,3723
9.766639042467437,16,3.0,3723
9.766766236212765,8,2.0,4607
9.766917488545605,8,5.0,3699
9.767125645184551,1,25.0,6628
9.767224135767737,7,55.0,2131
9.767252046045769,1,5.0,6629
9.767883739201242,6,1.0,5673
9.768328547889144,7,1.0,2041
9.768820656520026,8,8.0,4896
9.76888487500169,1,1.0,6630
9.769201380389262,9,1.0,4221
9.769235453159862,7,2.0,4042
9.769395664087556,7,36.0,915
9.769432135813805,6,5.0,4308
9.769741627504557,1,2.0,6631
9.770066556168663,7,6.0,5075
9.770275667902204,7,43.0,1275
9.77044843160494,1,3.0,6632
9.770516746634927,7,4.0,5493
9.77126755580885,8,9.0,5494
9.771454380574191,1,2.0,6633
9.771706602461826,7,17.0,2023
9.772103444276874,9,3.0,5426
9.772238186280806,7,1.0,4657
9.7726336028831,9,2.0,3846
9.772712336307897,7,8.0,3495
9.773057542669568,6,1.0,5642
9.773138983747518,7,2.0,3991
9.773388191745564,1,2.0,6634
9.773814382428599,1,12.0,6635
9.773930485346966,7,1.0,1933
9.774327607656932,7,8.0,4311
9.77494516310998,1,16.0,6636
9.775089012476588,8,1.0,2452
9.775643912466064,7,1.0,5558
9.775866611386926,1,7.0,6637
9.77593167348057,6,1.0,5444
9.776022510309069,7,3.0,5092
9.776203268197165,6,32.0,6003
9.77653666117967,7,1.0,3489
9.776681169642282,6,4.0,4727
9.776973424907448,6,3.0,5948
9.777074151988757,1,3.0,6638
9.777295017014904,1,1.0,6639
9.777675458423959,7,3.0,3914
9.777679392951372,6,12.0,6339
9.777819366851013,7,25.0,2864
9.777824605983014,6,1.0,6608
9.778194603628874,6,4.0,3435
9.778267681724461,1,5.0,6640
9.778337151847385,6,2.0,6421
9.7783659627481,7,3.0,3310
9.778423710963962,7,8.0,5183
9.778609765823894,6,2.0,5681
9.778840923325438,1,2.0,6641
9.779582218074166,6,11.0,6438
9.779651311480649,7,34.0,2582
9.779768707802827,7,2.0,2904
9.77983511157962,1,7.0,6642
9.78050981587801,7,1.0,5382
9.780528250715735,8,8.0,3750
9.781025929438881,6,12.0,6114
9.781065964967897,7,7.0,4044
9.781414867782956,7,7.0,5298
9.782077894745449,8,17.0,4068
9.782328334308136,7,8.0,931
9.782602862371554,9,2.0,4638
9.782646309821464,7,14.0,5573
9.783096756917466,6,3.0,5337
9.783521073455615,7,3.0,2539
9.783973975211778,6,2.0,6021
9.783996022835506,6,16.0,6636
9.78453021633898,2,59.0,6643
9.784682127006159,1,3.0,6644
9.784788288720115,8,3.0,4091
9.784997450676165,7,5.0,4630
9.785082383939315,7,40.0,3167
9.785330588238365,9,8.0,3750
9.785673482284778,1,2.0,6645
9.785772097362626,6,1.0,6084
9.78578682055666,6,14.0,4990
9.78596636236756,9,3.0,2795
9.786132560113641,7,9.0,2630
9.786233791704714,6,5.0,6570
9.786448227246222,7,3.0,4835
9.786969296476906,1,4.0,6646
9.787196533825977,7,2.0,1198
9.787352177464003,6,1.0,6582
9.787583458041844,7,4.0,1674
9.78851201906008,6,6.0,6547
9.7886433151681,7,3.0,5084
9.788915678206749,7,5.0,5212
9.789685074486966,7,6.0,5805
9.790026767537153,7,4.0,4589
9.790147957939544,6,2.0,6359
9.790270963269808,6,4.0,5722
9.790636951222346,6,4.0,6143
9.790649603612037,7,3.0,5119
9.790708691251583,6,3.0,6638
9.790877358473612,7,7.0,4534
9.790893414533809,6,5.0,6607
9.790923455670569,6,51.0,4351
9.790935236746328,7,1.0,3687
9.791408289244844,7,17.0,5239
9.79152244261626,1,1.0,6647
9.791585448822381,7,32.0,956
9.791927897561404,9,12.0,2491
9.791981850754578,6,3.0,6067
9.792412375918152,6,3.0,4034
9.792665503114149,7,8.0,5154
9.79299548929158,6,1.0,6462
9.793285071275227,7,5.0,4302
9.793312490981961,7,6.0,4362
9.79341816048537,7,42.0,3218
9.793659196596993,1,2.0,6648
9.794107802675176,6,2.0,6631
9.794446116398445,7,4.0,3852
9.795227788815561,9,1.0,2006
9.795385917478736,1,2.0,6649
9.795497944844424,7,3.0,5157
9.796314578148081,6,8.0,5512
9.796506176149032,1,5.0,6650
9.796677265700609,6,1.0,6584
9.796680119755711,6,1.0,6342
9.797096284707747,7,5.0,3415
9.797893853104327,9,9.0,5097
9.797971186424,6,5.0,6100
9.798133706797069,1,3.0,6651
9.798188590865536,2,51.0,6652
9.798354216094488,6,1.0,5110
9.798407116387803,7,17.0,4618
9.798674891446812,6,2.0,6480
9.798819212268354,9,5.0,4602
9.799077757000074,6,5.0,2515
9.799573546210288,6,13.0,5727
9.799865194964653,6,1.0,5654
9.800453082841862,9,1.0,1791
9.800558444908619,7,1.0,4301
9.80070962004597,6,2.0,5576
9.801340106322689,9,13.0,792
9.801865945603014,1,6.0,6653
9.802074198628487,7,2.0,4777
9.802472715610085,6,15.0,4099
9.802496494865228,6,3.0,6458
9.802782052594614,6,5.0,5349
9.802869662700918,6,5.0,6544
9.80311329037942,6,3.0,3423
9.803175008506862,7,14.0,4027
9.803362958513617,1,1.0,6654
9.803548077543033,9,12.0,4294
9.803642979228306,6,21.0,4131
9.803892946290675,1,4.0,6655
9.804492842562924,6,7.0,6274
9.804901729772764,1,5.0,6656
9.80511979003214,6,2.0,6019
9.805316284917119,7,15.0,6076
9.805547303943158,7,41.0,513
9.805904934647682,7,40.0,1320
9.80624920121711,9,5.0,4192
9.806511800857495,8,2.0,6275
9.806594485265512,9,7.0,3944
9.806997960701224,1,7.0,6657
9.807141008497624,6,7.0,6369
9.807475308937173,6,20.0,5248
9.807633372518108,6,3.0,6015
9.808009111806495,7,53.0,2124
9.808204355349929,7,40.0,4771
9.808584435290255,1,2.0,6658
9.80948559621876,7,5.0,3536
9.809727106915132,1,3.0,6659
9.810246316735947,7,34.0,3798
9.81032112189102,6,2.0,6066
9.810440693452964,1,20.0,6660
9.810873574888124,6,9.0,5616
9.811191211964426,1,1.0,6661
9.811444579980535,7,21.0,3886
9.811626087637057,8,3.0,5935
9.811657350104053,6,1.0,5420
9.811877027992686,6,5.0,6629
9.812420138710568,9,6.0,568
9.81266704735593,7,5.0,4739
9.81288424759636,7,3.0,3269
9.813669099565791,6,3.0,5369
9.813706797016584,1,3.0,6662
9.814299399429242,7,10.0,1454
9.814300756320353,6,6.0,5467
9.81440928573883,7,3.0,2407
9.814594002396507,7,5.0,3984
9.81508359625023,7,2.0,5056
9.815222516652721,7,14.0,4041
9.815404246594467,6,5.0,6560
9.8155942982164,7,3.0,3851
9.816591038623033,9,38.0,2427
9.81662296201333,10,48.0,6315
9.816709515156361,7,1.0,4337
9.816713084761034,6,5.0,5586
9.816810101093655,8,7.0,4912
9.816839864402194,7,6.0,3941
9.81700488652353,7,24.0,4328
9.817393372691377,1,10.0,6663
9.81791541014249,7,2.0,3488
9.817995450380808,1,2.0,6664
9.81805780927627,7,4.0,4398
9.818161589322946,1,6.0,6665
9.81839234199076,6,1.0,6502
9.81851549889507,6,1.0,6497
9.818975041144578,6,2.0,6641
9.819152332774708,1,1.0,6666
9.819242417118998,6,2.0,5782
9.819313285628557,7,7.0,4762
9.819792709966004,1,5.0,6667
9.820189696779352,6,2.0,6325
9.820363700718062,7,1.0,2493
9.820430955847034,1,2.0,6668
9.820544374407884,6,6.0,6627
9.820754027840113,7,48.0,2833
9.820757963209768,9,2.0,3528
9.820918570176563,1,9.0,6669
9.821022579664554,6,5.0,5746
9.821508965183419,6,2.0,5661
9.821588956423868,1,8.0,6670
9.82170802103132,7,1.0,3688
9.821951822227579,8,5.0,2316
9.821984087384289,1,7.0,6671
9.822232270295348,7,3.0,1773
9.822238387208994,6,10.0,5982
9.82224117331255,2,56.0,6672
9.822393728254387,7,41.0,1840
9.823475212804036,7,44.0,1977
9.824304178181418,6,3.0,6036
9.824310264613771,8,2.0,4205
9.82462104579771,7,11.0,5279
9.824659017099716,1,14.0,6673
9.824851563997097,8,2.0,6093
9.824964942979074,7,21.0,3000
9.825322693808154,6,1.0,3305
9.825711761107248,7,13.0,4184
9.825868036839282,7,3.0,4853
9.82588007347927,8,4.0,3656
9.825939509984911,7,42.0,3209
9.826011020305616,1,4.0,6674
9.826061197727153,1,3.0,6675
9.826656715205111,8,8.0,6252
9.826659157414584,1,6.0,6676
9.82784546585717,6,1.0,3405
9.82789833027447,1,2.0,6677
9.827905140969671,6,3.0,6206
9.828532870793438,1,1.0,6678
9.82894595973232,8,3.0,4753
9.829068952496472,6,4.0,5699
9.82970521541081,7,2.0,4370
9.829839047360565,6,3.0,6531
9.829997704636625,1,5.0,6679
9.830058968527734,6,39.0,4808
9.830275079791061,6,4.0,5551
9.830531191777428,1,1.0,6680
9.83075782502146,6,4.0,6504
9.83089674802849,1,1.0,6681
9.831818056564687,1,18.0,6682
9.832162392288778,1,2.0,6683
9.83216631822891,6,1.0,6468
9.83240556923359,1,2.0,6684
9.832428099978488,6,2.0,6456
9.832462560919922,7,5.0,2279
9.832605059535348,7,2.0,1176
9.83292049417353,1,1.0,6685
9.833184072398357,6,7.0,6092
9.833351697495162,7,12.0,3117
9.833414670330436,1,3.0,6686
9.833470274433044,7,8.0,2710
9.833654110327746,7,2.0,3382
9.833717139764044,6,3.0,4439
9.834004379346858,9,1.0,3314
9.834010640797503,6,2.0,5555
9.83445616197019,8,5.0,2208
9.834497911719028,7,5.0,3356
9.835023272236102,7,9.0,3939
9.835355004584251,7,8.0,2451
9.83556742933156,7,13.0,2696
9.83558363095599,1,2.0,6687
9.836063752043533,1,6.0,6688
9.836480552500124,7,15.0,4152
9.837433297781615,1,2.0,6689
9.838451225943157,8,2.0,5681
9.839093048041528,7,7.0,4483
9.839155744830187,6,1.0,6300
9.839747193378326,7,1.0,4374
9.839795747361112,6,10.0,3038
9.84011459862957,6,1.0,4365
9.84020371161782,1,12.0,6690
9.84030858560683,6,19.0,6419
9.84035255899304,1,3.0,6691
9.840384207633816,1,8.0,6692
9.840726726757918,1,9.0,6693
9.841907485772827,9,1.0,2986
9.841926468776833,1,7.0,6694
9.842328051529076,6,59.0,6643
9.842415152406652,7,22.0,3387
9.842695056130264,7,4.0,4968
9.843406422150611,7,2.0,1510
9.843413579723526,7,9.0,2094
9.843459921075759,8,3.0,4298
9.843506993365366,2,1.0,6695
9.844136269168018,7,40.0,2448
9.844268543105963,1,2.0,6696
9.844278257129927,6,29.0,4151
9.84428744701928,7,16.0,3694
9.844557591309544,7,2.0,3370
9.84480967864842,1,11.0,6697
9.845168637336073,7,5.0,3980
9.845306212241645,6,31.0,5023
9.845443002998653,7,49.0,3173
9.845559314411034,1,2.0,6698
9.845856990467306,7,3.0,4684
9.846288024852896,9,5.0,4743
9.84698002476041,11,37.0,5845
9.84708571646139,8,34.0,3156
9.847364490861104,1,5.0,6699
9.848725811532834,6,1.0,2573
9.848753546254164,6,9.0,5568
9.84925826680611,6,9.0,3018
9.849292285122516,1,11.0,6700
9.850625345694969,6,3.0,4542
9.850937386818597,1,2.0,6701
9.851046361691461,1,4.0,6702
9.852040332359838,8,4.0,4019
9.853232616133182,7,4.0,3149
9.853435651580156,1,2.0,6703
9.853841489781821,6,4.0,4907
9.853956396249247,1,8.0,6704
9.854348498303791,9,2.0,3705
9.854376897286931,6,5.0,5863
9.85456936511058,6,29.0,5709
9.855342807139039,7,1.0,5052
9.855380117565652,7,45.0,2061
9.856169960794949,10,5.0,5795
9.856252829295414,6,2.0,5800
9.856788877565505,7,10.0,5026
9.856877689648785,6,2.0,3965
9.857473173222283,6,2.0,6159
9.857956639098417,1,1.0,6705
9.857970041316085,6,9.0,6249
9.858895313036513,1,3.0,6706
9.859400573809703,6,2.0,6182
9.85948591548366,2,9.0,6707
9.859798613844564,6,27.0,5021
9.86003240804365,1,2.0,6708
9.860315487737578,1,2.0,6709
9.860629550316691,1,2.0,6710
9.86166817223007,7,6.0,4207
9.862352678538684,1,5.0,6711
9.863176983051847,8,59.0,4535
9.863588430307825,1,3.0,6712
9.863672894534831,9,33.0,1833
9.864100759169746,6,2.0,4754
9.864424179979231,7,5.0,2325
9.864681386630625,7,8.0,4263
9.864827396057,9,5.0,904
9.865201211275512,1,2.0,6713
9.865253607105057,7,4.0,5101
9.865365436076152,7,1.0,5605
9.865365436076152,16,1.0,5605
9.86558101288868,7,3.0,4745
9.865823925807334,7,14.0,3775
9.865934111317369,6,5.0,6264
9.865948874146932,7,3.0,4636
9.865948874146932,16,3.0,4636
9.866113806820758,2,32.0,6714
9.866299728713223,7,6.0,4772
9.866345726153263,7,2.0,4775
9.866383502652733,6,3.0,4533
9.866388251276897,7,2.0,2595
9.86640739713204,7,3.0,5466
9.867330387147486,6,5.0,1619
9.867522020238663,6,2.0,6241
9.868956435206819,7,3.0,5541
9.868993131420435,7,4.0,3961
9.869008530398553,1,5.0,6715
9.869046008167638,6,8.0,4494
9.870445028980026,7,6.0,2621
9.870488374507824,7,3.0,1714
9.870733434245667,7,1.0,3670
9.871079962138948,1,6.0,6716
9.871749683118637,6,2.0,4868
9.871764393409062,6,9.0,6574
9.87195128086499,7,8.0,3186
9.872212645391532,7,54.0,2360
9.872327753055535,7,39.0,4814
9.872405821821186,6,3.0,6228
9.872560853931898,1,3.0,6717
9.872796535536727,1,7.0,6718
9.872914095805891,7,22.0,5907
9.872920646458512,6,9.0,6669
9.873377853115208,1,18.0,6719
9.87361545232553,7,6.0,4359
9.875456749514345,1,41.0,6720
9.875756234525925,9,5.0,906
9.875884422724239,9,5.0,3646
9.8760242217531,7,52.0,1487
9.876156725788567,7,15.0,3578
9.87646215781964,7,5.0,2758
9.876594713816836,1,28.0,6721
9.876806856943611,1,6.0,6722
9.876921694182787,1,10.0,6723
9.877354116674246,6,11.0,6697
9.878704419774694,6,11.0,6552
9.878923917675822,9,5.0,1741
9.87902675379813,1,12.0,6724
9.880066135283851,1,5.0,6725
9.880258122950389,7,2.0,3917
9.880280112215486,6,3.0,3407
9.880314577728527,6,46.0,5579
9.880668340594722,8,32.0,4559
9.880750791925726,7,11.0,5862
9.881081106003656,6,17.0,4845
9.881099741757225,6,3.0,6299
9.881253316675165,6,2.0,5669
9.881633299256004,6,7.0,6554
9.88228325991355,6,6.0,5910
9.882308940211109,8,25.0,3293
9.882335327979671,7,3.0,5008
9.882359219064362,6,2.0,6061
9.88237731576639,6,2.0,6567
9.882821056443069,7,23.0,1675
9.883551745230147,1,2.0,6726
9.883751361713315,7,4.0,1502
9.883980408434153,1,4.0,6727
9.884108650899716,7,17.0,4455
9.884201611202716,6,47.0,4239
9.884694303016312,7,10.0,3739
9.885143862121103,6,3.0,6440
9.885145535722776,8,19.0,4057
9.885493416356601,7,2.0,6010
9.885865775438473,8,2.0,4111
9.886742733987854,1,5.0,6728
9.887259103109937,6,3.0,3564
9.887369855651292,7,6.0,3815
9.887839968240867,1,8.0,6729
9.888062488140093,6,4.0,5271
9.888141452830489,7,1.0,4426
9.888171558100739,7,4.0,4575
9.888245607594605,6,3.0,4897
9.888352806456458,7,1.0,5613
9.88841268895432,6,2.0,5955
9.888466782020476,7,23.0,3180
9.888562724603469,7,6.0,5078
9.888985810230976,6,11.0,6386
9.88942771548551,6,1.0,6695
9.889689102399057,7,2.0,6052
9.891325017320879,8,1.0,3622
9.891434180911453,1,8.0,6730
9.89183979129961,1,3.0,6731
9.89205502328378,6,10.0,6378
9.89287319211202,6,7.0,5208
9.893353142638402,7,9.0,2425
9.89346810562076,7,7.0,3215
9.893706593936153,1,3.0,6732
9.894360950968007,6,2.0,5756
9.894545504114339,6,6.0,4855
9.894596239402349,7,3.0,5046
9.895005046003012,9,9.0,3613
9.895039901244,6,1.0,3335
9.895102693495765,6,5.0,6715
9.89526111995849,6,13.0,5255
9.895754996255945,8,1.0,5720
9.896058005471241,7,5.0,3582
9.896132034192643,1,1.0,6733
9.897089072950786,1,3.0,6734
9.897273217525738,9,5.0,1867
9.898018881057538,8,3.0,2601
9.899010774596068,10,7.0,6292
9.899061222667067,1,4.0,6735
9.899204012252806,7,1.0,3904
9.899348790733226,1,21.0,6736
9.899925066582401,6,5.0,5443
9.900862597580511,8,4.0,3185
9.901035169172491,7,12.0,5227
9.901108876977645,1,3.0,6737
9.901347899494489,6,1.0,5645
9.902722199019005,8,9.0,5993
9.902786592020584,7,42.0,399
9.90289253761688,8,33.0,2362
9.903056283292445,8,10.0,5908
9.903100194093145,9,3.0,1648
9.904285294785026,6,46.0,3834
9.905219489203605,7,4.0,3841
9.906765265136237,6,11.0,4606
9.906816267150425,7,32.0,1065
9.90706032473603,8,32.0,6047
9.907148336136581,8,4.0,4228
9.908437794405955,6,7.0,6586
9.909000915887699,7,19.0,2241
9.909004187775063,6,4.0,6410
9.909099497355127,6,2.0,4514
9.909559747756418,1,3.0,6738
9.90956149642712,8,5.0,3161
9.909896158605617,7,3.0,3671
9.910045070258974,9,5.0,5636
9.91118801771652,6,54.0,4039
9.911345774999377,6,9.0,5641
9.911550112570648,6,1.0,4512
9.911996049185792,7,1.0,475
9.912015783418388,7,3.0,3023
9.912751587149277,7,8.0,3789
9.91279320139887,6,7.0,5921
9.913416112806825,1,2.0,6739
9.913650265491718,6,3.0,6686
9.913792907109066,1,9.0,6740
9.914545557011426,1,2.0,6741
9.91465730219239,7,2.0,4830
9.914703445916821,7,8.0,5030
9.915026349594378,1,7.0,6742
9.915180105928515,6,5.0,5218
9.91565276345297,6,2.0,6645
9.91569954647667,9,48.0,2175
9.915779886887899,1,3.0,6743
9.91583581226184,7,7.0,2712
9.916114373402149,1,2.0,6744
9.916266500561498,6,4.0,6388
9.916504104004824,7,3.0,4524
9.91655744461147,6,1.0,595
9.917508321367418,1,1.0,6745
9.91775246389776,7,6.0,3716
9.918013924878517,7,40.0,4223
9.918253240146312,1,2.0,6746
9.9182766589105,1,2.0,6747
9.918454097304924,7,39.0,1345
9.9184980196268,7,1.0,1993
9.918688864354786,7,7.0,2003
9.919088404494543,8,3.0,4189
9.91960198464934,1,2.0,6748
9.920002233798709,7,5.0,3320
9.920012208494569,6,2.0,5836
9.920411515135449,7,5.0,3004
9.920496328056622,6,2.0,5652
9.920699542102993,8,28.0,4032
9.920778530214829,6,25.0,1200
9.921149022835193,8,3.0,4959
9.921391834071592,6,2.0,5013
9.921555586891094,9,3.0,4753
9.921888547066086,1,3.0,6749
9.922099614937892,9,59.0,1660
9.923388751355843,6,10.0,6423
9.923525648309383,1,2.0,6750
9.923953904724856,1,2.0,6751
9.924011570566964,7,8.0,2351
9.92411505845426,6,43.0,3609
9.924276600637887,11,33.0,4809
9.92430970311898,2,1.0,6752
9.924644784110212,1,3.0,6753
9.925251870142871,1,10.0,6754
9.925288733608935,6,5.0,3077
9.925294525069907,1,3.0,6755
9.92562685971944,1,2.0,6756
9.925692469601845,6,10.0,6723
9.92578062330941,6,36.0,5104
9.925828802978703,6,1.0,6550
9.925872206323948,7,42.0,2775
9.926429617164775,1,4.0,6757
9.926571378664601,7,18.0,3738
9.926761251881638,9,2.0,3133
9.927006803739514,6,1.0,5100
9.927084849986711,9,16.0,2728
9.92716481155864,7,11.0,2815
9.927192122773851,9,2.0,5354
9.92756734803115,8,10.0,5630
9.927891779067807,3,16.0,6758
9.927911827363603,6,56.0,6672
9.928013643560352,6,3.0,6001
9.928082060021078,9,5.0,2096
9.928122612410043,9,4.0,3656
9.928481975329312,7,3.0,3026
9.928551937669626,7,1.0,4677
9.928896450940892,6,2.0,5748
9.929669536448905,6,2.0,6698
9.930247497896842,7,1.0,3706
9.931087755321473,7,12.0,3874
9.931355129297737,1,8.0,6759
9.931925386601643,7,6.0,3838
9.932754172138221,1,7.0,6760
9.932879553650755,7,2.0,3826
9.932996778345677,7,7.0,1876
9.932996778345677,16,7.0,1876
9.93315131930051,9,4.0,4755
9.93330454617378,7,60.0,1171
9.93357116670598,7,20.0,4615
9.933999281464041,8,42.0,5054
9.93460536168208,6,11.0,5087
9.934605415074076,1,7.0,6761
9.93467465298439,6,2.0,4110
9.93470609670123,8,2.0,5025
9.934851563318304,7,11.0,4430
9.935094608811731,6,1.0,5663
9.935270185992348,7,1.0,2902
9.935394993881916,8,1.0,2730
9.935439246680193,1,2.0,6762
9.935774405753214,7,4.0,4658
9.936313036660266,2,4.0,6763
9.936540753555615,7,6.0,5815
9.936700742726522,1,3.0,6764
9.936839320741118,8,2.0,5895
9.939177024786225,16,2.0,1547
9.93949937094898,8,5.0,6629
9.939499636240892,6,2.0,3086
9.939992141821744,6,3.0,6764
9.940043456260904,1,4.0,6765
9.940820845062065,7,4.0,3272
9.9408560903702,7,7.0,1371
9.941033336330946,6,2.0,6739
9.941339779393351,7,7.0,3710
9.941378633110514,9,4.0,3027
9.941379592024608,6,7.0,6357
9.94143737258506,8,5.0,5785
9.941796902985915,9,49.0,2349
9.942288673483306,9,56.0,2471
9.942711519496063,2,58.0,6766
9.942732059157414,1,4.0,6767
9.942869001960744,7,9.0,4486
9.943403284138983,6,3.0,6738
9.944245807232205,6,1.0,6270
9.944417651687992,1,2.0,6768
9.94443558822324,6,4.0,5628
9.944558936998623,6,2.0,5741
9.94456726235005,6,3.0,6153
9.9451305981799,1,4.0,6769
9.945434669622951,6,41.0,4886
9.945452316256699,6,3.0,4518
9.945483189947378,7,14.0,3922
9.94576412835726,1,2.0,6770
9.946354692943858,6,3.0,6189
9.946860720970111,6,1.0,6532
9.947937038719612,6,18.0,6719
9.948122929535572,6,21.0,6736
9.948350824878872,7,21.0,3804
9.948663624406635,6,4.0,3653
9.948791007659741,6,16.0,4587
9.948828889855484,9,13.0,4721
9.949653774481547,6,3.0,6287
9.949722022596255,7,3.0,1511
9.949965536486083,3,35.0,6771
9.950669144270885,6,2.0,6329
9.950804329072087,8,3.0,6002
9.951348050012333,1,2.0,6772
9.951458714340477,1,1.0,6773
9.951758691106086,1,13.0,6774
9.952219117404674,9,3.0,3717
9.952404626299224,7,6.0,2280
9.953064799295962,6,4.0,1813
9.95332830696379,1,3.0,6775
9.9533354159832,1,5.0,6776
9.953712866273333,6,8.0,5000
9.953735997927467,7,2.0,2498
9.953962155011665,7,4.0,5260
9.955116109470977,7,3.0,1693
9.95584394062284,7,5.0,3704
9.956173065306274,1,1.0,6777
9.956581244341775,9,2.0,2477
9.956802309764257,6,5.0,6439
9.957456063974407,7,9.0,4833
9.957820510515875,7,5.0,4786
9.95782857974146,6,1.0,6256
9.958251193789675,9,2.0,2454
9.958255471374223,7,13.0,4324
9.958685383239184,6,1.0,6602
9.958815961627073,1,10.0,6778
9.959477128610935,1,4.0,6779
9.959778740137589,7,6.0,4502
9.959886271178378,6,5.0,5662
9.960049092219007,1,5.0,6780
9.960276951562626,6,15.0,6316
9.96068518970939,1,2.0,6781
9.960729897448026,7,1.0,4320
9.960847105050853,6,2.0,6746
9.96111111017837,6,8.0,5817
9.961773198623883,1,15.0,6782
9.962022607596076,1,2.0,6783
9.963156136963017,7,2.0,4564
9.963884709309664,6,10.0,5769
9.964299671774647,7,39.0,1846
9.964928394352977,7,11.0,4051
9.965069043946633,6,3.0,5603
9.9656973589577,6,3.0,1819
9.96597990745881,1,3.0,6784
9.96600056975996,7,1.0,5400
9.966335233912167,7,1.0,5256
9.966350855944196,7,1.0,4360
9.966783144362989,7,19.0,2044
9.966809547084063,7,3.0,5518
9.966874544491798,6,1.0,6059
9.967743031345679,6,1.0,6149
9.968080339746818,9,3.0,4298
9.968171474921085,1,36.0,6785
9.968285430552033,6,3.0,6546
9.96866909880209,6,10.0,5961
9.969126597276784,1,1.0,6786
9.969387806776847,1,2.0,6787
9.969469319002005,6,2.0,5232
9.969709270353443,6,8.0,6375
9.969797235716841,7,3.0,2814
9.969936769000276,6,3.0,6109
9.970047465460626,6,4.0,6655
9.970342074936799,6,1.0,6680
9.970648173641479,6,1.0,6536
9.970959809853662,6,2.0,6589
9.971558723386817,7,28.0,2613
9.971586899055545,6,2.0,6069
9.971861414843508,7,8.0,2789
9.97211102534404,6,8.0,3470
9.972498488483886,1,4.0,6788
9.972728686547832,1,4.0,6789
9.97299925856741,6,2.0,6335
9.973044662684007,9,1.0,2113
9.973370793154569,1,2.0,6790
9.973503669854935,1,5.0,6791
9.973920063372747,1,3.0,6792
9.974366556756546,1,4.0,6793
9.97444891905257,8,4.0,3827
9.975597702461608,1,1.0,6794
9.975648022163451,6,5.0,6577
9.975938579038784,8,2.0,4001
9.975942891208334,6,7.0,6209
9.97599588470683,6,2.0,5412
9.976322869422566,7,15.0,3399
9.976441613751248,1,5.0,6795
9.976738062931531,7,5.0,4663
9.977048881218204,1,5.0,6796
9.977050138543646,1,1.0,6797
9.977144603358271,6,14.0,6571
9.977293435083618,7,6.0,3996
9.9776556481725,6,3.0,5285
9.978200290864345,7,1.0,2938
9.97852333146812,6,1.0,6733
9.978720311706486,1,5.0,6798
9.979522456727427,1,8.0,6799
9.979525269736756,7,9.0,2508
9.979702059628806,6,7.0,4021
9.979831723231317,1,1.0,6800
9.980065487382952,1,11.0,6801
9.980595976302912,7,2.0,4873
9.98131829349632,7,1.0,5452
9.98131829349632,16,1.0,5452
9.981576647247747,7,2.0,4322
9.981590019549225,6,5.0,6711
9.982215604216785,7,3.0,3544
9.98234156187781,7,21.0,3120
9.983663880537346,7,4.0,4138
9.984651328784064,6,29.0,5525
9.984654019591138,6,19.0,5717
9.985437195750116,6,1.0,6157
9.985511231175536,7,1.0,2483
9.985773786571242,9,14.0,3737
9.98599651153705,6,1.0,5972
9.986073422494572,7,2.0,4671
9.98632709369832,9,2.0,6275
9.986398166234482,8,3.0,5888
9.987170074411193,6,1.0,6647
9.987665159151803,7,9.0,2154
9.987819663915593,7,5.0,4813
9.98801311473125,1,2.0,6802
9.988032108707483,1,3.0,6803
9.988108573478929,9,49.0,2739
9.988153395416205,1,1.0,6804
9.988162913951438,7,6.0,4018
9.9881989480829,6,2.0,6227
9.988251152347317,7,33.0,5328
9.9882566678887,7,14.0,4824
9.988393199590307,8,4.0,5318
9.98857764882717,7,8.0,2434
9.989111884175522,7,11.0,3893
9.98919748103578,7,1.0,3951
9.989294650265206,1,1.0,6805
9.989432280657697,9,3.0,3967
9.98945496179363,9,7.0,3913
9.990000676924849,1,4.0,6806
9.990112869968943,7,2.0,3728
9.990160212087478,6,5.0,6776
9.991110270045253,7,30.0,1458
9.991144765460284,6,2.0,4528
9.991817591515568,6,1.0,6522
9.992029309819078,6,5.0,6679
9.992246807448945,6,15.0,4399
9.992286701804352,6,2.0,6634
9.992424269580336,7,1.0,5529
9.992643369360655,1,2.0,6807
9.992644282856872,7,2.0,5185
9.993529597151129,7,8.0,5091
9.993724726587129,7,1.0,1340
9.993995142863398,6,8.0,6670
9.994542759589994,6,1.0,6379
9.994995242365892,7,2.0,3766
9.99499759082069,1,2.0,6808
9.99561801143998,1,14.0,6809
9.99563951295282,7,10.0,3290
9.995715012762705,7,6.0,3908
9.996107008878019,6,2.0,6253
9.996719887169816,6,2.0,6128
9.997158658508955,2,5.0,6810
9.99761689012338,1,5.0,6811
9.997755165606224,6,5.0,5570
9.998223909337055,7,2.0,4836
9.9988202120012,6,1.0,4876
9.999677590464085,6,1.0,6549
10.000270448945738,14,3.0,-392
10.000579288398022,7,60.0,199
10.00060495083538,6,5.0,6199
10.000628427361658,13,8.0,-320
10.000634720523694,7,1.0,4678
10.001169460641007,7,14.0,2482
10.001246843153051,13,1.0,-874
10.001392605893018,7,7.0,1990
10.001593062409032,6,1.0,6600
10.001618750090636,9,10.0,4102
10.002260348814122,13,1.0,-771
10.002367926756019,6,3.0,6221
10.002514321595898,6,5.0,6810
10.002738745633613,7,5.0,5281
10.002845819758404,6,1.0,6232
10.002858908409841,6,2.0,6424
10.003085595190113,6,2.0,6469
10.00330905446162,6,9.0,6626
10.003440174977495,5,7.0,0
10.003976679673782,6,8.0,6243
10.004161889472673,8,1.0,4893
10.004376354608718,6,4.0,6431
10.0048583912057,1,12.0,6812
10.005094649639416,7,11.0,4050
10.005158738534831,14,4.0,-151
10.005864092917157,5,1.0,0
10.006235532624174,8,2.0,5848
10.006596970755863,5,13.0,0
10.006803072754444,7,4.0,3159
10.007854764637145,1,4.0,6813
10.007893431447789,13,2.0,-219
10.007998172831865,7,1.0,3251
10.008017634316992,1,2.0,6814
10.00831997782329,6,3.0,6498
10.009124735538425,14,1.0,-708
10.009251056127006,6,16.0,4149
10.009307082240817,10,30.0,4546
10.009835919554469,5,1.0,0
10.010207209057375,7,14.0,3303
10.010499348779494,14,1.0,-624
10.01070916305043,1,9.0,6815
10.011177828159003,8,4.0,5867
10.011544741742178,18,,0
10.0115732551275,101,2.0,6816
10.011720961486423,7,1.0,4555
10.011762500109558,7,16.0,3713
10.01183863123485,13,3.0,-1035
10.011839428388082,9,29.0,4631
10.011907251206752,6,2.0,5164
10.012038343483455,13,3.0,-382
10.012218696438218,7,11.0,2561
10.012352281844791,13,3.0,-595
10.012400182158833,7,18.0,4971
10.012668440670316,13,1.0,-153
10.012703438338086,1,7.0,6817
10.013376885893816,6,2.0,5500
10.01346940082118,18,,0
10.013734365713306,101,7.0,6818
10.014030321046903,9,5.0,3825
10.014062063841873,1,1.0,6819
10.014185526259368,8,9.0,4883
10.014310643297442,7,2.0,2984
10.014495920562341,18,,0
10.01461367447105,7,22.0,4280
10.014631799882652,101,2.0,6820
10.015132616183223,6,19.0,4965
10.015190971624857,14,4.0,-782
10.015527803616878,7,8.0,2445
10.01557262234825,1,3.0,6821
10.015747477565963,13,2.0,-58
10.016743286885829,7,1.0,6405
10.016744188813052,7,1.0,3752
10.016765178864489,1,1.0,6822
10.01722005205031,1,1.0,6823
10.017409489374568,7,7.0,5112
10.017409489374568,16,7.0,5112
10.017555566814005,7,23.0,4409
10.017635290773077,18,,0
10.017856007296064,101,2.0,6824
10.017943648350963,1,2.0,6825
10.018172227109938,9,22.0,4720
10.018184717330675,1,3.0,6826
10.018212280621773,5,2.0,0
10.0187745838466,5,1.0,0
10.018854318744285,13,2.0,-4
10.019023822294171,7,1.0,3920
10.019044199455879,1,6.0,6827
10.019094394721936,1,6.0,6828
10.019227941147832,7,1.0,4081
10.019228982933193,1,5.0,6829
10.01924407088892,7,16.0,3131
10.01973739250613,1,5.0,6830
10.019773452897471,6,3.0,6775
10.02018299376143,1,1.0,6831
10.020275159602363,7,1.0,3195
10.020295203660185,6,3.0,6485
10.020334201182273,14,3.0,-56
10.020505121555821,8,2.0,3571
10.020522614138239,13,1.0,-603
10.020949123506378,6,3.0,6564
10.02136844261021,14,1.0,-476
10.021508757011363,7,3.0,5871
10.021671479050074,7,1.0,5683
10.021887791473286,7,45.0,2040
10.02201714795558,13,2.0,-968
10.022073767088717,6,5.0,5193
10.022247918764675,5,2.0,0
10.022275597600814,5,11.0,0
10.022335118038015,6,8.0,4536
10.02253093980348,5,13.0,0
10.022612103288873,18,,0
10.022715640400103,101,1.0,6832
10.022938995642237,18,,0
10.023046294753142,7,4.0,5095
10.023096203079431,6,2.0,6171
10.02326643834518,101,3.0,6833
10.023288184078066,5,4.0,0
10.023304287453573,7,6.0,2073
10.023548237231486,1,1.0,6834
10.0237434868193,5,1.0,0
10.02374718146644,14,1.0,-634
10.023762715333701,14,1.0,-542
10.023797143488393,13,3.0,-181
10.0242730956333,7,54.0,3451
10.024290058638673,1,2.0,6835
10.024409194623592,5,7.0,0
10.0254379608035,18,,0
10.025544314586448,101,46.0,6836
10.025545073502396,1,5.0,6837
10.025630692334403,7,28.0,3265
10.025771096929358,7,3.0,5315
10.025839601407343,13,1.0,-20
10.02632212510387,14,2.0,-796
10.026589338112709,7,4.0,3895
10.026603379663635,6,1.0,6011
10.026684177044064,6,7.0,5151
10.026799768897387,7,25.0,3566
10.026846427198668,18,,0
10.026899716834944,101,5.0,6838
10.026931984295889,18,,0
10.027158687821744,7,1.0,4116
10.02716765061524,101,1.0,6839
10.027664230958953,5,11.0,0
10.027673405076563,9,2.0,2446
10.027729522149434,6,7.0,6045
10.027788950268034,7,3.0,3652
10.028185071473661,6,1.0,5607
10.028200112222379,13,1.0,-291
10.02867965917309,1,3.0,6840
10.028804869109441,6,1.0,6834
10.028951175368823,6,19.0,3966
10.029231630083283,18,,0
10.029415983391711,8,1.0,4906
10.029697449594737,101,1.0,6841
10.02971711059463,1,6.0,6842
10.029854636317967,5,1.0,0
10.03021719861491,6,1.0,4145
10.030562080327194,2,6.0,6843
10.030636583598564,1,3.0,6844
10.030882013641515,7,2.0,2286
10.030894251697728,2,8.0,6845
10.030911172761561,5,1.0,0
10.03111147538625,6,3.0,5416
10.031129250284629,8,3.0,5965
10.031153141642834,7,1.0,1544
10.031405619691549,1,1.0,6846
10.031436598532375,13,3.0,-235
10.031495762002775,1,9.0,6847
10.0319698002689,1,8.0,6848
10.031997917319508,6,2.0,5158
10.032089224132033,9,34.0,1132
10.03210883425693,14,2.0,-1012
10.03211893525342,1,1.0,6849
10.032185928924408,6,1.0,6538
10.032506191507974,1,1.0,6850
10.032529325168657,13,3.0,-244
10.033073298067247,13,1.0,-564
10.033447921718622,13,1.0,-435
10.0338218486255,1,7.0,6851
10.03393732044754,18,,0
10.033986003188256,102,60.0,6852
10.03398910934991,8,6.0,3735
10.034011629651566,18,,0
10.034084015498678,13,1.0,-693
10.034345392460764,5,5.0,0
10.034407173037508,101,6.0,6853
10.034468600859933,9,6.0,5373
10.034907785056669,7,24.0,5499
10.034963433549738,18,,0
10.035016813314362,101,10.0,6854
10.035151583731674,1,1.0,6855
10.035422244430617,13,10.0,-32
10.03569562081475,7,2.0,5209
10.035772295359829,1,4.0,6856
10.03585457820038,1,2.0,6857
10.035963941529099,18,,0
10.036015472930885,14,2.0,-750
10.03611177827236,101,6.0,6858
10.036222080393776,13,1.0,-250
10.036232272700603,7,3.0,5653
10.036799355304437,5,4.0,0
10.036972693395716,7,1.0,4348
10.037135849723839,5,2.0,0
10.037310190064558,5,1.0,0
10.037316516047074,7,8.0,5125
10.037472035936503,1,1.0,6859
10.03754052660099,7,9.0,3734
10.037696485273385,7,2.0,3339
10.037800009025354,5,47.0,0
10.037902974513479,18,,0
10.038212359282246,9,4.0,2871
10.03828983379903,101,2.0,6860
10.038373891238912,1,5.0,6861
10.038395211937733,1,2.0,6862
10.038424511088015,7,20.0,4445
10.038893843306615,6,4.0,5992
10.039127935060499,7,3.0,1461
10.039151236748324,1,59.0,6863
10.03920553532437,9,4.0,2171
10.03926606457643,1,6.0,6864
10.039351014441042,6,2.0,6741
10.04012046752892,7,2.0,5686
10.040543572680022,7,38.0,1424
10.040582793149104,14,13.0,-605
10.040956468874201,18,,0
10.041058957705696,101,4.0,6865
10.04108850668253,7,1.0,5726
10.041174795055333,6,5.0,4993
10.04148113342173,13,1.0,-73
10.041585919425547,7,3.0,654
10.041643780085506,1,5.0,6866
10.041723807046495,6,9.0,6707
10.041792910545675,8,2.0,4252
10.041840434570108,9,2.0,2921
10.042325059820861,7,3.0,4000
10.042338898703425,5,4.0,0
10.042400707937862,3,4.0,6867
10.04240094442375,6,45.0,4827
10.0425364562504,6,4.0,6702
10.042754859701594,13,6.0,-147
10.042763451965685,1,47.0,6868
10.042764855024178,6,9.0,5496
10.042949077696264,1,5.0,6869
10.043810803357578,6,5.0,1968
10.04450461306742,6,9.0,2300
10.044794322660726,5,2.0,0
10.044835152822845,13,1.0,-125
10.045040161970128,14,4.0,-842
10.045151781143394,1,1.0,6870
10.04536812203269,5,16.0,0
10.045550542054547,1,3.0,6871
10.045553676926632,18,,0
10.04557763418656,102,2.0,6872
10.045714510005334,6,39.0,5952
10.045794575404987,5,2.0,0
10.045836900870302,6,7.0,4686
10.045900691855381,5,4.0,0
10.04590079140859,13,3.0,-341
10.046097604383025,1,2.0,6873
10.046501052806267,7,2.0,3997
10.047033374757268,1,2.0,6874
10.047127089733555,6,5.0,6861
10.047178591330278,6,1.0,6603
10.047262134130582,6,1.0,6426
10.04772014685037,9,2.0,4340
10.048232163998739,7,5.0,1479
10.04837911074988,1,9.0,6875
10.048766888556074,8,8.0,5886
10.048788523689574,6,1.0,5445
10.049346098380461,1,1.0,6876
10.049397415853047,14,11.0,-331
10.049784216874642,13,1.0,-918
10.049823859513829,1,11.0,6877
10.04985142564092,18,,0
10.049884654464883,102,4.0,6878
10.050266437264987,8,2.0,6421
10.050308804753582,1,1.0,6879
10.050423025636803,6,6.0,5137
10.05043594506964,6,2.0,6857
10.050460171467611,6,3.0,6377
10.050794819004228,13,2.0,-907
10.050907347534924,6,1.0,6390
10.0509940840184,14,2.0,-185
10.051056255973656,7,4.0,4681
10.051217552300574,7,7.0,2821
10.05136033480873,1,2.0,6880
10.051436040394577,13,9.0,-1046
10.052729982529986,3,16.0,6881
10.052735523511666,6,35.0,5276
10.053009932236604,1,2.0,6882
10.053074434840143,13,2.0,-873
10.054528496050695,1,1.0,6883
10.05461763215714,8,2.0,4995
10.05516597578402,1,3.0,6884
10.055881070098476,14,3.0,-261
10.055951401288599,6,1.0,852
10.055980924160746,6,7.0,6285
10.056223033866717,1,4.0,6885
10.056948464599536,7,5.0,3657
10.057665631175947,8,16.0,3455
10.0577855744186,1,4.0,6886
10.057824769724805,14,8.0,-754
10.058245750172095,9,38.0,2639
10.059431199072886,8,2.0,5646
10.05956259401253,7,2.0,3938
10.059709545819192,7,2.0,3605
10.060094190420935,1,3.0,6887
10.060178684736002,7,9.0,4461
10.060494685554062,1,27.0,6888
10.060617328610041,1,5.0,6889
10.060859010801895,14,21.0,-577
10.060928298913073,1,1.0,6890
10.061164006482404,7,1.0,3164
10.061333039343076,8,1.0,6048
10.061953084429334,13,1.0,-952
10.062220260966336,8,4.0,5742
10.062487010720268,7,3.0,5675
10.062815613057738,1,1.0,6891
10.062962419783165,5,1.0,0
10.062978257548023,6,2.0,6762
10.063087903607519,1,4.0,6892
10.063321681387908,7,50.0,3757
10.063670783169282,14,10.0,-552
10.063688681103644,7,57.0,1452
10.0636947765446,9,4.0,2534
10.063741213614156,6,5.0,6829
10.064128461286085,6,5.0,4357
10.064667149372553,7,1.0,1407
10.064694385332222,7,6.0,2690
10.064989612776158,14,7.0,-700
10.065556500819545,13,3.0,-60
10.065728621674792,14,1.0,-908
10.065860748079958,14,3.0,-757
10.065950265959552,13,13.0,-161
10.065968850144182,14,11.0,-422
10.066002543989601,7,10.0,4254
10.066264472098782,6,11.0,5922
10.066293196459174,14,4.0,-55
10.066890963545443,13,5.0,-610
10.067161308615542,7,7.0,2699
10.067186653430035,6,2.0,6668
10.067224812733976,13,1.0,-743
10.06742438626541,6,4.0,6188
10.067687697953613,13,1.0,-573
10.067881865144457,6,2.0,4732
10.068160789564494,5,1.0,0
10.068209954151468,7,3.0,4679
10.06860543046414,7,7.0,4803
10.069237463442166,1,8.0,6893
10.069332724888568,5,8.0,0
10.069463678513511,7,23.0,5105
10.06952204526397,14,9.0,-882
10.06953175827813,5,1.0,0
10.069567545795094,7,14.0,3222
10.069863273817784,7,3.0,5060
10.069955834810852,5,1.0,0
10.070212466366176,1,3.0,6894
10.071573985908172,6,2.0,6862
10.0715805780849,6,1.0,5397
10.071666856063834,5,3.0,0
10.071807327063768,1,10.0,6895
10.071820529601252,113,53.0,-387
10.071826572273771,7,7.0,3207
10.072068721194443,9,4.0,4898
10.072143698575527,5,7.0,0
10.07229757893694,5,1.0,0
10.072384888137956,8,8.0,5563
10.072451775713128,1,1.0,6896
10.072837851227186,7,4.0,2637
10.072870977775718,13,6.0,-122
10.072903646553534,8,8.0,6384
10.07295360042214,3,4.0,6897
10.07330069876395,7,43.0,4377
10.073480533770006,14,3.0,-293
10.073608903971035,7,5.0,2182
10.07386044484926,7,47.0,2634
10.073950983132848,7,2.0,2975
10.074048232591284,1,5.0,6898
10.074103299431956,7,9.0,3896
10.074198519109489,7,3.0,5750
10.074266652177375,7,30.0,1708
10.074361057115091,6,18.0,2296
10.074363588346335,5,9.0,0
10.074886350052866,6,8.0,6848
10.07499599909382,6,4.0,6539
10.075103389900615,14,1.0,-688
10.075529944130713,9,2.0,5514
10.075964859694626,1,6.0,6899
10.076069332025934,14,6.0,-311
10.076105039918149,7,14.0,3681
10.0762079161491,7,2.0,5449
10.07650292947846,6,3.0,5032
10.076703779336365,9,41.0,1963
10.076772962421218,1,25.0,6900
10.076968030679456,14,1.0,-348
10.077375237813497,6,32.0,6714
10.077546290182536,5,2.0,0
10.07842702726897,7,2.0,5446
10.078512685384739,7,5.0,4470
10.07883103792028,13,2.0,-864
10.078866138403255,6,4.0,6307
10.078901298852749,13,1.0,-591
10.079739475195538,6,3.0,6840
10.079939422458377,7,33.0,3847
10.080027469681783,7,3.0,4354
10.080317480259556,6,21.0,3952
10.08088044883549,6,5.0,4847
10.081173719821958,6,2.0,5930
10.081303961820316,7,13.0,3393
10.081367384446885,14,4.0,-25
10.081470710939787,6,1.0,4495
10.081511109248115,14,1.0,-279
10.081541925119378,6,2.0,4866
10.081547705553835,7,9.0,2107
10.081744863064602,6,6.0,6828
10.081800172815298,6,1.0,4428
10.08232384225492,6,1.0,5798
10.08242797055684,6,9.0,6579
10.082896546467406,7,9.0,1247
10.083222704724184,1,4.0,6901
10.083286275517763,8,5.0,3888
10.083762887008607,6,8.0,2162
10.084376916644368,5,6.0,0
10.084576422089183,1,2.0,6902
10.08459972140947,6,14.0,6809
10.084850649148834,13,1.0,-825
10.085123167907204,7,8.0,3556
10.085381129596449,7,2.0,3110
10.085475720906832,13,2.0,-299
10.085842165102683,6,6.0,6432
10.086003511445503,14,1.0,-77
10.086089139461706,6,2.0,4648
10.086110379996276,1,37.0,6903
10.086164530149269,7,2.0,4924
10.086165396882436,1,10.0,6904
10.086430537867088,9,42.0,2543
10.08671275408561,14,3.0,-829
10.087033917947746,13,4.0,-1036
10.087195930554982,6,17.0,3184
10.087222842912839,14,2.0,-538
10.087385201796728,5,5.0,0
10.087846145593229,5,5.0,0
10.088056832860996,1,2.0,6905
10.088234868473661,5,4.0,0
10.088331523213569,13,2.0,-932
10.088351994295932,6,7.0,5796
10.08842213385438,7,1.0,3868
10.088449062191097,14,3.0,-46
10.088712780400035,13,5.0,-292
10.088819164759544,5,9.0,0
10.088998676860658,14,7.0,-191
10.089221833207661,5,5.0,0
10.089575974077746,7,34.0,4270
10.08961852622248,6,9.0,3853
10.089635145769345,6,1.0,6823
10.089702544160463,1,4.0,6906
10.08975225344081,7,1.0,3035
10.090008798737927,8,4.0,5526
10.090225926305182,9,1.0,3565
10.090378120669387,13,1.0,-774
10.090496150760172,6,2.0,6882
10.090535011903738,6,2.0,4318
10.090566678973655,7,6.0,3217
10.090740086111929,13,3.0,-898
10.090904250515244,13,1.0,-157
10.091041348625138,1,4.0,6907
10.091302544435445,1,9.0,6908
10.091666105050274,1,2.0,6909
10.092033278896725,7,1.0,3801
10.092709285942856,13,5.0,-728
10.093071177054258,13,2.0,-24
10.093114462173268,9,1.0,4532
10.093266433150834,7,28.0,3118
10.093338026035871,1,4.0,6910
10.094037166466483,9,20.0,2161
10.094124219134148,1,3.0,6911
10.094618957923345,1,5.0,6912
10.094960677491372,1,1.0,6913
10.094975439325331,7,2.0,3349
10.095491268648832,7,1.0,6582
10.095607058935085,1,2.0,6914
10.095795059028703,6,3.0,5904
10.096204463211697,6,2.0,5706
10.096283711626835,13,1.0,-324
10.097132943847562,13,1.0,-860
10.098079065222723,7,1.0,3915
10.098679376221458,6,10.0,5043
10.098723049476403,1,1.0,6915
10.098878918756625,6,6.0,6090
10.099200004695875,1,2.0,6916
10.099214646318464,6,7.0,6540
10.09944559963081,9,26.0,4024
10.099565233537898,7,5.0,4941
10.099908794482804,9,3.0,2974
10.100430894020912,8,3.0,5737
10.100940466243138,14,2.0,-310
10.100972013578954,7,3.0,4485
10.101209174775677,7,30.0,291
10.101404088209643,1,3.0,6917
10.101804421059992,13,11.0,-879
10.101848335367158,1,25.0,6918
10.102103115032905,13,1.0,-951
10.102456445415534,14,3.0,-906
10.102913065844655,8,6.0,6055
10.102953262419259,7,2.0,4407
10.103492090895022,1,3.0,6919
10.10371854898538,6,6.0,3943
10.104111322805682,1,1.0,6920
10.104120578528953,7,7.0,3898
10.104125362966638,9,1.0,4543
10.104125362966638,16,1.0,4543
10.10427198601313,5,3.0,0
10.104692871587721,5,3.0,0
10.104891001443786,13,3.0,-202
10.105217821144302,14,16.0,-456
10.105327671022463,7,34.0,3383
10.105338300223766,13,1.0,-778
10.105630928214017,7,3.0,1615
10.105864078748313,6,2.0,5572
10.106396635207705,9,44.0,5200
10.106453966624738,7,41.0,3103
10.106535015748443,13,1.0,-394
10.106766252042547,1,1.0,6921
10.106930489302986,7,31.0,4742
10.1069455071508,5,4.0,0
10.106956459618038,7,6.0,2810
10.10705229764517,14,3.0,-765
10.107120116544474,1,1.0,6922
10.107230132674582,1,4.0,6923
10.10738112387148,7,3.0,5223
10.107580228090121,7,4.0,5840
10.107581300692596,13,5.0,-582
10.107716362647803,6,13.0,5275
10.107807049877328,1,5.0,6924
10.107828200610136,5,4.0,0
10.108413453033682,7,2.0,4740
10.108548316755193,13,1.0,-691
10.108606385845231,6,1.0,4476
10.108894366588729,9,34.0,1790
10.108894366588729,16,34.0,1790
10.109316810373942,9,6.0,3593
10.110104457107884,13,2.0,-955
10.11011055407237,7,54.0,5546
10.110130931922045,13,2.0,-391
10.110327727381282,8,1.0,2573
10.111199010076021,1,2.0,6925
10.111574229629431,1,12.0,6926
10.111804495452656,13,46.0,-956
10.112195161635807,1,1.0,6927
10.112944042840311,7,6.0,4372
10.113242240715023,6,2.0,6191
10.11324475398131,6,5.0,6650
10.113559511468004,1,8.0,6928
10.11363808814313,9,3.0,2732
10.114116813303456,6,2.0,6217
10.114260970812968,13,1.0,-567
10.114445080522557,13,4.0,-270
10.114645769979457,6,10.0,5484
10.114673472663256,6,2.0,6486
10.114781179232772,6,2.0,3935
10.114840896926054,7,1.0,4106
10.114905511926557,5,3.0,0
10.115095037180968,6,5.0,6313
10.115132602183479,7,14.0,3045
10.11528568063221,8,5.0,6838
10.115523090086306,13,1.0,-806
10.115583998418888,9,9.0,1953
10.115681015973045,1,4.0,6929
10.115742422587072,6,4.0,2200
10.115788115995311,9,11.0,3336
10.115917095164567,14,1.0,-508
10.11616980530755,13,2.0,-862
10.116260690277677,14,4.0,-385
10.116532114690397,8,5.0,3376
10.116610101488297,1,1.0,6930
10.116771211704247,6,2.0,1647
10.116857472338998,6,2.0,2213
10.117007793713173,14,2.0,-723
10.117248963963972,1,4.0,6931
10.1172636695499,7,2.0,3686
10.11786138879454,6,8.0,6704
10.118338154563984,14,9.0,-555
10.11843522995611,7,7.0,5093
10.118537886609015,13,1.0,-818
10.118569152310068,1,1.0,6932
10.118638467474831,7,4.0,5230
10.11866483579218,7,7.0,5562
10.118748948350015,13,3.0,-340
10.118777066567334,14,1.0,-917
10.118933072766232,7,10.0,5535
10.119205152036189,1,5.0,6933
10.11936147267198,6,2.0,2173
10.1197214348953,7,1.0,2715
10.120252576784466,6,8.0,6473
10.120327198864459,8,36.0,2961
10.12042914394397,13,2.0,-138
10.120508101327017,1,4.0,6934
10.120554474115895,6,1.0,3807
10.12082637226989,13,1.0,-911
10.121467761541599,13,4.0,-434
10.121654341502916,6,6.0,6722
10.12187306790615,7,6.0,6154
10.121992820514144,1,10.0,6935
10.123343302795027,1,5.0,6936
10.1233590166855,7,3.0,2429
10.123386046498222,5,6.0,0
10.123494116301238,7,2.0,3368
10.123594667400347,13,3.0,-462
10.123689254697451,6,3.0,5102
10.123808957669604,9,17.0,3454
10.123899266307438,13,1.0,-963
10.124364707009175,6,12.0,5320
10.124418100639902,7,38.0,4725
10.124638719864008,8,5.0,3702
10.124815587117363,7,1.0,4200
10.124931610577962,13,6.0,-18
10.124939091334706,9,3.0,3197
10.125703232383788,7,43.0,451
10.12577874493289,9,23.0,4669
10.126668302449808,13,2.0,-485
10.126755875501287,14,9.0,-683
10.126914357292222,6,1.0,6537
10.126985669388027,14,2.0,-26
10.126985669388027,17,2.0,-26
10.127626241845824,7,3.0,5067
10.128866971194023,13,12.0,-718
10.128889152282632,7,2.0,4506
10.129057976205498,8,7.0,647
10.129394512598672,7,17.0,1905
10.129908461662211,7,1.0,3329
10.1300323884734,1,2.0,6937
10.130081964271037,14,4.0,-1024
10.130312756539926,7,2.0,1300
10.130324460028085,7,5.0,1367
10.130330911359088,7,22.0,3353
10.13035759666899,6,2.0,6825
10.131584495350557,6,15.0,6344
10.131602585897296,14,6.0,-132
10.131635529401121,7,5.0,4724
10.131721298219121,6,6.0,6618
10.131822379994729,7,4.0,6138
10.132013118279682,7,1.0,1955
10.133611337478627,1,3.0,6938
10.133811180316945,7,2.0,5166
10.1341046965039,7,6.0,5832
10.134721321074675,6,6.0,6495
10.134845716771435,6,2.0,6814
10.134850239720112,1,20.0,6939
10.134934064015377,5,4.0,0
10.135089901120372,13,4.0,-833
10.135089901120372,17,4.0,-833
10.135299420384356,13,1.0,-105
10.135299420384356,17,1.0,-105
10.135429239123182,13,3.0,-365
10.135429239123182,17,3.0,-365
10.13571151591144,6,11.0,6877
10.135857996471934,7,9.0,4966
10.135984303570764,8,12.0,4770
10.136523254439261,6,4.0,5651
10.137244604316793,7,8.0,1973
10.13743457811491,7,2.0,5388
10.137516567584141,7,1.0,2550
10.13777266033184,5,3.0,0
10.137785970168595,13,2.0,-883
10.137795474144342,13,1.0,-845
10.137925807148527,7,46.0,2497
10.137944910031091,9,23.0,3151
10.138595535751241,6,1.0,6879
10.138829647183028,7,11.0,4433
10.13897673797142,1,9.0,6940
10.139120551331022,9,5.0,2603
10.139321177419399,6,1.0,6471
10.139580819092647,6,36.0,6785
10.139764724186294,7,6.0,5016
10.139775814430992,7,21.0,4089
10.139917542399363,5,4.0,0
10.140561702312105,7,1.0,2075
10.140838542186291,13,2.0,-1001
10.140888026056462,6,4.0,4058
10.140968713757456,13,1.0,-653
10.140968713757456,17,1.0,-653
10.141012479795485,7,6.0,3006
10.141102581839872,1,2.0,6941
10.142223279657767,13,2.0,-545
10.142463600131025,7,55.0,682
10.142534453917857,14,2.0,-549
10.142745230177471,8,1.0,4403
10.142753058567704,9,36.0,2987
10.14275836023171,6,4.0,2385
10.14277059345816,5,1.0,0
10.14289050698956,7,12.0,3492
10.143143016859703,6,3.0,5221
10.143622744848722,6,18.0,6442
10.143734914148762,7,6.0,5181
10.14454163237323,7,2.0,5702
10.144589856980966,1,5.0,6942
10.144658857918525,13,2.0,-519
10.144772881994037,13,9.0,-440
10.144891166006564,1,1.0,6943
10.145224240384056,9,1.0,4893
10.14525998976599,14,8.0,-259
10.14525998976599,17,8.0,-259
10.145564672145316,7,11.0,5005
10.145820033352582,7,8.0,3271
10.145828872786161,5,4.0,0
10.145875814275755,14,2.0,-11
10.14607071418064,1,4.0,6944
10.146455260323412,14,3.0,-781
10.146455260323412,17,3.0,-781
10.14686146807269,7,23.0,2662
10.147167676905122,5,4.0,0
10.147328220681045,5,11.0,0
10.14776333730146,7,1.0,5567
10.14809510619704,7,28.0,2462
10.148216043048912,6,14.0,6470
10.14875295524166,5,1.0,0
10.148783670507669,9,13.0,3802
10.148886445702741,1,1.0,6945
10.149152019794693,13,1.0,-929
10.149176597475185,1,7.0,6946
10.149475203095388,7,3.0,3258
10.149513841967675,7,2.0,5473
10.14990423664021,7,5.0,3377
10.149957899463807,5,3.0,0
10.150101796305558,13,3.0,-521
10.150102576410468,6,30.0,5774
10.150456638369572,6,1.0,6291
10.15074396627321,7,4.0,4115
10.151006226060106,7,4.0,4793
10.151060082374661,6,6.0,6517
10.151420995879365,1,1.0,6947
10.15149244300683,6,4.0,2842
10.15161372238852,6,40.0,6551
10.15185798150551,13,1.0,-372
10.15185798150551,17,1.0,-372
10.151872349955676,1,29.0,6948
10.151925451130369,5,4.0,0
10.152102864670999,6,1.0,3301
10.152215806710146,7,6.0,4908
10.152259502719323,8,5.0,4209
10.152275328340336,6,3.0,6337
10.152481197214762,5,5.0,0
10.15280225575638,6,15.0,6302
10.153350734584592,6,2.0,6617
10.153369038075931,13,1.0,-1010
10.153369038075931,17,1.0,-1010
10.153595752415162,13,1.0,-629
10.153682530026424,9,2.0,4252
10.154091070582709,6,2.0,5893
10.154407064990181,9,2.0,5855
10.154559384359494,7,2.0,4871
10.15458566055801,14,2.0,-190
10.154631499688426,1,7.0,6949
10.154774457308317,14,1.0,-870
10.154774457308317,17,1.0,-870
10.154866045869976,14,4.0,-236
10.155075633395509,6,2.0,6472
10.155104312105104,5,1.0,0
10.155506373816943,8,7.0,6142
10.155579152319394,13,1.0,-558
10.155628483845303,1,3.0,6950
10.155968731329363,13,1.0,-962
10.155968731329363,17,1.0,-962
10.156028144247353,6,2.0,3408
10.156397033129725,6,3.0,6204
10.15643803492514,5,2.0,0
10.156957568557539,1,2.0,6951
10.157069299342394,7,8.0,4065
10.157476605740005,8,2.0,4915
10.157677154429871,1,2.0,6952
10.157812193769356,6,5.0,6588
10.157843546052469,1,1.0,6953
10.157928101511969,13,7.0,-526
10.157928101511969,17,7.0,-526
10.15816269137922,7,1.0,5191
10.158506492260978,9,1.0,2452
10.158725382137774,6,1.0,6219
10.158822779560124,1,2.0,6954
10.158901778863992,1,3.0,6955
10.159023446804659,1,4.0,6956
10.15920262195748,8,4.0,4654
10.159541512992586,16,9.0,4418
10.159699594622252,8,5.0,6829
10.160122467452087,1,3.0,6957
10.160138361104718,13,2.0,-713
10.160555822713713,6,5.0,5251
10.16118746733838,7,3.0,3911
10.161280147049487,7,51.0,2863
10.162123160738313,13,2.0,-1033
10.162123160738313,17,2.0,-1033
10.162147881449537,1,2.0,6958
10.162928088057027,9,40.0,3148
10.163096173631946,7,3.0,5969
10.163161505048631,6,2.0,6703
10.163169331451211,6,16.0,4314
10.163178266396672,7,5.0,4957
10.163179584583315,5,1.0,0
10.163693668822772,14,1.0,-195
10.163693668822772,17,1.0,-195
10.163866889458511,6,12.0,6414
10.163987447905503,1,7.0,6959
10.164744860428659,13,2.0,-725
10.16475541674405,7,1.0,3563
10.165253503951678,14,2.0,-897
10.165257131578194,7,25.0,4233
10.165528927002011,14,1.0,-302
10.165935484612177,8,2.0,6762
10.165954081626202,1,4.0,6960
10.165997055568655,8,5.0,5569
10.166653388808419,7,7.0,4888
10.16668592532691,6,7.0,5790
10.167715622378138,8,7.0,6554
10.167833784238901,1,3.0,6961
10.16788585461661,11,3.0,4731
10.168165411095785,8,2.0,5158
10.168230893711984,6,2.0,6709
10.168479067096522,13,2.0,-231
10.168661595050429,7,5.0,2169
10.168852064746442,7,4.0,5477
10.168917012550136,8,52.0,4035
10.169023853472194,7,13.0,5913
10.169072397706882,6,5.0,4492
10.169498278869982,1,3.0,6962
10.170338558940397,6,1.0,6535
10.170431782105105,1,2.0,6963
10.17054365291584,7,2.0,4567
10.170861763714427,16,6.0,1574
10.170916316621435,13,1.0,-285
10.171053025490313,14,2.0,-389
10.171053025490313,17,2.0,-389
10.171168288309559,1,2.0,6964
10.17145878513145,5,1.0,0
10.1715363578384,13,2.0,-51
10.1715363578384,17,2.0,-51
10.17188939904739,7,9.0,4570
10.17225426316675,6,1.0,6945
10.172305712701084,13,1.0,-483
10.172305712701084,17,1.0,-483
10.172448455171784,1,2.0,6965
10.172508415712077,7,4.0,2599
10.172657926346403,7,3.0,714
10.172772409141693,3,15.0,6966
10.172888808388024,1,3.0,6967
10.173108285591947,6,2.0,6701
10.173354949048845,1,1.0,6968
10.17339286304758,7,3.0,6130
10.173431641826715,6,24.0,6113
10.173489365265748,13,1.0,-543
10.173489365265748,17,1.0,-543
10.173594400308826,13,3.0,-506
10.173634687583744,6,37.0,6007
10.17407716837641,5,4.0,0
10.174098701829998,6,6.0,6899
10.174113673625763,7,9.0,3842
10.174377900487354,14,1.0,-226
10.174377900487354,17,1.0,-226
10.174654232464533,5,1.0,0
10.17471966969936,8,8.0,5000
10.17502125301853,14,4.0,-158
10.17502125301853,17,4.0,-158
10.175243871911494,5,1.0,0
10.17530722233198,8,45.0,1489
10.175377213781355,3,5.0,6969
10.175428632841307,7,1.0,5370
10.175656377705502,6,3.0,6749
10.175839133061352,13,1.0,-377
10.175840636413902,14,1.0,-212
10.176040401059796,8,2.0,5979
10.176049912847256,1,2.0,6970
10.176476720878213,6,1.0,5332
10.176567976203582,14,4.0,-142
10.176981824470992,5,3.0,0
10.1771944363025,7,4.0,2716
10.177372558644377,9,17.0,4068
10.177377843650277,13,4.0,-223
10.177664378769782,13,1.0,-229
10.177908288161001,5,7.0,0
10.178235832337991,14,4.0,-418
10.178419043775376,6,3.0,6717
10.17872968266574,6,6.0,3452
10.179913782756273,7,1.0,1727
10.18042660845723,7,15.0,4805
10.180679793453857,13,1.0,-935
10.180679793453857,17,1.0,-935
10.180974209703647,6,3.0,6513
10.18100242862088,13,1.0,-631
10.18100242862088,17,1.0,-631
10.181154283488395,7,3.0,5167
10.181347198907824,6,6.0,5118
10.181683222208363,5,7.0,0
10.182844303840108,7,6.0,3854
10.18337879553974,5,25.0,0
10.183446868379942,7,3.0,523
10.183602918837124,13,1.0,-1032
10.183672269104452,8,1.0,2941
10.184277998227826,8,3.0,6287
10.184413060182818,13,1.0,-300
10.184418042964774,13,1.0,-536
10.184426886087799,14,1.0,-81
10.184760748909692,2,9.0,6971
10.185234242969955,5,2.0,0
10.185438281334763,9,47.0,3472
10.185488207402418,1,1.0,6972
10.186074747099683,14,3.0,-409
10.186074747099683,17,3.0,-409
10.186182825560994,7,7.0,3612
10.186247700303657,7,2.0,6066
10.186335051663832,14,3.0,-537
10.187205027554011,10,15.0,6966
10.187406619953755,5,4.0,0
10.187473501593557,14,3.0,-375
10.1881522903867,6,1.0,6580
10.188175563315335,13,3.0,-579
10.18870267864293,6,15.0,6782
10.188771158287569,5,2.0,0
10.189173930953704,1,12.0,6973
10.189313923607365,5,3.0,0
10.189592595265228,5,1.0,0
10.190136752980367,7,1.0,3380
10.190418532163244,6,2.0,5847
10.190987720221816,1,3.0,6974
10.191090049849196,6,2.0,6963
10.19171022087685,9,54.0,3434
10.191971881474219,10,35.0,6771
10.192471063505247,5,11.0,0
10.192559166047864,7,30.0,2736
10.192625495970873,9,25.0,3293
10.19289116240739,1,6.0,6975
10.192925137682943,7,9.0,3123
10.193131544872108,13,1.0,-262
10.193219736234699,13,7.0,-972
10.193247005705675,9,8.0,2332
10.193462743835383,13,7.0,-140
10.193462743835383,17,7.0,-140
10.193648693698755,7,7.0,5647
10.193717963961506,1,2.0,6976
10.193953916015587,5,4.0,0
10.194123950704643,1,23.0,6977
10.194236717207357,1,10.0,6978
10.194536987777365,7,6.0,5407
10.194553922983498,1,2.0,6979
10.194716663704902,13,4.0,-669
10.195136462517977,8,12.0,6114
10.195218840628673,1,2.0,6980
10.195411615416013,6,5.0,6529
10.195468085554145,7,6.0,2631
10.195530095124651,13,43.0,-859
10.19578819687667,14,1.0,-21
10.19578819687667,17,1.0,-21
10.195930345405698,6,6.0,6436
10.196013046226268,13,7.0,-206
10.196341524367229,14,5.0,-407
10.196391903004477,13,2.0,-6
10.196391903004477,17,2.0,-6
10.196684781312477,13,1.0,-896
10.196913131523267,7,5.0,5505
10.196976495256289,13,1.0,-852
10.197231442536877,1,6.0,6981
10.19768250411039,13,1.0,-820
10.198227661656047,1,5.0,6982
10.198530448841197,7,3.0,5282
10.198550274315362,7,3.0,5878
10.199487408162465,6,1.0,6639
10.199811654127648,7,43.0,4028
10.199811741871303,1,1.0,6983
10.199862698725,13,2.0,-388
10.200039724259904,6,5.0,6595
10.200230932568552,5,2.0,0
10.200364868808636,7,5.0,3831
10.20053529689592,6,2.0,6380
10.201062725331436,6,2.0,5875
10.201204180936116,13,5.0,-124
10.201204180936116,17,5.0,-124
10.201350094140679,9,5.0,2316
10.202165732787181,6,9.0,5123
10.202225552236069,5,3.0,0
10.202349123206767,7,1.0,3625
10.202412352288322,13,1.0,-327
10.202541433191803,13,4.0,-361
10.202666753883186,13,12.0,-931
10.202666753883186,17,12.0,-931
10.203526625117298,5,4.0,0
10.203598313818626,8,2.0,6026
10.203937823305935,6,7.0,5684
10.204084368735742,7,2.0,3968
10.20422016344563,7,2.0,5316
10.204455618096278,1,6.0,6984
10.20461992988278,13,7.0,-255
10.204884120768355,6,4.0,5695
10.205205184839963,7,1.0,5869
10.205293341660347,1,1.0,6985
10.20568305049312,14,5.0,-49
10.205766857344075,7,2.0,5049
10.206128742823012,7,26.0,3392
10.207806466009824,1,2.0,6986
10.208509732804568,6,14.0,6673
10.208976349661953,6,2.0,6748
10.209012427096727,7,25.0,3538
10.209222759747291,5,4.0,0
10.209236217918653,14,4.0,-1043
10.209708250008537,6,6.0,4344
10.209758057053545,9,5.0,3385
10.209807024957987,5,37.0,0
10.210035049098346,7,6.0,4442
10.210193910790682,9,6.0,3658
10.210389270135245,5,2.0,0
10.210445953525392,8,4.0,4300
10.210824696449318,6,1.0,6086
10.21085950792046,14,1.0,-889
10.210983040716288,7,6.0,5561
10.211006007932788,7,43.0,2552
10.211098054735402,7,31.0,5503
10.212234279893973,14,6.0,-722
10.212728521054176,5,13.0,0
10.212807808919539,7,21.0,3155
10.212906909272322,13,18.0,-513
10.212906909272322,17,18.0,-513
10.21290929629567,6,7.0,6694
10.213087578060692,13,2.0,-460
10.213599177942557,9,45.0,1489
10.213867904857345,1,3.0,6987
10.214186558301957,8,1.0,4288
10.214828092418728,1,14.0,6988
10.214877082416491,6,1.0,6953
10.214971211649013,8,5.0,6085
10.215148426016645,6,2.0,6604
10.215174404290774,6,4.0,4933
10.215186340561019,14,1.0,-139
10.215195059696953,7,8.0,4698
10.215195327830298,7,5.0,4730
10.215258025759795,1,12.0,6989
10.215546764805378,6,27.0,6888
10.215808139655687,7,1.0,4948
10.216235176089953,6,3.0,6293
10.216513416877342,6,6.0,5341
10.216668546403927,1,4.0,6990
10.216700080345687,9,11.0,4659
10.217096957675311,9,9.0,1500
10.217155843631994,10,16.0,6881
10.217724639575088,7,47.0,3312
10.218624740681552,5,1.0,0
10.218663214325142,7,5.0,4448
10.21873914712691,5,1.0,0
10.218854233691916,6,3.0,6178
10.21888622548683,6,6.0,6827
10.218927535899926,6,4.0,6757
10.219543948815856,13,6.0,-95
10.219758927336025,6,41.0,1096
10.219936313910207,6,12.0,6926
10.22003985114014,14,3.0,-865
10.220075986336461,13,2.0,-128
10.220075986336461,17,2.0,-128
10.220106494951546,1,4.0,6991
10.22018938652932,5,5.0,0
10.220197478956603,6,6.0,6716
10.220268852117794,7,2.0,5399
10.220392946736577,6,1.0,6850
10.220411181162138,7,2.0,4390
10.220469332427715,13,1.0,-822
10.220856895856024,14,3.0,-772
10.22124454665055,8,5.0,6199
10.221446832905022,13,1.0,-16
10.221476088844348,1,11.0,6992
10.22152129397236,7,4.0,5670
10.221632528569115,7,8.0,3560
10.22170834241448,7,47.0,3367
10.222391351679928,1,1.0,6993
10.222638922220163,14,9.0,-1026
10.222721064853483,8,2.0,5232
10.222968718231694,7,2.0,6024
10.223282103188941,1,3.0,6994
10.223353813808933,6,3.0,6451
10.223382080947088,6,14.0,6624
10.223613084376415,7,60.0,3627
10.223956357792883,6,1.0,6920
10.224033981107452,5,2.0,0
10.224220492394023,6,2.0,6683
10.22440433164089,8,29.0,5923
10.224468551870729,8,6.0,3354
10.224922148794885,7,4.0,1994
10.22498154331083,14,2.0,-884
10.225196268876626,9,38.0,1928
10.225264337214682,6,1.0,6922
10.22530445653571,7,24.0,3315
10.225463713143409,5,2.0,0
10.225528341401946,7,14.0,5242
10.225647977977033,7,9.0,3261
10.22578627219035,8,20.0,5248
10.226037140735425,1,2.0,6995
10.226189135807205,14,7.0,-188
10.227006614406452,7,5.0,1628
10.227090688537896,14,4.0,-182
10.227144110525266,6,3.0,5778
10.227165282973226,6,5.0,6811
10.227270031447157,1,3.0,6996
10.227332033049906,13,1.0,-444
10.22755178601787,5,3.0,0
10.227768072475483,9,27.0,2305
10.227776734703204,7,6.0,5591
10.228204724916521,9,5.0,3153
10.22870466086365,5,4.0,0
10.228718071493613,7,35.0,2203
10.228723613559035,13,3.0,-487
10.228857647831816,7,4.0,3756
10.228858401493886,7,36.0,5783
10.228888054604804,13,2.0,-978
10.228978395560684,5,1.0,0
10.229299199132933,6,5.0,5812
10.229480843973873,13,5.0,-958
10.22948186923695,1,7.0,6997
10.22950116878099,7,5.0,4611
10.229676193086343,5,5.0,0
10.229861444929625,13,1.0,-346
10.229929744794838,7,19.0,4997
10.230256352206009,7,4.0,911
10.230520968410946,1,1.0,6998
10.230551052003216,7,1.0,4552
10.230708626830037,9,2.0,597
10.230710795923079,6,59.0,6863
10.230769969988303,7,2.0,2514
10.230793214445777,6,6.0,4467
10.23082992278784,7,8.0,2802
10.23089876476586,6,6.0,4401
10.231039080699352,6,5.0,6478
10.231119160748268,5,2.0,0
10.23161646583614,7,2.0,1365
10.23204599915807,13,1.0,-527
10.232261291419526,11,55.0,2580
10.232600665860112,13,1.0,-559
10.23279898967718,1,10.0,6999
10.232928084030602,2,13.0,7000
10.233013210764465,7,1.0,4144
10.233189084330213,13,4.0,-234
10.233189084330213,17,4.0,-234
10.233276349245324,14,3.0,-437
10.233417462641693,1,3.0,7001
10.234194224220708,1,6.0,7002
10.23471669524068,13,1.0,-221
10.235339622837026,6,11.0,6223
10.23570574719036,1,2.0,7003
10.235869175016001,13,3.0,-33
10.236034913016233,6,18.0,5497
10.236367711502306,7,3.0,5519
10.236946464008714,14,3.0,-215
10.23724210176079,13,2.0,-622
10.237325497190673,6,2.0,4150
10.237643773891655,6,1.0,6169
10.237817330497812,7,2.0,3960
10.23786637437104,7,1.0,6037
10.2379242223506,14,8.0,-459
10.23811368129502,13,1.0,-846
10.238829725611314,8,9.0,5877
10.238833025042666,7,5.0,2166
10.23889678260127,7,12.0,2439
10.238917711561188,7,3.0,5873
10.239111146025836,6,1.0,6705
10.239122604785132,6,6.0,4366
10.239194386215402,1,1.0,7004
10.239755622320578,7,1.0,3541
10.239801355173148,14,2.0,-670
10.239894083460104,8,4.0,4872
10.239898494970772,14,4.0,-635
10.239898494970772,17,4.0,-635
10.240240276186729,5,2.0,0
10.240465476397846,5,4.0,0
10.240731232247281,8,6.0,5147
10.241587460752013,7,11.0,1728
10.241819823821427,7,49.0,3250
10.242045412907432,7,3.0,4026
10.242147379122784,7,1.0,671
10.242321084037082,6,37.0,2518
10.242610175351254,1,2.0,7005
10.242819636924352,6,2.0,2437
10.242847869010347,13,1.0,-1028
10.242934806446462,8,5.0,1149
10.24298691939881,13,5.0,-551
10.24298691939881,17,5.0,-551
10.243367774741682,7,14.0,4285
10.243520472330445,1,5.0,7006
10.243697769449165,5,6.0,0
10.243709127685355,14,1.0,-64
10.24377071730433,9,4.0,4928
10.243935264017981,5,1.0,0
10.24426198146897,7,9.0,3760
10.24435094398416,14,6.0,-694
10.245055432651208,13,1.0,-885
10.245059601085716,14,2.0,-208
10.245059601085716,17,2.0,-208
10.245076200252647,1,10.0,7007
10.245194409592674,6,5.0,4577
10.245277825775803,13,14.0,-1025
10.245277825775803,17,14.0,-1025
10.24546666784754,13,1.0,-858
10.245567875997304,6,2.0,5693
10.245587487617295,5,1.0,0
10.245971562271343,8,2.0,5500
10.246068811784964,7,2.0,5010
10.246738368696112,8,9.0,5604
10.246773146409186,6,2.0,6044
10.246902723362023,5,6.0,0
10.24690626305238,1,1.0,7008
10.247324456956283,5,4.0,0
10.24763890793103,1,8.0,7009
10.248385495251684,7,10.0,3813
10.248750055316604,1,2.0,7010
10.2489821044422,8,2.0,6820
10.249166736576118,7,3.0,463
10.249184084437175,6,5.0,5665
10.249308935745841,7,1.0,6094
10.249609574421772,5,1.0,0
10.249888993638415,9,9.0,5604
10.24990175667822,5,3.0,0
10.2499642919067,13,1.0,-672
10.2499642919067,17,1.0,-672
10.250104009060806,6,2.0,5521
10.250265496119567,9,14.0,5028
10.250337485096798,1,5.0,7011
10.250376759219026,6,2.0,3771
10.250597393442003,5,2.0,0
10.250764939337882,7,1.0,4071
10.251016522256268,5,11.0,0
10.251100842765924,7,11.0,1967
10.251100842765924,16,11.0,1967
10.251140399088712,7,31.0,5062
10.251516371216344,7,9.0,3136
10.251613677121655,6,2.0,6599
10.25266151636506,6,1.0,6927
10.252765037998882,9,16.0,4452
10.253303711304724,6,58.0,6766
10.253870458071319,7,59.0,2449
10.253890866470075,5,1.0,0
10.254665060598322,14,3.0,-276
10.254720120891486,6,1.0,4402
10.254782387304283,13,24.0,-554
10.25478582102142,7,7.0,5480
10.254982362488041,6,2.0,4538
10.255106637249206,1,3.0,7012
10.255608539707348,14,6.0,-617
10.255608539707348,17,6.0,-617
10.255728699618627,6,9.0,6174
10.255811539592502,1,2.0,7013
10.256199904434695,7,3.0,4750
10.256244756235917,6,25.0,6628
10.256429966911234,9,1.0,4288
10.256909525104511,13,1.0,-715
10.257273898124987,14,2.0,-61
10.25740799506063,7,4.0,5012
10.257860554110467,13,2.0,-666
10.258095162601386,13,2.0,-776
10.258168959095213,6,28.0,5609
10.258187707425108,5,41.0,0
10.258582141759279,9,4.0,3185
10.258634854261656,14,1.0,-117
10.25866795343496,14,4.0,-903
10.259612669603907,9,5.0,6838
10.26003658449481,1,1.0,7014
10.260044596583548,7,1.0,4975
10.26026582407539,13,3.0,-445
10.260268273656479,8,51.0,4351
10.260443691274222,6,1.0,6123
10.260741702582733,1,2.0,7015
10.26075347124154,7,2.0,3351
10.260781976867191,13,1.0,-345
10.26099632813053,14,3.0,-790
10.26099632813053,17,3.0,-790
10.261065217660656,13,3.0,-172
10.261065217660656,17,3.0,-172
10.261244820232239,1,15.0,7016
10.261448141763378,14,6.0,-174
10.261448141763378,17,6.0,-174
10.261477561192093,6,1.0,5842
10.26149708436952,6,2.0,6995
10.26178936674266,6,2.0,6503
10.261839251403819,7,51.0,3537
10.26200439467328,5,1.0,0
10.262179675022699,6,1.0,5537
10.262191274381522,13,2.0,-217
10.262988966851204,14,1.0,-246
10.263210385571126,8,3.0,5626
10.263333844589793,7,2.0,5129
10.26335562320355,1,5.0,7017
10.263520422572197,1,3.0,7018
10.263711280853745,13,1.0,-793
10.263711280853745,17,1.0,-793
10.263752707280773,6,5.0,6780
10.264324940108667,13,1.0,-707
10.264324940108667,17,1.0,-707
10.264482715265109,13,1.0,-967
10.264714530223234,6,2.0,6873
10.264732898875215,6,2.0,6787
10.265411669562976,6,16.0,4504
10.265437980680424,5,1.0,0
10.26553374863312,1,3.0,7019
10.266040348759306,7,2.0,4970
10.266311049109177,7,4.0,4097
10.266383053981542,9,5.0,3699
10.266437343794555,7,2.0,3574
10.266648105454891,7,5.0,952
10.266972168265092,13,1.0,-13
10.267150251950332,1,3.0,7020
10.267663783555365,13,5.0,-168
10.267889281791263,9,3.0,2601
10.26805155556022,9,11.0,2880
10.268497406974372,6,3.0,6938
10.268643332544782,7,30.0,1859
10.268689617911793,1,4.0,7021
10.268762986583333,5,1.0,0
10.268918678084427,1,1.0,7022
10.26899644341409,8,6.0,4489
10.269090156475485,6,8.0,4719
10.269680716769932,1,15.0,7023
10.269742273368541,13,11.0,-518
10.269742273368541,17,11.0,-518
10.270068381034049,1,2.0,7024
10.270117049690427,7,32.0,1235
10.270404742538595,7,3.0,5950
10.270652095522436,6,5.0,4508
10.270663929438122,1,7.0,7025
10.27070890040265,6,2.0,5854
10.271044874289563,13,3.0,-335
10.271057782424457,7,19.0,5234
10.271115956307343,13,4.0,-630
10.271138871334102,6,13.0,6774
10.271365931372872,14,3.0,-200
10.271912272331253,13,6.0,-941
10.271975047164542,6,1.0,3907
10.272125937655531,8,1.0,6839
10.272140923242858,7,3.0,3880
10.272157673032504,7,3.0,3459
10.272338257710226,13,2.0,-922
10.2724813687853,6,7.0,6742
10.272877581942696,5,12.0,0
10.272967642842339,5,8.0,0
10.27303880144531,9,16.0,3455
10.273895695847884,7,4.0,5450
10.27418377534435,6,2.0,3964
10.274470067662865,7,4.0,3331
10.275730369116044,1,13.0,7026
10.276053616425207,9,36.0,2895
10.276152740190934,7,4.0,6416
10.276166488224757,6,5.0,6476
10.277099069233241,7,4.0,5621
10.277289653238588,1,4.0,7027
10.277493338400145,1,4.0,7028
10.277495170101195,7,5.0,4478
10.277706349211897,1,1.0,7029
10.277935220969258,14,31.0,-303
10.278470767377634,1,2.0,7030
10.278546961979494,7,5.0,4031
10.278669408036423,3,1.0,7031
10.278731115971521,1,2.0,7032
10.278789531117983,13,1.0,-143
10.278789531117983,17,1.0,-143
10.27887703967694,14,3.0,-282
10.27887703967694,17,3.0,-282
10.278911579326449,7,3.0,5146
10.27897071846159,7,4.0,5809
10.279097219022859,6,13.0,6358
10.279262240972294,1,1.0,7033
10.279286198246874,6,7.0,6657
10.279325889441896,1,2.0,7034
10.279334121752006,5,2.0,0
10.279940464151384,2,5.0,7035
10.280034956435232,6,12.0,4129
10.280087335769874,1,3.0,7036
10.280096560401201,13,2.0,-83
10.28010596259309,6,5.0,4842
10.2801233050377,8,15.0,2088
10.28021945163988,7,16.0,4214
10.280723984021998,13,1.0,-184
10.28073288739117,13,1.0,-677
10.281093760683724,8,46.0,3834
10.281114465939183,7,1.0,3924
10.281395879495172,7,2.0,5296
10.281724079887471,13,4.0,-751
10.281907700608858,1,29.0,7037
10.28210794470059,6,2.0,6465
10.282248933990116,5,4.0,0
10.282603831752184,6,4.0,5064
10.282685895409527,8,4.0,2725
10.28290375268875,6,25.0,5464
10.283491470310043,14,1.0,-45
10.284373381525809,14,2.0,-798
10.28453966768,7,33.0,2700
10.284623021553472,9,5.0,3240
10.284837875527302,5,3.0,0
10.2849882736616,14,8.0,-915
10.285247827042129,7,3.0,3808
10.285477019440474,1,1.0,7038
10.285764585256544,9,4.0,3827
10.285782007183606,5,3.0,0
10.285925657325933,13,1.0,-192
10.285925657325933,17,1.0,-192
10.286084061632911,7,39.0,1515
10.28609194703503,7,7.0,4297
10.286277174821892,14,1.0,-749
10.2863384713037,5,6.0,0
10.287118911987148,6,2.0,6633
10.287272427030233,7,2.0,2391
10.287656958769041,7,11.0,2330
10.287941359273615,13,29.0,-130
10.288125916977801,13,6.0,-993
10.288160295316294,5,5.0,0
10.288356886472007,1,2.0,7039
10.28858687490396,1,1.0,7040
10.2886891983567,6,2.0,6980
10.289036024939213,10,4.0,6867
10.289263073135347,7,40.0,5235
10.289425152619698,1,1.0,7041
10.289492531135851,6,2.0,5107
10.289866637940303,13,7.0,-531
10.289923877323504,5,4.0,0
10.290237383042214,9,18.0,3144
10.290606694769183,13,1.0,-925
10.29079014140686,7,6.0,6081
10.2909819910302,8,48.0,2633
10.29108266698448,6,41.0,4516
10.291190369252199,5,41.0,0
10.2913394575198,7,2.0,3306
10.29145308796191,6,9.0,1253
10.29160325380224,6,15.0,4644
10.291765654547842,6,6.0,3140
10.292063442252152,13,2.0,-465
10.292063442252152,17,2.0,-465
10.292135399929178,6,4.0,7028
10.292362757392981,5,3.0,0
10.292487112092157,9,1.0,5553
10.292795266755634,6,1.0,6441
10.292939254387441,7,60.0,3260
10.293532729984989,13,1.0,-472
10.29359765041408,6,11.0,6992
10.293933155125858,7,34.0,2766
10.294378778515462,1,1.0,7042
10.294778361000054,7,1.0,2742
10.294826260320434,6,1.0,6197
10.294979652841777,14,2.0,-496
10.295946502514253,1,2.0,7043
10.296598029440217,7,1.0,1540
10.297291078252105,14,1.0,-880
10.297304290531438,6,3.0,6803
10.29757356152922,1,3.0,7044
10.297894967413113,1,41.0,7045
10.2986596964321,7,55.0,1360
10.299495628202044,7,4.0,5590
10.299534879614834,6,1.0,6585
10.299962711042173,5,18.0,0
10.300825943585519,7,6.0,5393
10.300985462392674,7,25.0,4187
10.301101010355895,6,1.0,6777
10.301201604459035,14,53.0,-592
10.301400331506162,1,2.0,7046
10.301827067958042,14,7.0,-953
10.301896505563754,8,2.0,2697
10.302138098275238,10,1.0,7031
10.302273212311794,14,2.0,-203
10.302508386072894,6,3.0,4523
10.30279888070269,6,4.0,6646
10.302822692246952,7,1.0,3090
10.303070639436013,7,7.0,4279
10.303071637918654,6,1.0,6805
10.303534527758918,8,5.0,5180
10.304198297277711,7,4.0,4444
10.30441719271222,13,1.0,-272
10.3049421879673,7,1.0,3344
10.305223338211272,6,6.0,6676
10.305448826859838,8,3.0,4586
10.305528482092578,1,2.0,7047
10.305693710986612,13,2.0,-780
10.305693710986612,17,2.0,-780
10.306168815548377,13,1.0,-66
10.306168815548377,17,1.0,-66
10.306404991477415,6,11.0,6555
10.306606141963618,13,4.0,-121
10.306655043258388,5,2.0,0
10.306791445831516,7,9.0,4744
10.306893412584992,8,46.0,6836
10.307081711287767,7,5.0,5708
10.307102511745315,7,1.0,4702
10.307177452218827,6,18.0,3871
10.307438250344799,7,2.0,5187
10.307508536130742,13,1.0,-632
10.307795702432466,7,7.0,3724
10.308094795478624,14,4.0,-1023
10.308378239369164,8,6.0,5927
10.308400533936046,5,2.0,0
10.308605379544206,5,3.0,0
10.30869980944025,5,4.0,0
10.309388194879995,14,2.0,-699
10.309748105741567,6,3.0,6887
10.31007859925939,6,4.0,5385
10.310377896832644,6,7.0,4257
10.31067574426545,1,2.0,7048
10.310676069099175,8,6.0,2770
10.310917231806393,13,7.0,-1037
10.311006084048385,9,8.0,2455
10.311007693060143,5,1.0,0
10.311106664025468,6,2.0,6807
10.311138631771929,9,60.0,3441
10.311218239092184,1,1.0,7049
10.311616168919599,7,12.0,3557
10.311837130915,7,2.0,2777
10.312769614284786,1,4.0,7050
10.313266326395118,13,1.0,-347
10.313412616047547,5,20.0,0
10.313847138513717,8,3.0,3241
10.313964515924177,7,57.0,871
10.31398108737243,7,17.0,3809
10.314292609068104,14,2.0,-74
10.314292609068104,17,2.0,-74
10.3149869894495,13,13.0,-590
10.315053555934602,5,3.0,0
10.31507632990994,9,5.0,1339
10.315176098145624,6,6.0,5635
10.315449058351195,13,10.0,-145
10.316165721738296,6,7.0,6760
10.316224678293668,6,1.0,6202
10.316473686403972,5,1.0,0
10.31674056651943,14,3.0,-166
10.316784518789381,6,2.0,7048
10.31683286273593,1,3.0,7051
10.316942611657385,1,2.0,7052
10.317132184015424,7,24.0,3484
10.317203723955044,7,51.0,3085
10.317215272063688,1,3.0,7053
10.317422689024909,13,1.0,-413
10.317612434292736,6,4.0,4828
10.31762877510879,1,4.0,7054
10.318143286396339,14,5.0,-232
10.318227860715503,14,5.0,-337
10.318267590693505,5,1.0,0
10.318490568870702,14,3.0,-214
10.318578682093234,7,5.0,1911
10.318948575474844,6,2.0,5262
10.318974062842276,5,1.0,0
10.319413860720541,7,2.0,3636
10.319899058977736,7,5.0,5057
10.320080810716203,7,5.0,5602
10.320237423897598,6,2.0,6808
10.320334944636125,13,2.0,-566
10.320930240146078,7,5.0,3921
10.321349941830553,7,6.0,4911
10.321440710014281,6,5.0,6238
10.321459330648016,14,2.0,-380
10.321459330648016,17,2.0,-380
10.321465785989398,5,7.0,0
10.32156571874148,6,2.0,7005
10.321604302784388,13,10.0,-351
10.321712863909427,1,1.0,7055
10.321893559773192,5,4.0,0
10.322405528020273,6,1.0,6968
10.322684420595701,13,2.0,-1018
10.322684420595701,17,2.0,-1018
10.322890470228163,6,5.0,5511
10.322952168359869,7,54.0,2939
10.322968815347533,6,5.0,6795
10.323156377985754,14,14.0,-283
10.323292342968017,7,11.0,3072
10.32381047649728,6,3.0,6737
10.324031557000986,6,3.0,6289
10.324525889036178,9,1.0,5371
10.324580390009732,5,1.0,0
10.324988487215277,6,3.0,6242
10.32513639124733,6,2.0,6964
10.325269113557054,13,8.0,-123
10.325397587013352,9,29.0,5920
10.325851519862493,1,7.0,7056
10.326094996481025,5,1.0,0
10.3267778554462,5,8.0,0
10.326781813377638,1,9.0,7057
10.327060424124324,5,8.0,0
10.327082957686011,6,4.0,7021
10.327435831244967,7,3.0,2014
10.327847581060647,13,3.0,-263
10.328206346027079,13,17.0,-86
10.328276881890003,7,3.0,2949
10.328852597990682,6,9.0,6875
10.329148441977832,7,2.0,2460
10.329165988797332,6,3.0,6651
10.32959120594311,13,3.0,-428
10.32959120594311,17,3.0,-428
10.329653633660017,7,1.0,5035
10.330147118736814,6,7.0,5421
10.330274678614405,1,1.0,7058
10.33028338129068,14,51.0,-79
10.33047286205561,6,10.0,6935
10.33048128037499,7,11.0,4735
10.330647063479546,8,5.0,5760
10.330709337439579,5,2.0,0
10.331567844092342,5,1.0,0
10.331658734260271,5,10.0,0
10.331890373086791,6,33.0,4945
10.33204689155621,13,8.0,-424
10.332641281313022,7,6.0,3925
10.332675730838083,6,2.0,5438
10.332929007597347,13,24.0,-35
10.332963773956406,7,2.0,4361
10.33315023611207,7,3.0,4130
10.333160337068179,1,1.0,7059
10.333423244610051,13,3.0,-583
10.333423244610051,17,3.0,-583
10.333591186367896,7,17.0,2139
10.333794043485478,14,10.0,-736
10.333847605008128,9,2.0,5430
10.333928625948671,1,4.0,7060
10.333997332120461,7,58.0,3958
10.334008096480156,1,13.0,7061
10.334331394184213,13,2.0,-1
10.334331394184213,17,2.0,-1
10.33520483876728,5,3.0,0
10.335310383885767,13,1.0,-1048
10.335310383885767,17,1.0,-1048
10.335406790235583,5,1.0,0
10.33568043576126,1,7.0,7062
10.335800442208274,13,4.0,-616
10.335834729854025,7,57.0,3400
10.335873270687063,6,1.0,6108
10.336045877364464,6,8.0,5640
10.336179418842661,1,16.0,7063
10.336366213734012,7,41.0,4238
10.336432524711935,1,2.0,7064
10.336778344550433,8,22.0,4723
10.336956492853645,7,11.0,5063
10.336980840789828,14,2.0,-15
10.337059821178888,9,7.0,5258
10.337594268398751,7,4.0,5517
10.337594268398751,16,4.0,5517
10.337627502208004,6,12.0,5245
10.337832300787602,14,1.0,-131
10.337832300787602,17,1.0,-131
10.338090341580546,7,1.0,4891
10.338561934741389,5,2.0,0
10.338562619840404,14,4.0,-177
10.338747240315197,14,4.0,-504
10.338757417970958,2,9.0,7065
10.338818136152168,14,6.0,-658
10.339459302522455,1,7.0,7066
10.339533660020244,1,5.0,7067
10.340463056099619,13,3.0,-47
10.340463056099619,17,3.0,-47
10.34057580427142,7,5.0,4917
10.341086566859406,1,2.0,7068
10.341452790204013,13,1.0,-994
10.341452790204013,17,1.0,-994
10.341778336764202,1,6.0,7069
10.342231117249316,6,7.0,5793
10.342334676797519,14,1.0,-84
10.342437839325997,1,2.0,7070
10.34245617060995,7,7.0,4578
10.342852218805946,7,2.0,4316
10.343105634569728,7,2.0,4217
10.343962125352787,1,1.0,7071
10.344298527165408,5,6.0,0
10.344396597424296,7,4.0,3620
10.344700256809558,6,8.0,6799
10.344961014912977,14,5.0,-352
10.345151041344659,13,1.0,-647
10.34555125407827,6,6.0,5103
10.34556200500857,7,5.0,1757
10.345813250776809,13,1.0,-289
10.345813250776809,17,1.0,-289
10.346022950795419,13,1.0,-762
10.34661168255742,6,3.0,6987
10.347097593301772,7,2.0,1443
10.347277148383288,5,2.0,0
10.347308624373266,6,2.0,6049
10.347953715821813,7,7.0,3014
10.348148596671589,8,1.0,5278
10.348151770298006,6,5.0,5898
10.349085217616263,13,11.0,-887
10.350391909274402,13,5.0,-510
10.350497707177952,14,3.0,-914
10.350663298193062,1,7.0,7072
10.350699354179271,13,4.0,-984
10.350766707176174,14,3.0,-664
10.350820739406196,1,4.0,7073
10.350887643751324,13,2.0,-957
10.351224625679839,6,4.0,6271
10.351379338281715,8,12.0,5320
10.352387422503236,7,10.0,4831
10.352462680155202,14,4.0,-987
10.352579077562881,1,8.0,7074
10.352992634727974,6,3.0,6422
10.353046224998337,6,13.0,6382
10.353125560800553,7,1.0,4846
10.353208594657517,6,7.0,6553
10.353636600409946,7,5.0,6650
10.353959147298628,8,3.0,3564
10.354131271781732,13,3.0,-433
10.354173923587084,7,11.0,4038
10.354366005975317,14,3.0,-597
10.35441155198089,1,2.0,7075
10.354421840685516,7,27.0,5127
10.354467972128406,1,6.0,7076
10.354494905302545,13,1.0,-876
10.354702190987831,9,2.0,5080
10.354761337195134,13,1.0,-167
10.354803169718611,7,14.0,3861
10.355064552802514,7,53.0,1930
10.355718273451533,7,5.0,5358
10.356297882363306,13,1.0,-173
10.356325788222364,1,5.0,7077
10.356545347172151,7,5.0,877
10.35655240133322,7,1.0,5331
10.35657399220666,7,26.0,3058
10.35669643144819,7,2.0,1586
10.356792290551521,7,6.0,3586
10.356861697078134,7,4.0,3973
10.35686769372255,6,16.0,3237
10.357121638116046,6,12.0,3424
10.357645497005556,7,3.0,4219
10.358099503158467,7,9.0,4641
10.358674673225893,12,57.0,6107
10.358847157446464,13,3.0,-614
10.35893918280158,1,1.0,7078
10.359122408017365,6,3.0,7018
10.359505335323824,1,2.0,7079
10.360722730716699,5,2.0,0
10.361240902457034,13,23.0,-358
10.361391864665366,13,4.0,-651
10.361464718707158,7,11.0,5943
10.361824191632046,5,4.0,0
10.36225381503537,13,2.0,-204
10.362268321562473,7,43.0,2703
10.362493819379555,14,2.0,-490
10.36299606622376,14,2.0,-43
10.363361773043659,5,5.0,0
10.363462236222988,5,1.0,0
10.363951921830187,14,3.0,-62
10.364055641950447,14,5.0,-159
10.36408575926093,9,3.0,3676
10.364100576598256,13,2.0,-654
10.364148556925393,6,3.0,4736
10.36447311240941,7,7.0,5269
10.364558502488373,13,2.0,-581
10.364558502488373,17,2.0,-581
10.364648529725956,6,10.0,5362
10.365099457340282,7,6.0,3055
10.365289979915394,7,1.0,4573
10.36541423487136,13,1.0,-920
10.3658643704242,5,6.0,0
10.365992704180405,7,11.0,3945
10.366051720830388,7,7.0,4303
10.366317662701157,6,13.0,5381
10.366387541901899,13,11.0,-451
10.366387541901899,17,11.0,-451
10.366550813834676,7,3.0,4404
10.366619322346377,8,3.0,3337
10.366958176708886,14,3.0,-486
10.367024085012028,7,3.0,4462
10.367033582000504,5,3.0,0
10.368135043066523,7,8.0,4875
10.368392547962658,5,3.0,0
10.368746347479803,7,1.0,2997
10.368756818584302,7,2.0,2470
10.368903502487248,6,1.0,6891
10.369198070716998,7,14.0,2553
10.369226781930028,13,3.0,-926
10.369226781930028,17,3.0,-926
10.369479471795536,1,2.0,7080
10.369490794572775,7,13.0,4477
10.36959156412932,14,1.0,-107
10.369645566470254,13,5.0,-682
10.369715981296702,1,4.0,7081
10.369852050742631,7,4.0,4550
10.370352205498257,5,1.0,0
10.37064962111512,6,9.0,6693
10.371279946798563,13,4.0,-992
10.371279946798563,17,4.0,-992
10.371519254412842,14,9.0,-287
10.371519254412842,17,9.0,-287
10.371850993199581,7,2.0,4078
10.371991085660632,7,3.0,5762
10.372055075995789,14,3.0,-998
10.372417467773543,1,3.0,7082
10.372529863249094,6,4.0,6767
10.372709259565735,9,1.0,3417
10.372810319632187,1,1.0,7083
10.373075098414514,13,1.0,-515
10.373574187196029,1,2.0,7084
10.374559242956352,1,3.0,7085
10.375051554453695,7,6.0,5808
10.375055768676344,1,3.0,7086
10.375096668377902,6,6.0,6864
10.375113367288755,14,1.0,-120
10.375224234161855,7,3.0,3283
10.375376370089832,14,5.0,-868
10.375628222409931,7,9.0,3317
10.375680336136089,6,2.0,6496
10.375875775742758,6,6.0,5919
10.376175601381961,5,3.0,0
10.376338628953892,1,31.0,7087
10.376507944269935,7,29.0,6181
10.37670814625284,5,22.0,0
10.376893433106686,13,2.0,-400
10.37693521114415,1,6.0,7088
10.377137183691536,14,2.0,-753
10.377736413237725,6,1.0,5018
10.377870910156132,9,4.0,4892
10.378132932805283,6,5.0,6211
10.378140738454979,1,2.0,7089
10.378454682599187,6,4.0,7081
10.378534689695838,7,1.0,4989
10.378842780161982,9,41.0,546
10.37910911587683,1,14.0,7090
10.379362439270102,6,3.0,5897
10.379470149715837,7,32.0,2441
10.379846375077591,8,3.0,4498
10.380221108430556,7,1.0,2721
10.380356363395842,7,40.0,4446
10.380396655034163,6,2.0,6979
10.38052572780428,7,3.0,3573
10.381338155557785,6,6.0,1931
10.381343987399593,9,32.0,4284
10.382223986224036,13,2.0,-367
10.382473389996445,13,1.0,-446
10.382474713197979,6,37.0,4074
10.382507124437758,9,48.0,2245
10.382520703295818,6,4.0,6856
10.38265383732153,5,6.0,0
10.382697542948247,1,5.0,7091
10.382882236727374,1,2.0,7092
10.382895539535841,6,8.0,4553
10.382907971842572,6,5.0,6933
10.383083291458995,7,4.0,3139
10.383311310177668,13,2.0,-804
10.383378921285665,14,2.0,-290
10.383386714762151,1,4.0,7093
10.383639268593136,1,7.0,7094
10.384103056865584,7,2.0,5631
10.384485164192863,7,1.0,2443
10.384520932426055,7,8.0,3901
10.38457770153372,7,52.0,1506
10.384622581926587,13,6.0,-600
10.384622581926587,17,6.0,-600
10.384733974696212,9,3.0,4168
10.384733974696212,16,3.0,4168
10.384733986460883,7,3.0,4278
10.384799839960472,1,8.0,7095
10.384835726151413,9,2.0,4205
10.38517846455797,5,3.0,0
10.385305459707796,7,13.0,3988
10.385332209937951,13,4.0,-3
10.385551228292236,13,1.0,-354
10.385551228292236,17,1.0,-354
10.385903800949418,6,8.0,6928
10.38593361348772,9,2.0,2824
10.386070729728436,1,6.0,7096
10.386268669718731,7,14.0,3594
10.386337413656129,6,3.0,4083
10.386354938956005,5,3.0,0
10.386376489592548,1,6.0,7097
10.386691128921486,9,5.0,3219
10.386736618115053,6,3.0,6610
10.386833885021812,13,1.0,-901
10.38687878090163,6,1.0,6745
10.387197456946076,6,17.0,4728
10.387198620345169,6,2.0,3067
10.38852206109422,7,5.0,5944
10.388592169382303,7,1.0,5835
10.389199743261898,13,1.0,-69
10.389434473661233,7,1.0,4158
10.38969403772655,7,33.0,5520
10.389801349651297,6,2.0,4503
10.390669708389103,5,4.0,0
10.391649719905544,1,5.0,7098
10.392348463679193,8,1.0,6167
10.392406015234405,1,3.0,7099
10.392442950028409,8,3.0,5113
10.392570217661616,6,3.0,6609
10.392879138841879,6,2.0,6340
10.392887078951734,9,35.0,1444
10.393118386466325,5,2.0,0
10.393809677455968,5,3.0,0
10.394068586050443,13,1.0,-661
10.39422307636079,14,1.0,-256
10.394752358312271,7,2.0,2433
10.394941778329558,13,1.0,-799
10.394941778329558,17,1.0,-799
10.395142378766879,5,1.0,0
10.395297130620778,5,3.0,0
10.395419896260528,14,2.0,-575
10.396145498633476,7,1.0,4715
10.39651485305918,8,1.0,4628
10.396586647243469,1,1.0,7100
10.396979968954904,7,16.0,5170
10.396993920932426,13,9.0,-973
10.39709268954287,5,1.0,0
10.39716839069416,1,3.0,7101
10.397343121319787,5,1.0,0
10.397648639206457,6,1.0,6381
10.398423465721704,13,2.0,-950
10.399032899433493,7,2.0,4865
10.399218719215636,7,2.0,2546
10.39927075760401,2,5.0,7102
10.399415132138202,7,32.0,2236
10.399503357213753,7,2.0,2909
10.399669969667784,6,3.0,6000
10.399825894701207,7,19.0,1553
10.400022061066629,8,9.0,2300
10.400109549354262,6,15.0,4994
10.40014495397254,1,2.0,7103
10.400240714646166,13,1.0,-129
10.400240714646166,17,1.0,-129
10.400250550815528,6,5.0,5973
10.400850711663814,6,3.0,6994
10.401093469050712,6,1.0,7042
10.401542445438961,13,1.0,-986
10.401545559631213,14,1.0,-697
10.401864080193345,7,1.0,4186
10.402006745465286,8,25.0,5464
10.402031283856553,7,1.0,5178
10.402201394500391,7,1.0,5217
10.402582153595464,1,6.0,7104
10.402617153497223,7,42.0,2583
10.402628920486299,1,2.0,7105
10.403050808014767,7,5.0,5273
10.403127937515938,13,1.0,-38
10.403127937515938,17,1.0,-38
10.403609098124711,13,1.0,-732
10.404531478593377,1,2.0,7106
10.404556175099579,13,5.0,-974
10.404740995275244,6,4.0,4040
10.404791846748038,13,1.0,-412
10.405085344305125,13,1.0,-88
10.405192295694308,7,1.0,2928
10.40529525811568,1,1.0,7107
10.405411629833962,7,35.0,4940
10.405765623003616,1,25.0,7108
10.405998996535232,5,1.0,0
10.406214731164116,6,43.0,3732
10.406303014742955,6,6.0,6984
10.406489597494943,6,11.0,5834
10.406499562330739,7,11.0,5481
10.406731730208728,6,1.0,6569
10.406798927751787,7,47.0,1323
10.407205716279856,8,4.0,5366
10.407455692191402,6,3.0,5939
10.408098613880606,6,6.0,6356
10.40837590891381,13,1.0,-423
10.4086836664369,6,19.0,6207
10.408829801821298,9,6.0,3794
10.408945487996288,7,9.0,4195
10.409045345882621,7,3.0,2797
10.40915683316724,8,6.0,3598
10.409650804845365,13,1.0,-905
10.409650804845365,17,1.0,-905
10.409759449090739,7,43.0,483
10.409766712210622,11,55.0,3416
10.4101296698888,8,1.0,3301
10.410210746698324,1,1.0,7109
10.410966178218901,6,2.0,5802
10.411198830268972,13,11.0,-180
10.411198830268972,17,11.0,-180
10.411202554061212,7,17.0,4599
10.411203422716424,1,4.0,7110
10.411364627972961,13,31.0,-744
10.411466686049678,7,11.0,4146
10.411589480383524,6,2.0,4211
10.412563118434724,7,5.0,1976
10.412567180461695,7,8.0,3790
10.412665745346192,6,12.0,2513
10.412972941505648,1,1.0,7111
10.413528660373654,14,2.0,-601
10.413700755394531,5,1.0,0
10.413897834151307,1,5.0,7112
10.414107157869623,6,4.0,4417
10.414572701748682,6,29.0,6948
10.414578101405423,1,7.0,7113
10.415012034433465,6,5.0,6323
10.415014717612449,7,2.0,4878
10.415105617249694,14,2.0,-623
10.415171375025778,5,4.0,0
10.415287163594785,7,5.0,5623
10.41563773784552,1,2.0,7114
10.415727290282238,13,2.0,-104
10.416669702596487,5,1.0,0
10.416721571909655,8,10.0,2343
10.416927069556639,1,1.0,7115
10.417820598608824,5,4.0,0
10.417881728883966,13,5.0,-636
10.418546209495265,9,1.0,4560
10.41858727303765,7,7.0,5307
10.41878299235843,6,19.0,5348
10.418792100538756,7,8.0,4806
10.419148054104568,7,3.0,6013
10.419277313885642,7,1.0,3669
10.419695069539047,6,7.0,7025
10.419748092326037,5,1.0,0
10.420068754004499,7,10.0,4434
10.42010598752201,14,8.0,-457
10.42010598752201,17,8.0,-457
10.420255440315243,14,1.0,-853
10.420341957361213,13,1.0,-607
10.420375040179097,14,1.0,-470
10.420375040179097,17,1.0,-470
10.42047264464622,14,2.0,-70
10.42060530939059,6,41.0,6248
10.420977616905374,1,2.0,7116
10.421173314678196,2,7.0,7117
10.421580910653422,7,23.0,2461
10.421616656550727,13,4.0,-934
10.422610214371447,1,2.0,7118
10.422909168434263,1,1.0,7119
10.422943910844499,8,6.0,6858
10.422962580427994,1,4.0,7120
10.423166023350115,9,3.0,5737
10.423199254591625,7,2.0,5029
10.423340664467645,14,3.0,-703
10.423385039006972,13,1.0,-198
10.423453676106647,9,3.0,5933
10.423800407271013,6,3.0,6362
10.423950576845282,5,4.0,0
10.424335703652934,9,5.0,5911
10.424573008247242,7,2.0,2329
10.424920767904267,13,7.0,-8
10.424961089803325,7,1.0,5121
10.425049779735087,1,2.0,7121
10.425097750236988,7,1.0,6225
10.4251775084859,113,43.0,-414
10.425273442726596,7,5.0,3198
10.42528021163533,5,2.0,0
10.425666570686033,7,2.0,4712
10.425706955076116,13,8.0,-550
10.42571490800573,7,8.0,6029
10.425740830944655,13,1.0,-249
10.425804343652638,1,2.0,7122
10.425855033953875,6,1.0,6890
10.426286504874685,7,1.0,3468
10.426360838482331,7,2.0,4632
10.426468384718872,7,3.0,6483
10.426473597167949,1,2.0,7123
10.426809318342661,9,31.0,2464
10.426909968061597,13,1.0,-902
10.426909968061597,17,1.0,-902
10.426947878123006,1,9.0,7124
10.426993765751435,14,1.0,-278
10.427191949755867,7,1.0,5770
10.427255531892584,7,2.0,3935
10.427412753435329,7,2.0,5764
10.427446925076717,14,5.0,-849
10.42831473088952,5,4.0,0
10.428525453049671,14,3.0,-729
10.428667259418301,14,2.0,-937
10.428671746434453,6,7.0,7094
10.428694849647368,7,2.0,4378
10.42885973312835,13,10.0,-133
10.429347986377863,13,1.0,-919
10.429614882725252,6,5.0,6162
10.429670751842155,13,5.0,-247
10.429799010220602,13,2.0,-343
10.42982386415123,7,1.0,4996
10.429984690957914,7,3.0,6489
10.43018028870421,7,2.0,1996
10.430360396900188,5,5.0,0
10.430596067031486,1,3.0,7125
10.431062637741059,14,1.0,-797
10.431062637741059,17,1.0,-797
10.431160481162967,6,4.0,7060
10.431250492410605,8,2.0,5515
10.431285350942387,1,4.0,7126
10.431503900152931,5,3.0,0
10.432022633321498,1,5.0,7127
10.43209088200217,6,7.0,6558
10.432434111601848,13,2.0,-557
10.432736123491487,13,5.0,-709
10.432812456162507,13,5.0,-111
10.433012468074267,6,3.0,6732
10.43315535842493,6,1.0,5074
10.433159589023983,9,10.0,4447
10.433218118277095,7,1.0,4617
10.433608558111251,7,10.0,5870
10.433712969817451,7,1.0,4141
10.433834640141907,5,3.0,0
10.433885085501563,6,20.0,5876
10.433893139044665,14,1.0,-390
10.434023350148575,7,6.0,3266
10.434025438791776,13,1.0,-855
10.434261352354357,7,7.0,5353
10.434461496802365,1,3.0,7128
10.435006993287091,13,3.0,-376
10.435280096284904,7,3.0,3022
10.435388447644733,14,3.0,-737
10.435388447644733,17,3.0,-737
10.43543858095185,6,1.0,7059
10.435526712782512,6,8.0,6295
10.436077871415232,1,2.0,7129
10.436112303658046,9,6.0,3598
10.436268728764315,7,5.0,4296
10.436278604551593,6,1.0,6915
10.436656576677544,7,3.0,5548
10.436816296645114,7,19.0,4169
10.437166617666987,13,1.0,-548
10.437194166530032,7,1.0,4765
10.437220041004581,7,2.0,4466
10.437395184905977,6,10.0,6978
10.437481298261755,6,8.0,6194
10.437509378832829,7,2.0,4539
10.437734742385052,6,3.0,5784
10.438148020526278,1,2.0,7130
10.438297697066208,6,15.0,2900
10.438482981842068,13,2.0,-39
10.438674043051952,14,3.0,-533
10.439008285372177,5,24.0,0
10.439018005582463,6,1.0,6849
10.439210326524226,7,8.0,3765
10.439237724751175,1,4.0,7131
10.439284519521314,1,6.0,7132
10.439379304071903,13,22.0,-103
10.439379304071903,17,22.0,-103
10.439713556791602,8,2.0,6340
10.439745331961976,6,7.0,4608
10.440055745005845,1,6.0,7133
10.440064925322343,6,3.0,5803
10.440509033980856,6,52.0,6565
10.440535865247366,7,3.0,1569
10.440764836145902,7,2.0,4901
10.44086326867313,7,9.0,3132
10.441579378195868,7,1.0,1091
10.441807660881159,1,2.0,7134
10.44182516293636,13,1.0,-505
10.441980562084444,7,2.0,5002
10.442089158432415,8,1.0,6043
10.44220278250997,6,1.0,6797
10.442407566600155,6,7.0,6761
10.44246011562365,7,5.0,4714
10.442599323336134,14,8.0,-748
10.442831170086787,5,2.0,0
10.442980255354016,13,2.0,-960
10.44314642623033,13,2.0,-264
10.443276765245466,7,1.0,3522
10.443281114641936,13,17.0,-9
10.443440887371057,7,8.0,3501
10.443763132393421,6,3.0,4449
10.443882634326348,5,5.0,0
10.444193824830027,13,2.0,-511
10.444380988268856,1,1.0,7135
10.445343495289155,1,5.0,7136
10.44538977632132,5,1.0,0
10.445398457041362,13,2.0,-831
10.445527619141144,6,11.0,6324
10.446069568658599,7,5.0,5198
10.446124902406181,9,4.0,3503
10.446239303574156,7,4.0,1643
10.446396700615244,7,4.0,2964
10.446402341720795,6,2.0,5469
10.446575954801053,5,1.0,0
10.44660569853789,13,1.0,-92
10.446756011116577,13,1.0,-850
10.446944080348215,6,2.0,6772
10.44722780198562,7,5.0,4073
10.447551122686729,7,2.0,3680
10.447775898050864,8,24.0,5325
10.44784472550515,9,43.0,4182
10.447930447029778,1,4.0,7137
10.448108341084819,7,31.0,4592
10.448261120596278,6,1.0,6006
10.44882747253053,13,3.0,-395
10.448907222211142,6,3.0,6691
10.449034321027884,6,11.0,4126
10.449268474153506,5,3.0,0
10.44942548600958,8,52.0,3836
10.450014701054643,13,1.0,-528
10.450014701054643,17,1.0,-528
10.450304646176358,14,4.0,-733
10.450433811729614,13,1.0,-913
10.450468683737256,9,6.0,5502
10.450570847747958,6,2.0,3456
10.451065218626773,9,40.0,2251
10.451756614025904,7,7.0,5674
10.451756614025904,16,7.0,5674
10.45197865881131,13,5.0,-403
10.45197865881131,17,5.0,-403
10.45198535124876,5,2.0,0
10.452210383387081,1,6.0,7138
10.452268754609442,14,4.0,-807
10.452268754609442,17,4.0,-807
10.452570761717926,9,3.0,4189
10.452763600488574,7,1.0,4341
10.45297436492402,7,33.0,3953
10.453068464329062,6,1.0,6137
10.453335906760332,7,2.0,4079
10.45335184454224,13,6.0,-213
10.454143618181432,14,11.0,-199
10.454205331786195,13,2.0,-497
10.454341031344596,7,57.0,517
10.454468206303469,9,5.0,3849
10.454845349066474,1,5.0,7139
10.454860750909498,1,6.0,7140
10.454876728972035,7,5.0,5403
10.4554808387216,6,9.0,6280
10.455630709909736,1,13.0,7141
10.45567852714392,7,2.0,5592
10.455790924683532,2,6.0,7142
10.456024400058574,1,2.0,7143
10.456043835034258,14,3.0,-233
10.456204413095088,13,3.0,-1017
10.456204413095088,17,3.0,-1017
10.456938406198864,13,3.0,-313
10.456938406198864,17,3.0,-313
10.457010718613557,1,4.0,7144
10.457366269892033,1,5.0,7145
10.457573327914583,6,2.0,6744
10.457675736450915,7,15.0,3974
10.457681037676062,1,13.0,7146
10.457681619929945,7,2.0,3829
10.458458575024569,6,7.0,7117
10.45895504992955,7,2.0,3109
10.459051569896806,7,5.0,4517
10.459061440686733,8,2.0,5693
10.459564522682138,14,6.0,-114
10.459564522682138,17,6.0,-114
10.45975697059671,1,1.0,7147
10.459841301431162,7,2.0,3772
10.459951537427415,6,1.0,5490
10.460199180328644,14,3.0,-350
10.460557858727707,1,5.0,7148
10.46103517520408,6,4.0,6373
10.461056207537295,7,26.0,5611
10.461266316401208,6,3.0,6487
10.461272762713325,7,11.0,5629
10.461747108146877,7,2.0,4925
10.461785627949457,14,1.0,-638
10.461872681092288,13,3.0,-7
10.461872681092288,17,3.0,-7
10.461924542565084,14,4.0,-106
10.461924542565084,17,4.0,-106
10.462091447006182,7,2.0,2258
10.462137817472346,7,6.0,5740
10.462259651619783,5,4.0,0
10.462310398532408,14,3.0,-529
10.46236862508003,5,2.0,0
10.462501827791293,6,3.0,6311
10.462590034597154,14,3.0,-685
10.4626708754533,9,52.0,4035
10.462679351301336,7,5.0,5975
10.46325381310505,2,51.0,7149
10.463320771912283,14,4.0,-791
10.463403973777806,13,35.0,-606
10.463477914432561,14,2.0,-812
10.463480512718585,1,17.0,7150
10.463767468545624,7,1.0,615
10.46377715255102,1,11.0,7151
10.463793268062952,7,8.0,4007
10.463846548349458,9,8.0,5563
10.464397839378506,6,1.0,6125
10.464446350014114,6,35.0,5954
10.464696997789016,13,2.0,-1011
10.464696997789016,17,2.0,-1011
10.464794589095012,13,3.0,-947
10.464881190199378,13,1.0,-53
10.465139900219668,7,14.0,2309
10.46534058142231,7,8.0,4128
10.465364205402231,6,2.0,4571
10.465723739738086,1,1.0,7152
10.465760595425003,1,1.0,7153
10.46623474376076,14,1.0,-482
10.466338406243713,5,5.0,0
10.466414879988564,1,1.0,7154
10.466448190113882,6,16.0,7063
10.467209763761813,7,11.0,6214
10.46723407709177,6,1.0,4992
10.467499208034482,13,3.0,-479
10.467703228260651,1,1.0,7155
10.467768238947347,6,5.0,3978
10.467942680899437,9,3.0,5610
10.468138305258844,6,6.0,6653
10.468304762968495,6,6.0,7133
10.468319022638614,14,3.0,-572
10.468358540064964,1,22.0,7156
10.468934999693913,1,4.0,7157
10.469108265312446,1,3.0,7158
10.469336570696495,13,3.0,-738
10.469547427850577,5,3.0,0
10.469626765417074,6,5.0,6028
10.469802913877635,1,8.0,7159
10.4698841624084,5,2.0,0
10.470610554855247,7,4.0,3797
10.470770348617354,13,1.0,-712
10.470821795204824,14,11.0,-87
10.470846611844594,5,4.0,0
10.470933523583613,1,18.0,7160
10.47139933757148,5,3.0,0
10.47151375940139,7,5.0,5971
10.47157705959642,5,8.0,0
10.471871656038799,6,6.0,6688
10.471928656938395,8,3.0,4897
10.472214018680111,8,9.0,5495
10.472625784715538,9,20.0,4947
10.472739440932079,6,5.0,7006
10.473804733544515,5,5.0,0
10.47382116268507,6,35.0,2274
10.473939558731626,1,3.0,7161
10.473967211367741,14,1.0,-402
10.474102991325065,1,1.0,7162
10.474176986276705,5,2.0,0
10.474811462022702,5,2.0,0
10.474860178614811,7,2.0,5584
10.475160701095652,1,18.0,7163
10.475487190987234,6,14.0,5142
10.47561693733024,7,6.0,2487
10.475921753628617,1,4.0,7164
10.47604672301098,13,3.0,-1049
10.476263976758974,6,7.0,6399
10.476841278221606,13,3.0,-477
10.47704014421008,1,9.0,7165
10.477089859565991,7,10.0,4936
10.477952723870716,14,1.0,-461
10.478370534751324,6,14.0,2822
10.478613083726785,6,9.0,5396
10.479257399692251,5,3.0,0
10.47967257660709,1,5.0,7166
10.479959066998337,7,1.0,6600
10.479969343843548,7,1.0,2577
10.480019957659165,6,2.0,5360
10.48027829790274,13,2.0,-585
10.480305346187365,6,2.0,7121
10.480358377844986,7,2.0,4304
10.480468363218694,7,6.0,3520
10.480527583825024,1,17.0,7167
10.480539314298621,7,41.0,2170
10.480911868065906,7,2.0,3504
10.480915017583943,1,9.0,7168
10.481288385056388,5,1.0,0
10.481449073336814,13,2.0,-977
10.481906540999796,5,2.0,0
10.482267068921239,13,1.0,-442
10.482777740994532,5,2.0,0
10.483085939753048,6,3.0,5215
10.483122269872558,8,7.0,6760
10.483355020353768,14,3.0,-237
10.483355020353768,17,3.0,-237
10.483994064501797,7,3.0,4987
10.484061283018335,13,5.0,-975
10.48483068601982,7,4.0,4695
10.48485592266512,5,3.0,0
10.485115708966102,14,3.0,-674
10.485247460774499,1,2.0,7169
10.485276577440628,9,8.0,4896
10.48568656248234,6,6.0,4863
10.486380252490477,6,6.0,5707
10.486454616457683,1,5.0,7170
10.486503394952738,7,1.0,4574
10.486683275818494,5,8.0,0
10.486790524771537,5,1.0,0
10.48689676394644,14,5.0,-589
10.48689676394644,17,5.0,-589
10.486944378805024,5,6.0,0
10.487092526514672,7,2.0,4208
10.487506125347535,6,6.0,6613
10.487596375667458,5,2.0,0
10.487785693016743,6,10.0,6754
10.487793554393415,2,3.0,7171
10.488487405465019,1,2.0,7172
10.489227456055715,1,3.0,7173
10.489892951290654,7,5.0,657
10.490005279623338,1,1.0,7174
10.490388840899007,7,7.0,4977
10.490548769026653,7,11.0,4703
10.490561908527837,13,2.0,-837
10.49074446419736,7,3.0,4309
10.49074446419736,16,3.0,4309
10.491053745716426,5,5.0,0
10.491282589901912,13,3.0,-795
10.49156051063538,14,4.0,-318
10.492107857364541,7,1.0,4584
10.492235975008342,7,58.0,2261
10.492343992177396,6,2.0,5691
10.492707142975728,13,7.0,-516
10.49274426175415,8,2.0,6604
10.492859472019036,5,1.0,0
10.493361900338378,9,1.0,3409
10.493386841100518,9,3.0,2504
10.493987637412811,9,2.0,4694
10.49460154094676,6,7.0,6126
10.494612467440735,6,8.0,6729
10.494749474727922,13,1.0,-943
10.49523573142514,13,1.0,-657
10.49523573142514,17,1.0,-657
10.495241008329263,6,1.0,5344
10.495901513398904,16,6.0,336
10.496140326495393,1,5.0,7175
10.496383765318164,6,3.0,5883
10.49643338421573,7,2.0,3600
10.496543670918943,5,4.0,0
10.496594720690524,1,2.0,7176
10.49671985740351,6,17.0,6376
10.496945190836584,14,11.0,-240
10.497254819514435,14,3.0,-101
10.497623538120642,13,1.0,-23
10.497969305300773,8,6.0,6348
10.49809810610632,13,2.0,-535
10.498324021928639,6,57.0,3672
10.498425990543213,14,7.0,-449
10.498500613252872,6,3.0,6784
10.49851582149289,1,1.0,7177
10.498617238766988,1,5.0,7178
10.498659676678173,7,30.0,5999
10.498896205326531,14,1.0,-761
10.498896205326531,17,1.0,-761
10.498910008998404,5,1.0,0
10.49897757506546,1,4.0,7179
10.499190489981995,6,4.0,4055
10.499831722872612,7,2.0,1793
10.499955233013765,5,6.0,0
10.49996007928245,6,2.0,6512
10.499963839999722,6,4.0,7110
10.500196315994875,13,2.0,-398
10.50058605007793,1,2.0,7180
10.50102016535497,6,13.0,7000
10.501023999413047,6,13.0,5588
10.501208823805907,7,2.0,4170
10.501212143222117,7,6.0,4017
10.501299647624954,9,4.0,5560
10.501341912778088,14,5.0,-304
10.501341912778088,17,5.0,-304
10.501494582911345,1,2.0,7181
10.501675940558805,6,7.0,6949
10.501719543429607,7,1.0,2865
10.502153828013585,6,3.0,6844
10.502272907767274,6,12.0,4916
10.502344911264956,6,2.0,6428
10.502687476909214,1,14.0,7182
10.502821130762317,5,2.0,0
10.502842247015908,13,1.0,-997
10.503194572119881,7,2.0,5491
10.503304414813817,6,3.0,7053
10.503362603242639,13,1.0,-679
10.503362603242639,17,1.0,-679
10.503392503938214,7,8.0,3342
10.503836358197926,1,9.0,7183
10.504014126602597,8,2.0,4281
10.504139020596687,1,1.0,7184
10.50429727670494,1,3.0,7185
10.504531604199844,13,3.0,-160
10.504531604199844,17,3.0,-160
10.504604391069293,6,6.0,7076
10.504769159440304,13,2.0,-205
10.504800675119146,14,2.0,-912
10.505275248685898,5,14.0,0
10.50540376797111,7,3.0,4583
10.505921915726177,9,2.0,3571
10.505957901455119,8,10.0,3201
10.50607915201687,7,1.0,5357
10.506093382500309,6,3.0,7020
10.506473465477857,6,7.0,6671
10.506480313490826,113,50.0,-730
10.506523686994536,7,2.0,3621
10.506602697004878,7,18.0,313
10.507123836057069,1,3.0,7186
10.50715817882133,14,7.0,-675
10.507161333816924,7,5.0,6023
10.507276291180009,6,4.0,6931
10.507353133732975,6,5.0,6798
10.507630104079594,7,10.0,2422
10.50769514951607,1,9.0,7187
10.507781717963784,6,1.0,6239
10.508065724363505,7,5.0,5415
10.508418718871889,1,2.0,7188
10.50855717436889,7,2.0,5149
10.508671539351525,9,1.0,4906
10.508700829800159,1,1.0,7189
10.508736530209871,7,10.0,5124
10.508826692629508,6,2.0,7084
10.509064878531554,1,7.0,7190
10.509220168118077,8,1.0,6157
10.509648660867109,13,3.0,-186
10.509648660867109,17,3.0,-186
10.509784618038088,7,13.0,3446
10.510557789242068,13,2.0,-786
10.510745276211306,6,1.0,6630
10.51088832415971,6,6.0,3575
10.511185207761875,6,8.0,6371
10.51122527163246,7,8.0,3887
10.511273293033627,14,4.0,-954
10.511384685218431,13,1.0,-701
10.511384685218431,17,1.0,-701
10.511599696720904,13,2.0,-530
10.511617825277245,16,16.0,970
10.511718904639917,7,1.0,3381
10.512025415215609,1,1.0,7191
10.512095882130117,13,2.0,-170
10.512095882130117,17,2.0,-170
10.512123213363235,1,4.0,7192
10.512645015419743,13,1.0,-668
10.513191651467881,7,3.0,4105
10.513275246909384,1,1.0,7193
10.513609368645609,14,3.0,-189
10.513609368645609,17,3.0,-189
10.514061546385905,13,1.0,-322
10.514076490188309,13,1.0,-517
10.514076490188309,17,1.0,-517
10.51432159092344,6,6.0,5946
10.514459640939318,113,48.0,-621
10.514685211397262,6,6.0,6508
10.514707810701843,16,6.0,2356
10.514791025420019,5,2.0,0
10.514793938494012,5,4.0,0
10.515013165070869,7,1.0,5550
10.515205693483871,7,21.0,1806
10.515213086546503,6,2.0,7143
10.515635177920567,13,1.0,-971
10.515898947315272,6,53.0,2478
10.516154339367304,6,3.0,6594
10.516394206074697,13,1.0,-399
10.516402941581822,7,3.0,6089
10.51685979346805,6,16.0,6145
10.517356830470137,7,6.0,2012
10.51760123922829,13,2.0,-659
10.517715820981863,7,10.0,3475
10.517897764315425,6,1.0,7177
10.518475415803415,6,5.0,5019
10.51865230474774,13,1.0,-525
10.519029716589236,13,2.0,-431
10.519278721665334,6,5.0,6912
10.519328172331303,6,2.0,5380
10.51963675434516,6,1.0,4935
10.519862041009597,8,7.0,5208
10.519882215410535,13,15.0,-363
10.519912036714315,7,3.0,2380
10.519941272534101,13,1.0,-48
10.520477652433069,7,8.0,5970
10.520771965618824,1,1.0,7194
10.520847186086746,6,5.0,6982
10.52121360243146,14,4.0,-742
10.521433316527093,1,7.0,7195
10.521508164278508,1,2.0,7196
10.521584522773745,13,1.0,-489
10.521607939420658,7,1.0,2136
10.521779454337011,6,3.0,7185
10.522031911261925,8,4.0,3521
10.522077986087325,6,5.0,5794
10.522445056305022,1,1.0,7197
10.522670940333564,5,2.0,0
10.523152139349087,13,1.0,-364
10.523325981109652,7,10.0,5082
10.523987664581602,9,1.0,1812
10.52418460625493,7,1.0,2222
10.524230606831985,14,1.0,-787
10.524282019072654,7,2.0,4003
10.524367540869164,5,8.0,0
10.524438868356714,7,13.0,5194
10.524514847692888,1,3.0,7198
10.524540581630937,7,7.0,4148
10.524884037762288,7,2.0,3539
10.525081098696782,6,6.0,4766
10.52516915496742,5,1.0,0
10.525633966561834,7,3.0,2683
10.52570971220271,6,1.0,5007
10.526093675203127,7,14.0,4856
10.526370148692825,8,16.0,4774
10.526625974980922,7,51.0,3872
10.526689961909156,13,2.0,-985
10.526689961909156,17,2.0,-985
10.526870582528554,6,4.0,5186
10.526985446570603,5,2.0,0
10.528754335116588,14,1.0,-336
10.529205967321774,13,2.0,-841
10.529237482819667,7,10.0,3230
10.529490136223178,7,2.0,3063
10.529503084090294,1,2.0,7199
10.529631288289622,5,5.0,0
10.529645558678348,7,9.0,2322
10.529866740099292,8,30.0,2851
10.529894484587276,6,26.0,5111
10.530035510107341,5,4.0,0
10.530560002716497,8,6.0,5306
10.530713067336055,7,2.0,3402
10.530933568903105,14,11.0,-966
10.531087110395355,1,7.0,7200
10.531106211975485,14,47.0,-939
10.531830401319391,9,2.0,4620
10.53184583333679,6,14.0,5557
10.532032145335275,7,2.0,5906
10.532403630442484,13,1.0,-608
10.532403630442484,17,1.0,-608
10.533042343214529,13,5.0,-980
10.533163651704958,4,2.0,7201
10.53340521518027,5,8.0,0
10.533416874415728,6,12.0,6510
10.533555095770023,7,1.0,1805
10.533683586777757,6,4.0,5314
10.533704904836672,8,4.0,5722
10.533923220656463,5,3.0,0
10.534095800029599,9,5.0,4682
10.534112749117542,7,1.0,4227
10.53411413152223,7,5.0,6136
10.534119307052986,13,1.0,-562
10.534219384092289,7,1.0,3561
10.534336516500177,7,60.0,1186
10.534364444889523,9,19.0,4057
10.534466878042325,6,1.0,6561
10.534644876960149,7,6.0,4346
10.534682630575444,13,27.0,-242
10.534972326775597,7,6.0,4649
10.535130672713013,9,8.0,4268
10.53546329598074,14,1.0,-598
10.53594595778912,6,1.0,3602
10.53621124601804,14,9.0,-1004
10.536437224463784,5,9.0,0
10.537336097531298,13,3.0,-586
10.537612427422012,6,11.0,5244
10.53816960162381,13,1.0,-817
10.53816960162381,17,1.0,-817
10.538568590107413,8,1.0,5293
10.538715019577522,4,6.0,7202
10.538827312001274,1,3.0,7203
10.539017261101087,7,59.0,6643
10.539196390360305,7,39.0,3767
10.539334623966958,13,2.0,-1007
10.539334623966958,17,2.0,-1007
10.539398903388067,7,2.0,6368
10.539503155550815,6,1.0,7147
10.539715319671618,5,1.0,0
10.53980606679858,6,1.0,7197
10.539861227729016,7,1.0,4861
10.539957012956238,13,1.0,-298
10.53999554167071,6,4.0,7126
10.540010425787642,7,3.0,4932
10.540833374246349,9,24.0,5325
10.540853713404688,5,4.0,0
10.540881082144832,1,1.0,7204
10.54109019656358,16,42.0,1166
10.541191840167304,9,18.0,5549
10.541275723039217,8,2.0,5438
10.541661127502284,7,1.0,2910
10.541889065222565,7,3.0,5369
10.541965453455152,1,3.0,7205
10.542138779765406,6,33.0,3048
10.542204554129173,1,2.0,7206
10.542551187114569,1,6.0,7207
10.54275167623594,7,9.0,4551
10.542779667997111,7,5.0,2792
10.542933381655617,7,6.0,4729
10.543128620323689,7,11.0,600
10.544192296547251,1,2.0,7208
10.544240750355677,7,20.0,4104
10.544458006213773,5,3.0,0
10.544502110667288,8,1.0,5903
10.544840616358638,7,2.0,3601
10.544884420483806,6,2.0,6262
10.54501365106217,6,4.0,4852
10.545469488154502,13,4.0,-493
10.545590433097997,1,2.0,7209
10.54568965543359,14,7.0,-826
10.545813788725525,7,7.0,6357
10.545864242636734,6,6.0,6975
10.546017057093433,6,2.0,6263
10.546290976511068,6,5.0,6640
10.546633405182822,6,4.0,6793
10.546917520853656,5,13.0,0
10.547033434584812,13,1.0,-78
10.547117360527523,7,1.0,6403
10.547512581351961,1,2.0,7210
10.548073747205736,14,6.0,-127
10.548125942634508,13,9.0,-1044
10.548138309406124,7,1.0,4251
10.548193227998471,5,2.0,0
10.548325789193612,7,34.0,3731
10.548684624180305,5,3.0,0
10.548965149782536,8,5.0,5055
10.549091988635125,1,10.0,7211
10.549103933576314,7,10.0,2522
10.549152323590913,7,5.0,6277
10.549333681442471,6,2.0,6190
10.54943018405923,1,1.0,7212
10.549656845498898,14,6.0,-808
10.549679868316348,13,3.0,-923
10.54968096827045,7,5.0,5632
10.549995873273934,6,2.0,6941
10.550317284226638,7,4.0,6143
10.55081911887797,1,1.0,7213
10.551457679411973,6,5.0,6898
10.551655588132576,13,5.0,-1002
10.552216383610983,6,3.0,6354
10.552473721153545,1,6.0,7214
10.552608945803723,14,14.0,-149
10.552608945803723,17,14.0,-149
10.552637189919196,6,2.0,6479
10.55264830307077,9,2.0,4588
10.55265717720705,13,1.0,-384
10.552791203500364,1,2.0,7215
10.552907256910885,14,5.0,-877
10.552907256910885,17,5.0,-877
10.553091658471804,7,17.0,2214
10.553101713825914,9,2.0,1821
10.553334909510864,1,4.0,7216
10.553386873500907,1,4.0,7217
10.553876438913353,14,4.0,-443
10.553903363607876,1,2.0,7218
10.55393647651239,6,1.0,6822
10.554128290141144,1,9.0,7219
10.55440682403089,7,4.0,3299
10.554546382464856,7,5.0,4440
10.554766845242133,6,2.0,6783
10.554773003681,7,2.0,4767
10.555245660319184,5,2.0,0
10.55586698021177,7,1.0,6050
10.555957875501425,7,13.0,5098
10.5575751208724,7,3.0,5712
10.557663371027171,14,8.0,-834
10.558008144925214,1,1.0,7220
10.558024012574965,6,17.0,6412
10.558102450371424,8,1.0,6538
10.558121145443469,5,5.0,0
10.55814489574405,7,13.0,5009
10.558417388945866,7,54.0,2282
10.55846906891937,8,2.0,5479
10.558925610511364,7,4.0,4697
10.558942237705605,14,1.0,-454
10.5590912570967,6,2.0,4471
10.559182528234382,7,5.0,5292
10.559738565046924,7,10.0,4323
10.560412109993466,7,5.0,5202
10.56070587535205,5,2.0,0
10.560785698580961,14,2.0,-2
10.561144898026285,1,2.0,7221
10.561211227534706,7,3.0,5339
10.561320661522593,7,19.0,3873
10.561653550444435,1,4.0,7222
10.5622105972218,1,5.0,7223
10.562692746706492,6,1.0,7184
10.564167560154353,6,4.0,7093
10.564300860536905,8,6.0,6101
10.56469304762157,8,2.0,5250
10.564864772554275,8,4.0,6757
10.565028958848664,13,3.0,-814
10.565028958848664,17,3.0,-814
10.565032433236446,7,4.0,4147
10.56575062992461,6,2.0,5649
10.565758762101213,6,5.0,5409
10.566136416076095,7,2.0,5763
10.567141075526584,8,2.0,2437
10.5676057421149,1,5.0,7224
10.567980331203009,6,4.0,6674
10.568217418453285,5,15.0,0
10.568278648158614,1,1.0,7225
10.568360750144691,1,4.0,7226
10.568426487557087,13,2.0,-28
10.568563985040146,1,2.0,7227
10.56910349345468,6,3.0,7173
10.569409396383957,13,2.0,-692
10.569705723084265,7,2.0,5555
10.570052165109734,7,16.0,4242
10.570501231994388,13,11.0,-404
10.570626803065414,13,9.0,-899
10.57083469031405,5,4.0,0
10.57111190311521,13,1.0,-970
10.5711989252854,5,3.0,0
10.571296051542241,1,2.0,7228
10.571666112913553,13,6.0,-1041
10.57204613822407,7,15.0,3596
10.572209566867748,14,2.0,-840
10.572347129251545,13,1.0,-1014
10.572477976491998,13,6.0,-89
10.573565196003626,14,3.0,-710
10.573565196003626,17,3.0,-710
10.574967626043534,5,30.0,0
10.576029594499055,13,1.0,-609
10.576029594499055,17,1.0,-609
10.576328812481234,7,4.0,2955
10.57676678439324,5,2.0,0
10.577013508326752,7,1.0,4687
10.577191542354186,6,1.0,4946
10.577237380029155,13,4.0,-326
10.5777735074228,6,2.0,2366
10.5778066653617,7,8.0,5924
10.578065057658032,13,1.0,-450
10.578173202371147,7,6.0,5333
10.578389512828885,13,2.0,-118
10.578502384728413,14,5.0,-587
10.578742751636906,6,2.0,7228
10.578981813878919,7,1.0,5024
10.579297928687259,6,1.0,5596
10.579510289363867,7,4.0,3633
10.579510289363867,16,4.0,3633
10.579711727578102,6,9.0,4904
10.579817455853957,6,3.0,7099
10.579837731463066,13,2.0,-702
10.579837731463066,17,2.0,-702
10.579899180868031,1,1.0,7229
10.579917554085236,9,9.0,5877
10.579988146941767,1,11.0,7230
10.579990811718337,7,5.0,6861
10.5800431901861,1,8.0,7231
10.580138572984819,13,2.0,-273
10.580332436776125,13,8.0,-916
10.581102901557816,13,1.0,-294
10.581168640320499,1,2.0,7232
10.581575986179038,6,11.0,6801
10.581926671835847,7,5.0,3087
10.581979040907477,5,1.0,0
10.582001311883692,5,3.0,0
10.582182320131906,13,1.0,-334
10.58239669596517,5,3.0,0
10.582459754680073,7,6.0,3542
10.5828084250701,14,3.0,-171
10.58286400471613,1,3.0,7233
10.583166154208444,13,1.0,-379
10.583716286386522,1,3.0,7234
10.58418080989965,13,1.0,-843
10.584225025817718,6,5.0,6924
10.584339754085455,6,13.0,5051
10.584349696024844,7,3.0,4015
10.58446158662386,1,3.0,7235
10.584727677491813,1,23.0,7236
10.58510373546971,6,1.0,7174
10.585255352822688,7,29.0,4549
10.585466317674289,7,2.0,3866
10.585559972624864,7,3.0,5980
10.585709446423579,5,4.0,0
10.585788669584117,5,3.0,0
10.58588256888801,13,2.0,-136
10.586017490781819,13,6.0,-720
10.586093839416467,7,6.0,4052
10.586520433417345,7,3.0,2255
10.58668444528153,13,4.0,-359
10.586687231015638,14,2.0,-539
10.586687231015638,17,2.0,-539
10.586728841129881,8,15.0,5379
10.586983030610359,6,2.0,6970
10.587281885750906,6,2.0,7070
10.587829609928699,5,1.0,0
10.588387274646694,13,1.0,-626
10.58842889656541,6,2.0,6965
10.58853334068339,7,1.0,6390
10.588591622888522,7,2.0,6698
10.588713908456652,1,3.0,7237
10.58876919964258,1,10.0,7238
10.589202085747086,7,1.0,5485
10.58920286433306,7,7.0,1505
10.58937943003786,9,5.0,388
10.58947727164071,13,3.0,-469
10.58949196622437,1,3.0,7239
10.589635688684725,113,40.0,-396
10.590002374051023,6,5.0,7098
10.590371271609238,13,3.0,-942
10.59080205169235,7,6.0,3955
10.590873013020044,7,46.0,5487
10.591182209382644,13,5.0,-678
10.591778543938274,7,45.0,3870
10.591962631873677,7,5.0,4613
10.592321004351518,13,5.0,-739
10.592487945666797,8,3.0,6833
10.592810670312561,14,3.0,-113
10.592810670312561,17,3.0,-113
10.59304519598671,7,19.0,2102
10.593183896163913,13,1.0,-731
10.59348681195725,6,20.0,6660
10.593501121583406,7,41.0,3700
10.593508061244272,6,1.0,2979
10.593567415360246,13,2.0,-12
10.593687256856388,6,3.0,6244
10.593871056466035,1,2.0,7240
10.5940787231531,13,2.0,-1040
10.5940787231531,17,2.0,-1040
10.594234360525864,14,3.0,-615
10.594479037826225,6,2.0,5671
10.594762938897292,5,3.0,0
10.594851618398517,7,8.0,3470
10.594990424239134,8,2.0,6816
10.59501682832792,6,8.0,4921
10.59519047783977,1,3.0,7241
10.595432158110631,7,3.0,3889
10.595709307754243,7,4.0,4513
10.595713980094455,13,1.0,-509
10.595764826739684,6,6.0,6518
10.595820823582867,13,1.0,-308
10.59585365658397,9,8.0,3950
10.596036886864916,1,3.0,7242
10.596646663343698,1,2.0,7243
10.59709782258286,9,1.0,3638
10.59739831734181,7,11.0,2466
10.597621349874114,6,2.0,4950
10.597651029798202,7,3.0,3506
10.597673079145059,7,2.0,4488
10.597989986886816,6,1.0,7041
10.598063697524342,14,4.0,-520
10.59806956013302,6,35.0,3878
10.598326044980356,1,30.0,7244
10.598502897173583,14,2.0,-501
10.599354910299851,7,2.0,3747
10.599355805079483,5,1.0,0
10.599406154344937,6,2.0,7221
10.599586090946078,6,6.0,4779
10.599659045587362,7,9.0,2127
10.600056873710178,13,2.0,-1016
10.600056873710178,17,2.0,-1016
10.600089517620468,13,1.0,-990
10.600164360686392,11,48.0,6315
10.600195367775138,6,3.0,7125
10.600858794239402,7,5.0,2384
10.600929770045411,7,4.0,4333
10.601259658700965,7,1.0,4139
10.601531082380784,13,2.0,-466
10.601827238636046,8,6.0,6828
10.601973079490442,7,2.0,6741
10.602220248688422,7,2.0,4379
10.60267898087366,5,6.0,0
10.602802487516229,7,2.0,1181
10.602857834086874,5,4.0,0
10.602888229004952,5,4.0,0
10.604022631158848,7,5.0,3509
10.604107081704187,13,1.0,-773
10.604268329819869,6,6.0,4216
10.604412593528469,6,12.0,6724
10.604505029381379,14,3.0,-383
10.605125834571126,1,4.0,7245
10.60568574479614,7,7.0,4807
10.605736057328631,7,1.0,5565
10.605757105933545,6,4.0,4331
10.606091212696667,6,1.0,7153
10.606326419866129,1,1.0,7246
10.606417565457834,9,13.0,2707
10.606911375771038,6,2.0,3137
10.607085854908556,6,45.0,3628
10.607408104642188,13,13.0,-201
10.607868435121066,5,1.0,0
10.607883021409489,7,5.0,3844
10.608044744772476,6,1.0,7246
10.608115925095884,7,7.0,5790
10.60833483826952,13,21.0,-152
10.608707157138255,6,9.0,7168
10.608794650638677,1,2.0,7247
10.608838274548225,2,2.0,7248
10.608879365186015,13,19.0,-99
10.609338571603066,13,3.0,-144
10.609338571603066,17,3.0,-144
10.609400686487966,6,1.0,6527
10.60971311960674,7,34.0,3493
10.609904254453696,14,2.0,-704
10.609920326423936,6,14.0,7182
10.610215832732413,7,36.0,5104
10.610215832732413,16,36.0,5104
10.61032604762154,5,4.0,0
10.610352597439482,13,15.0,-836
10.610376597612623,6,2.0,6756
10.610753007808182,6,2.0,7181
10.6112494665565,7,5.0,5283
10.612189634334957,9,2.0,4675
10.612464947372196,13,1.0,-878
10.612527872727973,3,57.0,7249
10.612578544017683,7,1.0,3448
10.613214093403911,7,8.0,3923
10.613390058381531,1,1.0,7250
10.613771005518771,1,4.0,7251
10.613903587715074,6,4.0,7073
10.614353060795152,7,22.0,6220
10.614527692986854,13,4.0,-823
10.614527692986854,17,4.0,-823
10.614550419347424,13,2.0,-741
10.614620767959945,14,1.0,-366
10.615321876063387,6,5.0,6830
10.615622105258652,13,1.0,-938
10.615789160418418,1,5.0,7252
10.615826239267045,6,13.0,5207
10.615898596327794,6,5.0,7170
10.61599060559183,6,5.0,4193
10.616048943098889,8,2.0,4143
10.616684566456442,13,6.0,-65
10.616802625464986,13,3.0,-580
10.6168492352785,2,7.0,7253
10.616941639668783,5,2.0,0
10.617389211289101,1,5.0,7254
10.61767006512461,6,7.0,3929
10.617790183666306,7,4.0,3742
10.617790183666306,16,4.0,3742
10.61802401689146,13,2.0,-783
10.618115913544113,6,2.0,6880
10.61816226157988,13,1.0,-588
10.618521989456907,5,4.0,0
10.61887462839927,6,7.0,6851
10.619126742874474,13,7.0,-620
10.619276707573928,13,1.0,-419
10.619305556086196,1,1.0,7255
10.620017389458608,1,2.0,7256
10.620021629945457,7,7.0,4496
10.620565814859132,5,2.0,0
10.620625874051681,9,7.0,647
10.6213665045282,1,2.0,7257
10.621477381856565,6,4.0,6310
10.621676101412868,13,3.0,-27
10.621683599697914,7,9.0,3749
10.621722687981551,6,1.0,6870
10.621881049665129,9,2.0,2697
10.621895288145014,6,1.0,7189
10.622112278469283,7,53.0,2355
10.623118483840866,14,2.0,-514
10.623118483840866,17,2.0,-514
10.62344614429986,14,1.0,-397
10.62344614429986,17,1.0,-397
10.623660236073556,13,2.0,-646
10.624078290902359,1,4.0,7258
10.624181628230625,13,1.0,-760
10.624181628230625,17,1.0,-760
10.624301136546881,5,3.0,0
10.624530343658833,1,2.0,7259
10.624683855428605,1,5.0,7260
10.624796775407248,6,4.0,6906
10.624962062276555,7,2.0,5302
10.625205838721397,14,4.0,-933
10.625205838721397,17,4.0,-933
10.625260128638818,13,1.0,-386
10.625982869130697,7,3.0,3751
10.626220387143325,6,13.0,7146
10.626295643576238,7,20.0,591
10.62647503726171,1,4.0,7261
10.627338770411784,5,3.0,0
10.627398947390942,6,12.0,6635
10.62754005354456,7,2.0,6411
10.628091233479601,6,7.0,4456
10.62849996404306,9,2.0,5479
10.62874218461514,13,4.0,-965
10.628824542533769,1,4.0,7262
10.628952816286397,7,15.0,3044
10.62900728568335,7,4.0,2743
10.629149657392281,13,6.0,-628
10.62916620754789,6,3.0,7012
10.6292745475476,7,3.0,6170
10.629313856806123,9,7.0,6554
10.629347977289362,5,4.0,0
10.629356521561652,8,7.0,3478
10.629517638440014,14,1.0,-769
10.629517638440014,17,1.0,-769
10.629578033626036,14,7.0,-1034
10.629610452478449,5,2.0,0
10.629691406214796,7,4.0,6318
10.630136787437529,1,2.0,7263
10.630545579747015,13,1.0,-735
10.630649859059925,7,1.0,5859
10.630915118847128,9,4.0,3521
10.631069993234748,9,6.0,4206
10.631250997471305,7,1.0,3325
10.631722788355232,7,9.0,4136
10.631819154882304,7,2.0,3629
10.632173490895333,7,13.0,4840
10.632606629299783,7,15.0,3097
10.632615286535875,6,5.0,6592
10.632667215564055,7,5.0,2353
10.632869790747062,13,3.0,-474
10.633938613619986,1,2.0,7264
10.634007659039739,14,2.0,-241
10.634007659039739,17,2.0,-241
10.634716976978108,6,6.0,6261
10.634748071647453,6,5.0,7252
10.634768266217382,6,2.0,6151
10.634795221719008,1,3.0,7265
10.635464318963985,14,3.0,-34
10.636168814576294,13,1.0,-415
10.636318614076455,1,20.0,7266
10.636395355283776,7,8.0,5418
10.636679575252224,1,5.0,7267
10.63698597090708,13,1.0,-381
10.63698597090708,17,1.0,-381
10.637278520196677,6,27.0,992
10.63727855028094,13,2.0,-503
10.637463116496056,5,2.0,0
10.637526889445894,13,1.0,-317
10.637526889445894,17,1.0,-317
10.638037964110612,14,2.0,-584
10.63835313664634,13,1.0,-338
10.63835313664634,17,1.0,-338
10.638748412914012,13,1.0,-756
10.638756186731577,6,2.0,4124
10.639163452117353,6,2.0,6161
10.639428645203381,5,4.0,0
10.639634512371979,5,1.0,0
10.639711884994103,7,27.0,5751
10.63978054683449,14,3.0,-663
10.63978054683449,17,3.0,-663
10.640125811423454,1,4.0,7268
10.640205979673317,8,7.0,6818
10.640441147247607,6,3.0,6996
10.640457305995245,7,14.0,5374
10.640468380086832,1,8.0,7269
10.640595910311024,13,1.0,-75
10.640608892682609,9,1.0,4628
10.64069119340128,13,3.0,-321
10.641348465713211,13,8.0,-281
10.641910244635575,8,2.0,6970
10.641948597913387,13,3.0,-488
10.641948597913387,17,3.0,-488
10.642158824725932,14,3.0,-72
10.642370234108615,14,2.0,-866
10.642370234108615,17,2.0,-866
10.642558803204068,6,5.0,6791
10.642895489125152,6,5.0,3781
10.642968060278983,13,3.0,-416
10.643419795948835,7,59.0,2417
10.643470114933201,7,16.0,5114
10.643743846957559,1,36.0,7270
10.643916580512599,6,3.0,6974
10.643918873215815,1,1.0,7271
10.644055926506503,14,6.0,-961
10.644320087721114,13,5.0,-1003
10.645071923723824,6,4.0,4758
10.645762872335743,6,4.0,7120
10.645886189846484,7,2.0,3051
10.646052534329302,1,6.0,7272
10.64638346062999,8,2.0,4640
10.646465586475118,7,2.0,5711
10.647317345148947,5,6.0,0
10.647327317012317,6,5.0,6796
10.64746342747229,7,3.0,6764
10.647677655323402,7,10.0,6378
10.64772958515278,10,44.0,5547
10.647869703890477,13,4.0,-983
10.648118966820434,1,2.0,7273
10.648216649852362,6,40.0,3183
10.648289879735247,6,20.0,4413
10.648424200942216,5,5.0,0
10.648862103105847,8,13.0,3094
10.649023709299701,6,2.0,7122
10.64912374067342,9,43.0,1399
10.649439046317381,7,7.0,4289
10.649676693513868,13,3.0,-1039
10.649763624954426,1,7.0,7274
10.649994579705602,6,1.0,5254
10.650049243870313,5,4.0,0
10.65018336859888,13,1.0,-640
10.65018336859888,17,1.0,-640
10.650251138564887,9,1.0,2720
10.650455473676898,7,6.0,5280
10.650524134832061,1,1.0,7275
10.650549769436434,7,3.0,5272
10.651011440826457,6,25.0,5995
10.651116194469303,6,10.0,6370
10.651352606958877,1,9.0,7276
10.651447376971198,113,52.0,-268
10.6516490532853,14,4.0,-135
10.652096656727823,7,8.0,3577
10.652218421034767,14,1.0,-1005
10.652218421034767,17,1.0,-1005
10.652254433315878,6,5.0,7178
10.652843724718108,7,9.0,4226
10.653013577957735,7,4.0,4982
10.653199544293672,6,2.0,7180
10.653668552762761,5,4.0,0
10.653701910821221,7,5.0,3576
10.65389877783497,9,2.0,5350
10.6544702344288,6,2.0,7240
10.654942833309185,6,5.0,2735
10.65497451631008,1,5.0,7277
10.655627353053553,13,2.0,-676
10.656410915507147,7,56.0,3089
10.656652184263882,11,19.0,4072
10.656783883001882,14,1.0,-68
10.656932778135014,7,5.0,5218
10.65737221235502,7,5.0,3508
10.657571105292332,8,3.0,6638
10.657974724824696,5,3.0,0
10.658171193208965,13,1.0,-266
10.658171193208965,17,1.0,-266
10.658191556154785,7,57.0,1848
10.658228456045965,6,54.0,720
10.658423714428919,6,4.0,5270
10.65899725841067,6,5.0,5138
10.659518837979755,7,4.0,4561
10.65997502909929,7,3.0,3679
10.660573255680747,7,10.0,5143
10.660573255680747,16,10.0,5143
10.660599918724644,14,1.0,-969
10.661026823778117,8,12.0,2653
10.66107081462487,14,3.0,-265
10.66170837838038,13,2.0,-5
10.66256455870632,9,13.0,4667
10.66278833859141,5,3.0,0
10.663564213261072,6,5.0,4869
10.663821473830136,13,5.0,-312
10.66389939470055,6,1.0,6678
10.664135227735173,14,4.0,-156
10.664135227735173,17,4.0,-156
10.664159280953756,6,25.0,7108
10.664493953957479,5,4.0,0
10.664503133683604,13,1.0,-824
10.664746047326377,1,1.0,7278
10.666040892399408,5,10.0,0
10.66642093294239,6,5.0,5857
10.666512604655756,6,9.0,6847
10.666766680699688,1,11.0,7279
10.666779740156448,14,2.0,-280
10.666820680966497,1,3.0,7280
10.667063796628778,14,7.0,-909
10.667174909636033,1,1.0,7281
10.667198803870544,5,3.0,0
10.668326707136202,1,5.0,7282
10.6684479627004,9,33.0,2362
10.668534974920819,6,3.0,7198
10.668730104972923,13,6.0,-886
10.668896301680675,6,10.0,4991
10.668933465438524,7,4.0,2935
10.668968627221762,5,4.0,0
10.668973192608338,7,6.0,3906
10.669369446426566,13,3.0,-857
10.669388740526905,8,23.0,3514
10.669611904018158,5,9.0,0
10.669765964547658,12,9.0,6111
10.670188559577968,7,10.0,5982
10.67040894647895,7,2.0,6325
10.67044012078393,6,4.0,6290
10.670461143659228,7,2.0,4673
10.67046726972173,6,5.0,6699
10.670826987537627,9,11.0,4919
10.671217153224418,13,6.0,-871
10.671951676016393,13,1.0,-429
10.672022847907817,9,16.0,5066
10.672373452452264,6,12.0,6812
10.672402130766947,7,5.0,4787
10.672847414132328,1,2.0,7283
10.67307369578318,6,25.0,6900
10.673227080289639,6,4.0,6934
10.673289379243089,13,1.0,-633
10.673289379243089,17,1.0,-633
10.673460948539866,1,2.0,7284
10.673501231034242,9,3.0,6638
10.674123715618096,1,12.0,7285
10.674473404687937,13,3.0,-656
10.674473404687937,17,3.0,-656
10.674580511991795,5,1.0,0
10.674728266769275,7,3.0,6775
10.675388186941813,14,1.0,-76
10.675388186941813,17,1.0,-76
10.675687209039605,13,5.0,-29
10.675749815249803,9,14.0,3603
10.676492432879437,13,2.0,-802
10.677065093013695,14,4.0,-468
10.67724591097876,7,9.0,6005
10.678094961325156,5,8.0,0
10.678193292227304,13,2.0,-19
10.67821429402343,6,7.0,6112
10.67826460442263,14,2.0,-724
10.67826460442263,17,2.0,-724
10.67829453496097,5,2.0,0
10.678574663367192,14,3.0,-183
10.678714949735271,7,52.0,2067
10.678807766619949,8,3.0,5337
10.679215584718408,8,46.0,4885
10.679682757915808,1,9.0,7286
10.679817717268689,6,4.0,6779
10.680077884405424,7,16.0,4273
10.680188416173621,7,3.0,630
10.680406822970596,6,6.0,7069
10.680943039854398,6,9.0,6622
10.681583845401438,5,47.0,0
10.681763089026555,2,2.0,7287
10.681869993227696,7,8.0,4536
10.681998639248064,14,7.0,-417
10.682007243473425,1,1.0,7288
10.682282541957736,7,2.0,5916
10.68241465383765,5,3.0,0
10.6826307495968,1,2.0,7289
10.683068651795283,6,6.0,7096
10.68320161065451,6,56.0,4335
10.683398371362117,6,5.0,7102
10.683511194411372,6,2.0,7116
10.68397577893366,6,7.0,2854
10.68414858980585,6,59.0,4127
10.684357962983277,7,4.0,6504
10.684729814429575,6,2.0,5690
10.685051427304362,1,7.0,7290
10.685225934765363,1,3.0,7291
10.685613611807984,7,5.0,2966
10.685622962337288,13,3.0,-949
10.685622962337288,17,3.0,-949
10.685812348588525,1,1.0,7292
10.685832219677762,7,3.0,6072
10.686003040533846,7,5.0,4312
10.686101887181767,8,3.0,6651
10.686706053380583,8,3.0,3745
10.686791916903312,6,2.0,6937
10.687178036968865,13,2.0,-641
10.688065986689365,6,3.0,6755
10.688435278752245,6,2.0,6276
10.68843812677201,5,16.0,0
10.688626795362433,9,3.0,4874
10.688707825287699,1,2.0,7293
10.689446527841216,6,22.0,6233
10.68949280080457,1,5.0,7294
10.689719658421467,13,2.0,-411
10.689760961811631,7,1.0,3332
10.690437000190673,9,1.0,3806
10.691249114829562,5,3.0,0
10.691466283522745,1,4.0,7295
10.691575536905335,13,4.0,-828
10.691575536905335,17,4.0,-828
10.691592299252555,5,1.0,0
10.6918808116399,7,5.0,3412
10.692011010631138,7,6.0,6321
10.69213118506947,13,1.0,-371
10.69213118506947,17,1.0,-371
10.692344099413802,7,4.0,2248
10.692676709842194,6,2.0,6430
10.692734905957831,13,1.0,-179
10.692734905957831,17,1.0,-179
10.69297687729469,13,7.0,-512
10.693161047525262,5,4.0,0
10.693308670591792,1,3.0,7296
10.693354689002904,7,11.0,3401
10.693377089213701,3,49.0,7297
10.693418814497678,7,1.0,4796
10.693726174762334,5,12.0,0
10.694089376595386,7,9.0,4230
10.694461009062476,9,34.0,3156
10.69465462273967,5,4.0,0
10.694970507895555,8,8.0,4719
10.695000669814688,13,5.0,-547
10.695301761463076,13,15.0,-618
10.69599978049975,9,4.0,4654
10.696296839142711,14,4.0,-309
10.696439478407637,7,3.0,6440
10.696564791166558,6,2.0,7283
10.69681034436714,13,1.0,-374
10.69681034436714,17,1.0,-374
10.696885894936251,9,1.0,5720
10.697428912331246,14,3.0,-342
10.69767468247576,5,1.0,0
10.697677200905492,1,2.0,7298
10.697787112830529,5,9.0,0
10.697787358271258,7,3.0,4556
10.697839188568913,14,25.0,-613
10.69856823593615,6,2.0,6790
10.698924645790331,13,5.0,-784
10.699293092985036,1,6.0,7299
10.699297507013988,7,1.0,5672
10.69996975254975,5,2.0,0
10.700324376264605,7,2.0,4918
10.70036761720885,6,12.0,6989
10.700793699082013,13,1.0,-405
10.701047487115106,6,2.0,5804
10.701110534162696,7,2.0,4299
10.701122115097284,7,8.0,4162
10.701669106471849,14,5.0,-716
10.701763160739036,113,23.0,-764
10.701808034962454,14,3.0,-594
10.701906464546246,9,30.0,4909
10.702414979043205,13,1.0,-643
10.702435942834043,7,5.0,3498
10.702577115325994,6,4.0,7251
10.703215942191955,9,3.0,4959
10.70326902515665,7,3.0,3993
10.7033234211446,13,3.0,-478
10.703593576332729,5,1.0,0
10.703677999150305,7,19.0,4414
10.704096125530434,7,2.0,5797
10.70410119031926,1,2.0,7300
10.704148722768327,13,1.0,-475
10.704148722768327,17,1.0,-475
10.704221932963678,6,3.0,7203
10.704261076639588,13,7.0,-979
10.704261076639588,17,7.0,-979
10.704663571068812,6,2.0,7284
10.704866962730533,14,3.0,-305
10.705062688611582,1,5.0,7301
10.705299195329943,7,3.0,4482
10.705402843630953,1,5.0,7302
10.705688024091963,1,1.0,7303
10.70574732933897,13,2.0,-576
10.705875650514486,1,4.0,7304
10.705962453752042,7,10.0,1897
10.705968634500614,1,3.0,7305
10.706095206999759,13,1.0,-296
10.706269533930769,6,1.0,6983
10.706383428569891,13,1.0,-770
10.706538591333986,7,3.0,4963
10.70673778677183,6,51.0,2694
10.706928575206048,6,8.0,7009
10.708913307410837,14,3.0,-540
10.708913307410837,17,3.0,-540
10.708985703050232,14,4.0,-484
10.710145193316054,7,9.0,2291
10.710223553181205,13,9.0,-910
10.710513272758517,13,1.0,-492
10.710528089030282,7,13.0,5589
10.710725573571933,1,1.0,7306
10.711072709631367,9,2.0,2560
10.711355074553907,1,5.0,7307
10.711523754427677,14,3.0,-734
10.711924228588458,1,1.0,7308
10.712217118046782,7,19.0,3361
10.712299702976088,7,11.0,5044
10.712689533285621,13,9.0,-328
10.713217819828383,9,5.0,2224
10.713920079881198,5,4.0,0
10.714673708320806,6,2.0,6986
10.714873397489994,5,2.0,0
10.71540219371383,7,44.0,3447
10.715559946235018,7,1.0,4849
10.71665351880217,8,1.0,6184
10.717160323939076,7,6.0,5528
10.717246808394204,6,2.0,7064
10.717270396730955,14,2.0,-325
10.717361200261148,6,7.0,6718
10.718456799140778,13,1.0,-522
10.718512549428471,9,43.0,346
10.719260055742103,7,25.0,2201
10.719828834905854,9,14.0,3820
10.719853947135501,14,5.0,-560
10.719853947135501,17,5.0,-560
10.720628219762444,7,5.0,5665
10.721027430376154,13,1.0,-97
10.721027430376154,17,1.0,-97
10.721202657504492,14,4.0,-137
10.721202657504492,17,4.0,-137
10.721253709900484,6,12.0,5072
10.721352983413329,6,39.0,5881
10.72150338543254,14,6.0,-928
10.721512590247528,7,12.0,453
10.721848361196145,1,4.0,7309
10.72185591513167,7,12.0,2420
10.721916408141682,1,2.0,7310
10.72203364214425,1,3.0,7311
10.72222415737931,9,10.0,5908
10.722392930742622,13,1.0,-238
10.722479113937474,7,1.0,4582
10.722598139045735,1,2.0,7312
10.722676493639957,1,2.0,7313
10.722844171051136,1,4.0,7314
10.723009621244929,13,1.0,-82
10.723052910983494,6,3.0,6919
10.723755078088725,13,19.0,-745
10.723821623075002,7,2.0,3481
10.724324483117888,13,2.0,-194
10.724462886310985,14,9.0,-891
10.724688560646571,9,29.0,5923
10.724711894376295,6,3.0,7237
10.725715549150086,5,1.0,0
10.726147442186997,6,12.0,6593
10.726348107190015,6,5.0,7112
10.72670771097161,5,4.0,0
10.727033333221405,6,9.0,7276
10.727456457479793,7,1.0,3918
10.728246733737683,13,1.0,-193
10.72828373785351,6,6.0,5482
10.728452380704889,14,3.0,-695
10.728457737477788,13,14.0,-705
10.72866134428475,13,10.0,-228
10.728848360062285,6,4.0,6267
10.728898905096406,7,5.0,4287
10.729158029613274,13,7.0,-894
10.729166485425534,9,1.0,2663
10.729381190913843,14,1.0,-924
10.729716091415927,7,30.0,2874
10.729883060872137,13,3.0,-243
10.730205147076136,5,2.0,0
10.730558570263916,1,3.0,7315
10.730733767994833,6,2.0,7232
10.731211606935398,14,13.0,-604
10.731274899499649,13,1.0,-665
10.731274899499649,17,1.0,-665
10.73172332656592,13,2.0,-430
10.73217449324431,7,18.0,1662
10.732645381851517,13,2.0,-792
10.732645381851517,17,2.0,-792
10.733356614141252,6,31.0,7087
10.733473366788115,5,4.0,0
10.733591197095864,7,10.0,2664
10.733593392181442,6,52.0,5451
10.733902910247139,1,6.0,7316
10.734307004299362,13,2.0,-680
10.734591091971797,6,2.0,7068
10.735196642406795,6,2.0,7287
10.735412866030009,8,18.0,3871
10.735924201638438,6,9.0,6971
10.736010867251249,1,12.0,7317
10.736312878745396,7,12.0,4939
10.736582162051622,7,4.0,2503
10.736617744164676,7,2.0,2959
10.73666102531686,14,1.0,-1020
10.73666102531686,17,1.0,-1020
10.736787135843226,14,4.0,-904
10.737008475226071,2,3.0,7318
10.737019487467824,6,5.0,4345
10.737177066244541,6,12.0,5656
10.73768980481469,6,2.0,3135
10.738915605350675,7,7.0,1971
10.739018068777993,5,3.0,0
10.739421184485407,7,7.0,6369
10.74083145454408,5,1.0,0
10.741302696503395,6,1.0,7278
10.741798016221425,7,2.0,5655
10.742053260802255,7,12.0,3776
10.742377006171793,9,1.0,2074
10.742626741583202,7,1.0,4690
10.742636096871827,13,1.0,-67
10.742688012809344,1,13.0,7319
10.74272678239073,1,8.0,7320
10.742727804329137,6,3.0,7239
10.74310424023792,13,3.0,-93
10.74335178156272,9,2.0,4260
10.743427587842229,7,1.0,5909
10.743448570796806,1,1.0,7321
10.743554175951687,13,2.0,-982
10.743634360619224,6,4.0,7164
10.74385840674594,5,3.0,0
10.743920758288354,7,50.0,4956
10.743991565857263,14,1.0,-406
10.744089481167856,6,2.0,7313
10.744223747969226,14,4.0,-777
10.744598057365211,7,1.0,6011
10.744632073517742,6,3.0,6712
10.745073968701966,6,5.0,5801
10.745082412031461,7,5.0,5586
10.745167756509794,6,9.0,7183
10.745433710377961,14,1.0,-319
10.74604489695443,6,3.0,7242
10.746162674999104,6,2.0,6203
10.746312536058829,13,1.0,-981
10.74645063980898,1,1.0,7322
10.746737194646082,6,2.0,6677
10.74699155500974,1,2.0,7323
10.747004228735314,13,1.0,-847
10.74777027821807,6,6.0,7272
10.748095908071564,13,2.0,-360
10.748244848124061,8,9.0,3948
10.748562363416005,7,6.0,3028
10.748981633567645,13,4.0,-216
10.749203727960094,8,4.0,6878
10.749536330554603,13,1.0,-254
10.749746283249195,6,7.0,6817
10.749814194912043,9,3.0,4634
10.750069728915294,14,3.0,-645
10.750293830671888,9,46.0,3533
10.750620349914865,8,4.0,6164
10.750861986903546,13,1.0,-619
10.750861986903546,17,1.0,-619
10.750973984519323,113,56.0,-940
10.751072852056941,2,20.0,7324
10.751084205408892,6,3.0,6208
10.7513677525523,6,3.0,7315
10.751422789876973,6,2.0,7289
10.75148610340961,13,2.0,-1022
10.75148610340961,17,2.0,-1022
10.751661670762132,8,6.0,3936
10.751701595691506,6,3.0,6389
10.751738777859606,13,1.0,-146
10.752246416477469,6,9.0,7219
10.752259146135684,7,35.0,3667
10.752373723883167,7,26.0,1831
10.75239895679504,6,3.0,6644
10.752499978078017,1,5.0,7325
10.752561971581695,8,10.0,6854
10.752599727837376,8,1.0,3602
10.752929208564014,5,4.0,0
10.753027158359552,5,11.0,0
10.753205578011729,13,3.0,-373
10.753438705457778,7,2.0,4350
10.753613941971949,1,3.0,7326
10.75394847709218,6,5.0,6080
10.753982541402353,1,1.0,7327
10.754577759032825,13,1.0,-369
10.754760885758802,5,3.0,0
10.754796711468096,7,1.0,2172
10.75542015832459,6,24.0,4249
10.75555173313433,1,2.0,7328
10.755775269244701,14,1.0,-162
10.755834397227305,7,18.0,5456
10.755955865258121,7,1.0,4844
10.756092113501014,6,52.0,6488
10.756095438232645,5,4.0,0
10.757419286422268,14,10.0,-57
10.757512384791092,6,7.0,3551
10.757573797339218,1,2.0,7329
10.757581895076791,13,14.0,-863
10.757648171503542,13,1.0,-315
10.757648171503542,17,1.0,-315
10.757766283103868,1,9.0,7330
10.757989091094867,7,6.0,2310
10.75813077430742,7,7.0,6694
10.758428904869133,9,9.0,6111
10.758512538211527,14,4.0,-209
10.758521076739248,6,5.0,7307
10.758735515124984,6,2.0,4493
10.759438137406098,6,3.0,7019
10.75949986736274,5,3.0,0
10.759633605641767,1,4.0,7331
10.759792515735047,14,1.0,-393
10.760062425172283,13,2.0,-881
10.760244994733378,13,2.0,-260
10.76029342836618,7,50.0,2740
10.760299500105994,9,2.0,4915
10.760426024019349,7,14.0,1491
10.760544555091384,7,1.0,5953
10.760581815237236,7,2.0,5714
10.76090523932278,6,5.0,7148
10.761171519456015,7,5.0,5648
10.761184964922625,7,3.0,5378
10.761224761888855,6,25.0,6475
10.761868040590688,6,1.0,5791
10.76188262529628,7,8.0,6269
10.762150506496697,6,5.0,6091
10.762280568701005,1,8.0,7332
10.762364729058215,7,1.0,5058
10.7624207336881,5,3.0,0
10.762905118617905,6,4.0,5773
10.763130480256484,13,6.0,-36
10.763223845421303,5,9.0,0
10.76330925089241,9,3.0,5888
10.763868376663641,13,2.0,-94
10.76442472021739,13,1.0,-655
10.765108938601958,6,3.0,6734
10.765452646859336,9,2.0,5979
10.765880205289173,5,2.0,0
10.766601080845458,6,19.0,5313
10.766665951233435,6,2.0,6614
10.767292505681478,8,2.0,6824
10.767896933160072,9,2.0,5515
10.768000929257056,6,1.0,5749
10.768129854937154,13,2.0,-838
10.768129854937154,17,2.0,-838
10.768439371443117,5,2.0,0
10.769254959843744,13,1.0,-673
10.769312603712637,1,5.0,7333
10.770082687274773,7,5.0,6116
10.77076301071763,6,1.0,6831
10.770934320449093,1,1.0,7334
10.771210578997865,5,1.0,0
10.77163930376065,6,3.0,5463
10.771826275738237,1,2.0,7335
10.772054920064894,14,6.0,-861
10.772199909821724,13,2.0,-306
10.772270247742044,9,46.0,6836
10.77259323610932,6,2.0,5478
10.772930150878622,13,2.0,-227
10.772930150878622,17,2.0,-227
10.773052475388663,1,3.0,7336
10.77307299598421,5,2.0,0
10.773383952131296,1,6.0,7337
10.773583787173765,5,12.0,0
10.773704006880852,8,37.0,2518
10.773815547404723,13,3.0,-642
10.773852116760258,13,1.0,-660
10.773937316740877,6,12.0,6395
10.774116476050581,7,3.0,5172
10.774661709484807,7,4.0,1169
10.775091452282641,13,1.0,-438
10.775303854551533,11,40.0,3764
10.775818491878605,7,40.0,5041
10.776074743813194,14,1.0,-277
10.776074743813194,17,1.0,-277
10.776084751224674,13,13.0,-830
10.77632944740046,7,2.0,3147
10.776537359385124,14,1.0,-839
10.776537359385124,17,1.0,-839
10.77669653381753,5,3.0,0
10.77689027298352,1,1.0,7338
10.77697792782753,8,2.0,6286
10.777077597543952,8,2.0,7232
10.777183302492476,14,4.0,-116
10.777894512768636,5,3.0,0
10.778373129634103,13,1.0,-803
10.778688906450569,7,3.0,5376
10.77882109688654,5,7.0,0
10.77889144371526,14,4.0,-1045
10.778943838900688,6,2.0,7188
10.778969483827632,13,1.0,-570
10.778969483827632,17,1.0,-570
10.78015038726412,6,3.0,6255
10.78038913301323,8,20.0,4413
10.78041661013768,1,1.0,7339
10.78042294258364,8,14.0,4815
10.780500828664387,14,1.0,-176
10.780584719292472,14,1.0,-684
10.780584719292472,17,1.0,-684
10.781321977457191,7,12.0,5259
10.781993776790259,6,2.0,7118
10.78216934464363,7,3.0,4782
10.782207535189144,7,7.0,4225
10.782354126082264,9,10.0,3201
10.782857073273211,6,2.0,6781
10.78325709666959,7,4.0,5676
10.78325709666959,16,4.0,5676
10.783842976325364,6,1.0,7152
10.784130162452247,6,7.0,6420
10.784555813051485,9,1.0,2665
10.784772402698525,7,5.0,3020
10.785027159415167,7,6.0,1852
10.785098838394385,1,3.0,7340
10.785122373527697,8,19.0,5313
10.785286291123056,5,1.0,0
10.785398339604736,13,2.0,-248
10.785398339604736,17,2.0,-248
10.785466190294855,6,2.0,7259
10.78550109711368,14,1.0,-867
10.785573007354703,7,1.0,4593
10.785782065157285,13,3.0,-52
10.785782065157285,17,3.0,-52
10.785783485421902,6,6.0,6563
10.785783913460737,13,2.0,-401
10.785783913460737,17,2.0,-401
10.785794151774452,7,5.0,5688
10.78614813488279,7,8.0,2785
10.78637756333632,7,1.0,3105
10.786798571552566,13,2.0,-90
10.787062615274152,14,4.0,-869
10.787062615274152,17,4.0,-869
10.787136189758352,1,5.0,7341
10.7872657285334,14,1.0,-349
10.7872657285334,17,1.0,-349
10.787456302544452,14,5.0,-1000
10.787456302544452,17,5.0,-1000
10.78752649422317,13,1.0,-648
10.78752649422317,17,1.0,-648
10.78757095418429,6,3.0,7235
10.78826432721394,13,1.0,-108
10.78826432721394,17,1.0,-108
10.788322405360697,7,2.0,4229
10.788632907788651,6,1.0,7250
10.788693438347899,7,3.0,6332
10.78893085312726,13,3.0,-44
10.789438925762605,5,3.0,0
10.789619189546693,9,2.0,5848
10.789685225594582,13,1.0,-330
10.789740569855205,13,1.0,-14
10.790067769267115,9,1.0,3525
10.790255272763828,8,3.0,6840
10.790616882992419,6,5.0,7011
10.790731443228267,6,6.0,4321
10.79080877752585,7,3.0,5838
10.791557383919288,8,2.0,6772
10.79165437966648,1,1.0,7342
10.791930078354566,7,5.0,5542
10.792128732930312,7,1.0,3632
10.792265922763209,13,2.0,-553
10.792423599054217,6,5.0,836
10.792498092514927,1,2.0,7343
10.792674807853587,6,7.0,5365
10.79291550783408,9,2.0,4001
10.793162781393038,14,2.0,-976
10.793313416260576,7,20.0,5335
10.79344250228189,13,1.0,-844
10.79344250228189,17,1.0,-844
10.793653507441492,6,4.0,5692
10.793661952217004,7,3.0,6109
10.794305251003268,13,3.0,-41
10.794305251003268,17,3.0,-41
10.794455778542956,7,6.0,3519
10.79485914484949,13,2.0,-888
10.79485914484949,17,2.0,-888
10.794959378287606,6,2.0,6958
10.79504466294599,7,9.0,3782
10.795237014745672,13,2.0,-252
10.7953683530205,6,3.0,6894
10.795724835288418,13,2.0,-1030
10.795724835288418,17,2.0,-1030
10.795849737064168,13,5.0,-1047
10.795890216568868,7,34.0,3606
10.796041983860365,5,1.0,0
10.796043585860527,6,9.0,6098
10.796155037388365,6,5.0,5391
10.796676380189066,6,3.0,6309
10.796940364237617,6,8.0,5566
10.796994561025489,6,2.0,7312
10.797344203178655,13,1.0,-698
10.797684712338022,7,40.0,4922
10.797764242684053,8,2.0,4108
10.79790447818706,13,1.0,-921
10.798104355032345,9,36.0,2961
10.798299772500739,7,10.0,6423
10.798313928905355,6,3.0,7158
10.798700073837587,6,1.0,7225
10.798830131199825,6,12.0,6160
10.79922704233954,6,9.0,5424
10.799238110557813,8,7.0,4686
10.799389767939335,14,10.0,-568
10.799489042619527,7,2.0,6265
10.799687094601849,6,1.0,6794
10.79976923438041,13,6.0,-362
10.79989607628643,8,2.0,6306
10.80005379352621,7,3.0,3106
10.800383886750357,5,16.0,0
10.800489219128414,13,5.0,-650
10.800489219128414,17,5.0,-650
10.801259065280629,7,3.0,3095
10.801293622714878,6,10.0,6999
10.80138336157245,6,9.0,6172
10.801512319002283,1,5.0,7344
10.801639640237475,14,3.0,-471
10.801653780659892,13,17.0,-344
10.801911214017602,1,2.0,7345
10.80218999437826,13,11.0,-681
10.802343549684894,6,13.0,5210
10.802460204419999,1,3.0,7346
10.802690668822985,9,1.0,6538
10.80280636676587,9,3.0,5638
10.802845469925748,14,2.0,-115
10.803054911951412,1,2.0,7347
10.803194049457588,13,3.0,-425
10.803359768460082,1,1.0,7348
10.803569462252735,13,29.0,-494
10.803569462252735,17,29.0,-494
10.803800148446587,7,1.0,5236
10.80425869151794,6,7.0,5694
10.804558747669157,6,4.0,7144
10.805164470265145,1,4.0,7349
10.805527777420199,6,20.0,7324
10.80580201366418,14,1.0,-109
10.806155317873493,7,1.0,5508
10.806391647016948,7,37.0,5390
10.807361368145283,9,3.0,5899
10.807420856021968,7,1.0,4396
10.807572246074928,8,7.0,2301
10.808203463705976,6,14.0,3977
10.808214556646373,7,5.0,3358
10.808548302896478,6,1.0,4837
10.808879625695573,6,1.0,7191
10.808985049442933,6,3.0,6317
10.809207175243877,7,4.0,3567
10.809237561242956,13,1.0,-767
10.80929897660826,13,3.0,-779
10.809762988827686,9,15.0,4595
10.809795478307082,7,1.0,1415
10.81010649870577,5,2.0,0
10.810440780018402,7,1.0,5826
10.81052853189966,7,2.0,5661
10.81058990796754,7,2.0,5037
10.810759010307624,6,3.0,6706
10.811057284529893,13,3.0,-126
10.811057284529893,17,3.0,-126
10.811343208145281,13,2.0,-1031
10.811343208145281,17,2.0,-1031
10.811414575306575,1,2.0,7350
10.811945533261731,7,7.0,5303
10.81250693869993,14,1.0,-1009
10.81265457151444,6,2.0,6448
10.813219464088757,13,1.0,-848
10.813219464088757,17,1.0,-848
10.813338601022927,1,6.0,7351
10.813366544422552,13,2.0,-30
10.813749338572975,10,16.0,6758
10.813882437872469,8,5.0,4590
10.813954612039364,13,1.0,-499
10.814012215630054,1,2.0,7352
10.81453039575065,2,6.0,7353
10.814658500865765,5,4.0,0
10.814673928061799,5,7.0,0
10.815156193618584,9,6.0,6101
10.815260510524933,16,5.0,2606
10.815927397855003,6,2.0,3607
10.816846648570111,1,3.0,7354
10.817032878701442,7,5.0,4117
10.817141683032123,5,3.0,0
10.817155672814925,7,6.0,4363
10.817557393709711,7,2.0,3041
10.818021489543582,9,2.0,3322
10.818386556723969,6,9.0,3253
10.818522957043221,5,1.0,0
10.818831189551812,14,1.0,-991
10.818831189551812,17,1.0,-991
10.819480767154335,13,1.0,-574
10.81952588861754,6,4.0,5818
10.819561186624941,7,7.0,4425
10.819586337855169,6,5.0,5689
10.819679040790993,7,18.0,4235
10.820285571501556,5,6.0,0
10.820606681102491,13,1.0,-706
10.820606681102491,17,1.0,-706
10.820785751200527,6,2.0,6689
10.820826292240703,14,4.0,-37
10.82086574405941,7,3.0,5850
10.8213202630676,13,14.0,-726
10.82132270140499,6,3.0,6731
10.82149239135198,6,1.0,6666
10.821637351755713,6,1.0,6279
10.821845624130065,6,5.0,6889
10.821855235155942,6,2.0,6696
10.82189034633832,7,5.0,3919
10.8219252709708,7,2.0,3408
10.822331145685819,6,3.0,5981
10.822490405088674,1,5.0,7355
10.822793458870944,7,1.0,5994
10.823441676662043,13,3.0,-602
10.823575775730621,13,6.0,-872
10.823690058053751,13,2.0,-819
10.823756102925135,7,2.0,5915
10.82424345593759,6,1.0,6482
10.824252358289097,5,3.0,0
10.824256780464248,6,2.0,7024
10.824740189051719,7,14.0,6673
10.82501492593309,7,14.0,6413
10.825383917638696,5,7.0,0
10.825477818154324,5,4.0,0
10.825502443392875,8,1.0,6915
10.825740492398339,6,1.0,6681
10.825903123983755,7,1.0,3885
10.826111288243835,7,55.0,2960
10.826235494657498,6,2.0,6713
10.826286896762827,7,2.0,4624
10.82646616949437,6,37.0,6903
10.826745808429319,1,2.0,7356
10.826967531260973,8,2.0,6617
10.827125436623604,6,24.0,6533
10.827569225289693,7,6.0,5513
10.827636483227511,1,5.0,7357
10.827761181803822,13,1.0,-856
10.827761181803822,17,1.0,-856
10.827895293237816,7,3.0,1980
10.827999200333736,13,1.0,-1008
10.828586213061753,7,10.0,3327
10.829364568994219,7,17.0,4823
10.829501063191618,6,4.0,6910
10.829651645019169,5,5.0,0
10.829897367026062,6,6.0,5327
10.830011632103872,1,1.0,7358
10.830109922192607,5,4.0,0
10.830154838923345,1,2.0,7359
10.830193203455298,5,3.0,0
10.830267674955024,7,36.0,3674
10.830687492544875,13,2.0,-556
10.830787715108073,7,3.0,3407
10.83148705041648,6,28.0,6282
10.83250561145812,6,1.0,5997
10.832513627203078,9,7.0,3478
10.832796585067236,7,2.0,4984
10.832966431210895,7,2.0,4499
10.833114006063617,6,1.0,5359
10.834445263666982,7,9.0,5123
10.834713579935675,14,1.0,-639
10.834942723207092,6,36.0,4212
10.835040263259884,7,9.0,5423
10.835624540553642,1,3.0,7360
10.835692781146538,1,4.0,7361
10.83578567497511,5,3.0,0
10.835953393858288,7,1.0,4955
10.836075291232095,8,41.0,4886
10.836124001079629,5,4.0,0
10.836520094770831,13,5.0,-463
10.836520094770831,17,5.0,-463
10.83720363232904,113,46.0,-690
10.837218407176136,5,4.0,0
10.837284968779704,5,1.0,0
10.837366194091302,14,1.0,-569
10.837386877883803,14,27.0,-893
10.837500139467867,1,7.0,7362
10.837583325841592,7,15.0,2992
10.837954810419967,6,2.0,7300
10.838280612440471,1,4.0,7363
10.838368182478256,5,2.0,0
10.838944603805816,14,2.0,-696
10.839273904669632,7,1.0,5972
10.839420157347918,7,3.0,5872
10.839568259092777,8,7.0,2718
10.839568471279833,14,11.0,-1042
10.839574901734034,1,1.0,7364
10.839583479048558,1,2.0,7365
10.839720722720157,5,5.0,0
10.839770013129899,5,7.0,0
10.83981422354692,7,2.0,4163
10.83987904002529,6,5.0,4547
10.839911422075872,14,9.0,-763
10.840129882059575,14,4.0,-301
10.840138878531196,13,2.0,-719
10.840664350835223,13,3.0,-91
10.84071283868672,13,2.0,-752
10.84079064382308,13,1.0,-759
10.840984970350476,6,3.0,6500
10.84114417311275,5,4.0,0
10.841311137507118,6,2.0,7273
10.841450113603736,6,4.0,6923
10.841732882730804,1,13.0,7366
10.841743669026139,13,1.0,-257
10.841928459332106,13,2.0,-714
10.842085652094113,7,2.0,6709
10.842366159606359,7,3.0,6078
10.842486015610456,13,24.0,-810
10.842816696533365,13,2.0,-805
10.843250123198622,7,6.0,4855
10.84344165776145,14,1.0,-314
10.84344165776145,17,1.0,-314
10.843589217042812,14,2.0,-448
10.844016327132811,13,1.0,-768
10.844254668502321,14,13.0,-721
10.84444432686494,7,3.0,4817
10.844488801834126,14,4.0,-85
10.844839810093365,7,3.0,4253
10.844956171196968,6,4.0,6457
10.84565444797741,6,3.0,7311
10.845758466948118,7,9.0,3701
10.845896171861995,6,4.0,6326
10.8460860093655,5,7.0,0
10.846313879547747,13,7.0,-491
10.846313879547747,17,7.0,-491
10.846534774821075,8,13.0,4240
10.846805200096338,9,20.0,5248
10.847148694747219,8,24.0,4249
10.84755348522822,14,2.0,-546
10.84782778499244,13,8.0,-1038
10.84782778499244,17,8.0,-1038
10.84811632429231,5,4.0,0
10.848123942088812,8,3.0,5413
10.848179220372986,1,4.0,7367
10.849334473384213,1,1.0,7368
10.849380033854432,13,1.0,-989
10.849674514348463,6,1.0,6773
10.84974930548134,1,5.0,7369
10.849956351624071,7,1.0,5018
10.850788162027158,7,27.0,1844
10.850889233768939,5,3.0,0
10.850900904333367,6,4.0,4664
10.850965241357272,14,1.0,-544
10.850965241357272,17,1.0,-544
10.851144028732215,9,2.0,5115
10.851402682512933,7,4.0,5968
10.851779283848963,5,1.0,0
10.851822052436148,7,7.0,5905
10.851892170358916,7,3.0,5682
10.85200118259726,1,2.0,7370
10.852058113506965,13,2.0,-378
10.852058113506965,17,2.0,-378
10.852213045198509,13,3.0,-17
10.852526833822187,13,2.0,-652
10.853493555959439,13,2.0,-1051
10.854261823789146,6,44.0,6198
10.854800938580752,7,1.0,3553
10.854981458372551,10,49.0,7297
10.854995117556266,5,1.0,0
10.855499115145774,6,8.0,7320
10.855688364800637,5,1.0,0
10.855947933659426,7,12.0,1584
10.856159356314585,7,1.0,5583
10.856205582389878,13,1.0,-441
10.856849867904051,7,13.0,4734
10.856940919992434,7,4.0,5271
10.857164378195218,14,2.0,-286
10.857733602738417,1,1.0,7371
10.858089908727436,6,2.0,5880
10.858582022564356,13,2.0,-524
10.858628315871636,5,3.0,0
10.85876500397035,7,1.0,3664
10.858808285148479,14,1.0,-930
10.858930338342294,1,3.0,7372
10.858998351156009,13,3.0,-746
10.858998351156009,17,3.0,-746
10.859045924115456,14,3.0,-800
10.85909173127515,7,5.0,5601
10.859244998734354,6,1.0,5085
10.859583205458339,13,1.0,-155
10.859638515451179,14,3.0,-42
10.859665177802317,6,17.0,6312
10.859835895832187,7,1.0,5389
10.860052942640653,6,3.0,6587
10.860145422294243,5,9.0,0
10.860242188555093,13,1.0,-815
10.860576050703742,13,2.0,-275
10.86090179999948,1,13.0,7373
10.860961037429501,9,22.0,4723
10.86137637375716,6,3.0,7082
10.861769932781057,6,47.0,6868
10.861998918607323,7,3.0,5211
10.862278953675808,7,3.0,4895
10.862596675762793,9,7.0,2301
10.862838604803953,13,3.0,-295
10.862838604803953,17,3.0,-295
10.86285047979713,7,5.0,3469
10.862949294742643,14,1.0,-627
10.862949294742643,17,1.0,-627
10.863372427723291,7,31.0,3529
10.86340907698608,13,2.0,-453
10.863483952768714,14,15.0,-1019
10.863898224067901,7,9.0,3769
10.86406153746435,1,7.0,7374
10.864260928107432,5,3.0,0
10.864781103136343,6,9.0,6460
10.864959569768915,13,2.0,-427
10.864959569768915,17,2.0,-427
10.86504415755084,8,43.0,3732
10.86537214531832,14,2.0,-332
10.865494712983395,1,3.0,7375
10.86602534255303,1,1.0,7376
10.866601006228597,14,3.0,-40
10.866601006228597,17,3.0,-40
10.866603282869754,1,3.0,7377
10.866651317445047,14,8.0,-689
10.867025519637108,6,15.0,6308
10.867120413650623,5,2.0,0
10.86727005528367,9,1.0,2941
10.867284591889693,6,6.0,5299
10.867288268027163,6,15.0,4799
10.867344376773492,7,2.0,4329
10.868050552970818,7,7.0,5612
10.86890636892353,1,4.0,7378
10.868983945911024,7,4.0,1519
10.869212368871462,13,2.0,-218
10.869255778202323,14,8.0,-835
10.869301317662458,6,17.0,6393
10.869704006683612,6,4.0,6990
10.870050871440819,113,34.0,-196
10.870089754304946,1,4.0,7379
10.870235231359201,14,1.0,-481
10.870398634231352,6,6.0,7132
10.870492624274796,7,2.0,6385
10.8705522182033,6,43.0,1150
10.870931692130284,6,5.0,3458
10.871012131022104,13,1.0,-711
10.871454886991375,6,4.0,5073
10.871501546943037,6,1.0,7212
10.871635920421713,14,2.0,-370
10.871635920421713,17,2.0,-370
10.871967874857486,8,5.0,3169
10.872005381105124,7,13.0,5727
10.872258547090704,7,48.0,663
10.872651446657887,13,2.0,-110
10.872651446657887,17,2.0,-110
10.872905561291295,5,1.0,0
10.872923512858888,7,9.0,5229
10.87292477009485,14,1.0,-747
10.873203348009229,6,3.0,6884
10.873484503816924,6,4.0,4086
10.873723274949448,5,9.0,0
10.874112376821344,13,1.0,-339
10.874693085361466,1,3.0,7380
10.875183549199487,1,5.0,7381
10.875716010209374,6,4.0,6576
10.875873420215582,13,14.0,-297
10.875880511485994,9,5.0,3161
10.875880511485994,16,5.0,3161
10.876842941180868,8,3.0,5285
10.877450042082756,13,2.0,-134
10.877450042082756,17,2.0,-134
10.877450767665822,6,12.0,4387
10.877668685877417,7,5.0,2431
10.877935825649594,6,3.0,7161
10.879040261497753,7,5.0,4953
10.879138339308252,14,2.0,-230
10.879138339308252,17,2.0,-230
10.879338646289018,6,56.0,1512
10.879372336233418,13,5.0,-758
10.879372336233418,17,5.0,-758
10.87940827777166,7,2.0,5625
10.879813226028524,6,2.0,6590
10.879899431520025,6,3.0,5644
10.87997548197221,1,12.0,7382
10.879978278728222,7,9.0,5766
10.880421629326078,1,4.0,7383
10.880530959605034,8,3.0,5897
10.880659366474314,13,1.0,-421
10.881148418428051,14,1.0,-625
10.881434140699534,5,4.0,0
10.88147601524974,5,2.0,0
10.881571282496921,14,5.0,-251
10.882541625891758,13,1.0,-532
10.882628863421694,6,5.0,7381
10.88263806621731,14,6.0,-892
10.88272280848344,7,24.0,5109
10.882726861956673,9,50.0,1670
10.883113902474065,5,2.0,0
10.883289177251754,7,56.0,6672
10.8834405423218,13,2.0,-740
10.88360420232453,7,5.0,3254
10.883658994889306,13,1.0,-827
10.883658994889306,17,1.0,-827
10.883690475440174,13,8.0,-900
10.883690475440174,17,8.0,-900
10.883822546467202,7,1.0,6603
10.883968794843971,14,1.0,-356
10.884051409240366,14,3.0,-63
10.884051409240366,17,3.0,-63
10.884755074240466,6,21.0,6484
10.8848431512423,7,2.0,5891
10.885868053642326,14,2.0,-224
10.885868053642326,17,2.0,-224
10.886183077400602,7,12.0,4810
10.886510199982196,14,15.0,-284
10.886990736458651,1,1.0,7384
10.88710727674757,14,3.0,-222
10.887573205695716,6,2.0,7257
10.887890803084328,6,1.0,6056
10.888080498444701,13,2.0,-420
10.888236311429157,7,1.0,6511
10.888283535515336,1,6.0,7385
10.888598006337446,13,3.0,-563
10.890053125049922,5,4.0,0
10.890167080328904,6,4.0,7367
10.890304431324207,13,4.0,-596
10.890613296466432,13,11.0,-612
10.890637412408832,5,2.0,0
10.89065601392413,8,57.0,4438
10.89067443989803,7,6.0,6495
10.89095093417574,7,42.0,5195
10.89102759720298,6,8.0,7269
10.891689609077725,13,5.0,-96
10.891863089294365,5,1.0,0
10.892170985863073,5,2.0,0
10.8926845822664,6,2.0,6556
10.892790794589255,7,2.0,3288
10.892942049497238,1,2.0,7386
10.893164833605455,14,20.0,-455
10.893164833605455,17,20.0,-455
10.893344387677804,7,6.0,6827
10.893506964826264,7,1.0,4190
10.893915908080812,13,1.0,-258
10.893935092541073,6,13.0,7141
10.894588748955478,14,1.0,-464
10.894817922543972,7,3.0,4747
10.894957951106223,7,2.0,3647
10.895109888386829,6,13.0,4423
10.89514890988648,6,2.0,6684
10.895373674082853,7,1.0,3986
10.895470758884958,13,1.0,-432
10.895696659790879,113,50.0,-439
10.895747680983574,14,2.0,-687
10.896024492489913,6,7.0,7066
10.896392128114183,5,2.0,0
10.89645617722794,14,2.0,-945
10.896571834427805,5,1.0,0
10.896812524556715,7,10.0,6338
10.89722000758278,13,2.0,-119
10.89722000758278,17,2.0,-119
10.897330697980115,7,7.0,1770
10.897330697980115,16,7.0,1770
10.89782728558823,6,2.0,6925
10.897966607284172,13,2.0,-890
10.898234144904118,1,13.0,7387
10.898715266489305,7,11.0,3440
10.89907973659008,7,1.0,5020
10.899126141192758,13,1.0,-307
10.8992091630946,13,1.0,-565
10.89956276319876,5,1.0,0
10.899969409906532,6,9.0,6054
10.900619866091745,7,48.0,2692
10.900705184617355,7,44.0,2809
10.901192876605801,13,1.0,-71
10.901192876605801,17,1.0,-71
10.901262538092631,7,5.0,5829
10.901579503930353,6,33.0,5338
10.901654207113559,13,4.0,-1021
10.901753342535487,13,1.0,-571
10.901883965955582,1,3.0,7388
10.90197073502377,6,5.0,5989
10.901976675371944,14,1.0,-1015
10.902065398249878,14,4.0,-717
10.902293557157556,14,12.0,-895
10.902414331730183,7,33.0,3969
10.90250268640098,5,3.0,0
10.902606756981658,6,4.0,5140
10.902777400929308,1,1.0,7389
10.903107391672885,6,22.0,5779
10.903110997222559,8,6.0,4683
10.9035376353502,7,8.0,5141
10.90405750938436,13,1.0,-100
10.904365197287495,9,6.0,5306
10.904467201283548,5,13.0,0
10.90471588966384,7,38.0,3355
10.905281338987399,6,7.0,6031
10.905623168625482,9,4.0,1645
10.905804441074848,1,2.0,7390
10.905804549785884,1,1.0,7391
10.905985010433128,6,3.0,4614
10.906456753527703,13,5.0,-927
10.906795113344618,14,2.0,-329
10.906795113344618,17,2.0,-329
10.907581604690561,7,1.0,5798
10.907682794044593,13,2.0,-267
10.907695813774591,14,2.0,-480
10.907695813774591,17,2.0,-480
10.907724703023963,8,5.0,6607
10.907785049784714,13,3.0,-637
10.907785049784714,17,3.0,-637
10.908086641019665,1,1.0,7392
10.908654762874907,6,1.0,6943
10.9088543733948,13,1.0,-541
10.908868631855627,5,2.0,0
10.909347233186248,1,2.0,7393
10.909553904178031,6,1.0,7029
10.90979112709946,9,11.0,1387
10.909933561366156,13,6.0,-1027
10.910057912332759,1,9.0,7394
10.910118306384307,13,5.0,-80
10.910786152584786,6,37.0,5925
10.91082060867709,13,4.0,-821
10.911538280542693,13,1.0,-178
10.91193988905305,1,2.0,7395
10.911993430441429,9,10.0,6854
10.912199569632113,6,2.0,5135
10.912651016197332,6,4.0,7363
10.912736570371155,5,2.0,0
10.913731878321972,6,1.0,6883
10.913768568609083,14,2.0,-944
10.91442803977546,2,10.0,7396
10.914473881012027,7,13.0,5914
10.914730390307978,13,2.0,-534
10.914730390307978,17,2.0,-534
10.914928180316188,8,1.0,3335
10.9153005764332,6,2.0,6166
10.915403604203973,6,2.0,7015
10.915444895638577,5,60.0,0
10.915487221714699,1,6.0,7397
10.915570292204555,13,3.0,-102
10.91557958151092,7,51.0,1104
10.915650393319844,5,3.0,0
10.915723717421328,16,38.0,2082
10.915848821387904,13,1.0,-59
10.915848821387904,17,1.0,-59
10.916246914615785,13,2.0,-333
10.916397013924472,6,1.0,5189
10.916397254090631,9,9.0,5494
10.916417809404683,13,2.0,-175
10.916722153964484,14,9.0,-148
10.916722153964484,17,9.0,-148
10.916779591362692,13,1.0,-368
10.917218777759983,14,4.0,-946
10.91750386784515,6,8.0,5988
10.917715875812855,7,3.0,2803
10.917744241332505,7,5.0,6328
10.918100134910935,6,3.0,5351
10.9181150644419,7,1.0,5827
10.91827915885015,7,37.0,5564
10.918349042839203,1,1.0,7398
10.918712732790816,7,34.0,2386
10.91881852257163,7,16.0,5949
10.919079709297062,13,9.0,-10
10.919087089069613,7,2.0,6180
10.919219750574483,8,5.0,6577
10.9193989436776,5,2.0,0
10.919640761935444,7,3.0,5034
10.919752398650509,6,3.0,7346
10.920047430168777,7,2.0,6253
10.920476653441533,1,6.0,7399
10.920533493698665,1,1.0,7400
10.920653187283936,7,9.0,6579
10.920952732499288,1,1.0,7401
10.921427877982124,13,47.0,-561
10.921640593922533,13,4.0,-323
10.922003816363826,13,1.0,-851
10.92231370125751,7,3.0,6178
10.922625194974401,5,9.0,0
10.922825786415556,6,8.0,7074
10.923030495836356,6,1.0,7281
10.92324390620308,7,7.0,5545
10.92330069621292,13,1.0,-211
10.92337964645142,13,4.0,-436
10.92360957958793,14,2.0,-667
10.923670105081912,9,13.0,3094
10.924598362695424,8,2.0,6633
10.924694522091096,7,2.0,4732
10.925374428740817,7,3.0,2651
10.926447448347968,6,1.0,7014
10.926573511992384,14,2.0,-801
10.926973252538572,7,33.0,4859
10.92708286443375,13,3.0,-964
10.92708286443375,17,3.0,-964
10.927108676284051,6,3.0,7205
10.927155738513015,6,1.0,6800
10.92750781788071,8,5.0,7006
10.927540786234738,1,1.0,7402
10.927726092389625,13,2.0,-141
10.927726092389625,17,2.0,-141
10.927837337906483,1,2.0,7403
10.92791598963391,6,5.0,6936
10.928138810810502,7,5.0,1527
10.928255081363158,7,11.0,4161
10.928760139597099,9,15.0,2088
10.928983614017781,9,2.0,3683
10.928983614017781,16,2.0,3683
10.929058253287108,9,30.0,3465
10.92964762683646,7,1.0,6200
10.92966286141548,14,2.0,-210
10.929911975700458,13,5.0,-355
10.929976922436063,13,3.0,-154
10.930103428629316,6,1.0,6409
10.930380156679513,5,1.0,0
10.930384085319119,7,7.0,6127
10.930522770549384,7,49.0,2825
10.930532466582408,7,1.0,6471
10.930921110443123,6,5.0,5501
10.930953264736171,5,5.0,0
10.930960812223566,13,3.0,-98
10.931001882536592,7,2.0,648
10.931635390114645,1,1.0,7404
10.931689699115479,13,2.0,-671
10.931921061165763,6,11.0,5664
10.932296032803837,13,4.0,-875
10.932296032803837,17,4.0,-875
10.932390538799769,1,5.0,7405
10.932715256416051,1,2.0,7406
10.933564106439906,1,10.0,7407
10.933671366554986,13,1.0,-467
10.933671366554986,17,1.0,-467
10.933677102785595,7,4.0,5326
10.933725525079705,14,8.0,-775
10.933751819508686,13,7.0,-854
10.933751819508686,17,7.0,-854
10.934059361539218,6,3.0,6615
10.934102001173557,14,1.0,-447
10.934102001173557,17,1.0,-447
10.934621960585282,14,9.0,-225
10.935053203379558,14,2.0,-495
10.935086159043545,9,6.0,2770
10.93516366206434,6,22.0,5761
10.935203045557389,14,5.0,-165
10.935222642040443,1,3.0,7408
10.935689268337397,6,6.0,6523
10.935709532077798,7,8.0,2990
10.935936087634646,5,3.0,0
10.935954561843246,13,9.0,-599
10.935954561843246,17,9.0,-599
10.936193181873293,9,5.0,6607
10.936428764541706,13,1.0,-458
10.936498246493063,7,3.0,5806
10.936764712310833,9,23.0,3514
10.936796875473451,9,5.0,1516
10.9369466125351,6,5.0,6087
10.937020485874426,7,3.0,4969
10.937619574516258,8,1.0,3970
10.937655952923489,5,2.0,0
10.937846721748208,14,1.0,-164
10.937846721748208,17,1.0,-164
10.938818050372745,113,31.0,-452
10.939192505687044,1,2.0,7409
10.939349163832341,13,1.0,-789
10.940066917292492,13,2.0,-22
10.940165009295253,9,1.0,5088
10.940286736543596,1,60.0,7410
10.940630479818743,7,21.0,4131
10.941343227841411,6,2.0,6952
10.94161301903061,7,3.0,5264
10.941846594175836,8,13.0,6358
10.941890846492237,1,1.0,7411
10.942129917135762,7,2.0,6205
10.942507529007916,6,3.0,7326
10.942779511463788,6,5.0,7166
10.94312555908791,6,34.0,4319
10.943471411608028,6,4.0,7131
10.94352154317671,5,2.0,0
10.94471375704769,13,4.0,-794
10.94471375704769,17,4.0,-794
10.944922183309755,7,2.0,5748
10.945086994861317,113,56.0,-766
10.94528747440229,1,2.0,7412
10.945305736912978,7,2.0,5006
10.945539708239878,7,35.0,3572
10.94576930992412,6,3.0,6632
10.945828147685624,6,5.0,6581
10.945861147358375,7,7.0,5401
10.945876252200383,5,5.0,0
10.945959991987099,13,1.0,-727
10.945959991987099,17,1.0,-727
10.946268335354935,9,40.0,2374
10.946454384605069,7,6.0,2726
10.946547152584282,7,3.0,6686
10.947499105149463,1,12.0,7413
10.947605863353127,5,2.0,0
10.947834481720012,13,4.0,-948
10.948336653652676,7,6.0,4960
10.948631914583673,1,9.0,7414
10.948660598242142,14,1.0,-1050
10.948660598242142,17,1.0,-1050
10.948861341627268,1,3.0,7415
10.948889963772453,1,2.0,7416
10.948975395044284,1,1.0,7417
10.948981196539878,5,6.0,0
10.949014814028383,13,5.0,-220
10.949182772923576,5,3.0,0
10.94937194579662,8,5.0,5539
10.949855645839762,7,15.0,5465
10.950060789214398,5,2.0,0
10.95014398829069,1,2.0,7418
10.95021398616002,14,9.0,-611
10.950273009789068,14,1.0,-988
10.950308981673215,1,4.0,7419
10.950472455431257,9,2.0,5158
10.950602603405452,13,2.0,-995
10.950602603405452,17,2.0,-995
10.950721346419952,5,4.0,0
10.950726152069539,13,1.0,-274
10.950814783974929,8,3.0,5406
10.951097182531957,13,2.0,-169
10.951369537290363,9,1.0,3970
10.951877827893352,7,6.0,3422
10.952004609123199,13,1.0,-832
10.952239283979594,7,7.0,5807
10.952657373012038,1,2.0,7420
10.95309989506435,14,5.0,-959
10.95332110352108,13,1.0,-426
10.953437407596299,7,2.0,3523
10.954044353066902,6,4.0,7054
10.954237784193156,1,2.0,7421
10.954939863964437,16,5.0,943
10.955036928335263,6,1.0,6913
10.955084635651614,8,2.0,4999
10.955297699070265,9,2.0,6970
10.955343770757171,1,3.0,7422
10.955580516393127,13,1.0,-686
10.95576216517045,1,3.0,7423
10.955943892965385,13,2.0,-662
10.956701800033793,13,11.0,-207
10.957130201565748,5,1.0,0
10.957477281076637,6,6.0,6141
10.957593838177262,7,1.0,4155
10.958124105595655,14,4.0,-816
10.958192729981718,1,2.0,7424
10.95841689294953,13,15.0,-813
10.95841689294953,17,15.0,-813
10.958602038146918,6,2.0,6079
10.959121657629668,5,5.0,0
10.959157592098563,6,4.0,6623
10.95939888733853,1,2.0,7425
10.959425326266294,13,5.0,-410
10.959569026150312,7,3.0,5160
10.9597738424021,9,52.0,1799
10.959809637033459,13,1.0,-239
10.960382605436187,5,9.0,0
10.960525382702427,1,4.0,7426
10.960643444332614,6,12.0,6156
10.960769415408357,14,24.0,-408
10.960914423031435,13,1.0,-507
10.961033096890116,14,1.0,-269
10.961305465127747,6,2.0,7406
10.961380269050471,13,5.0,-578
10.961588751382774,7,54.0,1330
10.962168501386408,7,4.0,5186
10.962180367219235,7,2.0,5262
10.962182861874378,14,1.0,-245
10.962672108176177,7,19.0,4985
10.963859873401912,6,1.0,6896
10.964362689881861,14,1.0,-112
10.964579999866537,7,2.0,6739
10.964839014091998,1,1.0,7427
10.964874540987173,8,5.0,6791
10.964995617066618,1,3.0,7428
10.965640132738017,8,1.0,6580
10.965761651079903,1,3.0,7429
10.96585776861448,5,4.0,0
10.96607894010168,11,54.0,3812
10.96626065519516,7,14.0,2868
10.96639004925652,14,2.0,-271
10.966415342692258,7,13.0,3558
10.966638117013861,6,5.0,5882
10.967013888978295,7,3.0,3976
10.96712062914231,1,4.0,7430
10.96722634027069,5,1.0,0
10.968140404662678,13,3.0,-498
10.96821437846901,14,6.0,-31
10.968316501373486,2,4.0,7431
10.968833893529158,6,8.0,7095
10.968881994229013,14,8.0,-316
10.969198231714433,16,2.0,436
10.969332425359314,1,2.0,7432
10.969490160755697,14,3.0,-1006
10.969881113281476,7,10.0,4623
10.969980720453238,14,1.0,-785
10.97030393919031,9,9.0,2698
10.971223748825993,6,29.0,7037
10.971354147876259,5,4.0,0
10.971403254851435,13,8.0,-500
10.971403254851435,17,8.0,-500
10.971900926776128,6,6.0,6620
10.971981637697208,5,1.0,0
10.972452586885343,1,2.0,7433
10.972574827384953,7,3.0,5336
10.97283670186031,13,19.0,-593
10.97283670186031,17,19.0,-593
10.972989365790815,5,8.0,0
10.973043299481242,14,3.0,-253
10.973963378919038,13,15.0,-1013
10.973963378919038,17,15.0,-1013
10.974077795376665,6,7.0,6234
10.974351799992057,6,5.0,7223
10.974372200080513,1,22.0,7434
10.974403850482265,6,7.0,7056
10.9745023361156,13,1.0,-357
10.974702454873306,9,8.0,5000
10.975833383755283,6,2.0,6664
10.976085206610493,7,1.0,5530
10.976297834031456,7,2.0,6004
10.976582518834785,14,7.0,-755
10.976690799111763,7,9.0,3884
10.977235749564208,9,3.0,1915
10.978112407401849,7,1.0,5747
10.978216056323962,8,3.0,1819
10.978345272409783,1,12.0,7435
10.978425805980754,8,2.0,6872
10.978810421870001,7,3.0,4174
10.979115737319171,6,1.0,6685
10.979210623503567,14,5.0,-809
10.97952919442345,7,2.0,4857
10.979709853903659,9,5.0,3702
10.97999204677649,1,5.0,7436
10.980012234113076,7,4.0,5678
10.980210433974683,1,2.0,7437
10.98044979257822,8,39.0,4808
10.980667646167207,14,2.0,-523
10.980667646167207,17,2.0,-523
10.98074001143362,9,6.0,5927
10.981458850953675,13,1.0,-197
10.98156437445378,6,2.0,6658
10.981631982147283,5,3.0,0
10.981640392731508,7,4.0,5940
10.982011011285287,7,1.0,3807
10.982017119376863,9,7.0,4912
10.982252363710995,7,54.0,5552
10.982252363710995,16,54.0,5552
10.982545755272822,6,1.0,6661
10.9825534597637,8,1.0,5189
10.98267005139182,7,5.0,2277
10.98353975162747,13,1.0,-811
10.983852141833125,13,1.0,-649
10.983852141833125,17,1.0,-649
10.984146764562874,9,32.0,4559
10.9843234853992,14,15.0,-187
10.984354532606922,7,48.0,1053
10.984500723807788,5,14.0,0
10.98463704190116,13,1.0,-54
10.984689881180302,9,25.0,5464
10.984805534042799,6,6.0,5787
10.98487957656098,7,4.0,4798
10.984989261470687,6,3.0,5394
10.985048699000158,13,6.0,-288
10.985723588748098,5,1.0,0
10.98623793595527,13,3.0,-644
10.98623793595527,17,3.0,-644
10.986482943559015,1,2.0,7438
10.987221068937792,6,6.0,7299
10.987468923597204,6,5.0,6062
10.987499807007785,6,9.0,6245
10.987640064537239,13,2.0,-473
10.987991185728278,13,19.0,-150
10.988416205320341,8,60.0,4625
10.988572699211769,6,1.0,5414
10.989136411272437,6,1.0,5427
10.989575488931148,7,7.0,5486
10.989813163682955,1,1.0,7439
10.990045976416743,6,5.0,7091
10.990095478667621,6,6.0,7316
10.990105765537269,13,1.0,-1029
10.990385595710713,6,1.0,6606
10.990493767255034,14,3.0,-999
10.990741749237273,7,6.0,4759
10.990951555483178,6,4.0,7331
10.991042363684738,14,1.0,-502
10.99152796539023,9,3.0,5626
10.991652669485271,8,3.0,5347
10.99208818939938,6,1.0,7100
10.992145192538258,6,3.0,5942
10.992350962216516,7,1.0,5434
10.992353046796051,9,5.0,4590
10.992526896839587,13,2.0,-996
10.992526896839587,17,2.0,-996
10.99327076308391,14,1.0,-163
10.993679334321419,7,5.0,5251
10.993693947042823,113,46.0,-50
10.993724627914949,7,3.0,4563
10.993811105247342,7,59.0,4554
10.993811967667295,9,3.0,3043
10.994235779861635,6,1.0,6251
10.994973865729209,5,1.0,0
10.99526735054722,13,3.0,-353
10.995275589556172,7,1.0,5556
10.995699061059833,6,4.0,6769
10.995903576607114,6,1.0,7204
10.996671134763469,6,25.0,5715
10.99696757981635,6,2.0,6071
10.997802890093482,14,5.0,-936
10.997802890093482,17,5.0,-936
10.998111255835564,1,9.0,7440
10.998387197049162,6,22.0,6195
10.998937472447404,6,5.0,6524
10.998942172149839,13,1.0,-788
10.998997296693688,1,1.0,7441
10.999325044712826,7,1.0,3091
10.999463046984278,7,15.0,2691
11.000349211735376,9,31.0,4347
11.000557043652842,13,7.0,-1294
11.00066037711476,14,4.0,-1743
11.000922316651621,13,1.0,-1377
11.001634484048527,6,2.0,6835
11.001702382774695,7,8.0,4639
11.001710347474152,13,1.0,-1415
11.001844494654842,7,20.0,5334
11.002144426393482,6,2.0,4544
11.002282930535166,1,3.0,7442
11.002432185008383,8,2.0,5572
11.002835875187163,6,4.0,7268
11.003119848664252,14,4.0,-1252
11.003128241193572,6,2.0,7247
11.00350790758405,9,3.0,4498
11.003927562991606,6,2.0,6104
11.003983222437745,7,37.0,5816
11.00502267754249,5,9.0,0
11.005033412211418,7,3.0,3881
11.005475006930396,13,1.0,-1953
11.005522386610007,7,1.0,6086
11.005525677034358,6,6.0,6519
11.005790999430701,5,7.0,0
11.006202224267653,6,2.0,6802
11.00625149321914,5,2.0,0
11.006476147671284,6,1.0,6541
11.006940569916496,9,2.0,5879
11.006964362075617,5,4.0,0
11.007441684152047,7,1.0,2704
11.007542432227694,14,1.0,-1660
11.007604849999106,1,1.0,7443
11.00776097127538,7,4.0,3499
11.00792957087282,5,6.0,0
11.008079448762416,1,8.0,7444
11.008232042307686,13,3.0,-1365
11.008867599330184,7,8.0,5364
11.008988770381785,13,5.0,-2072
11.009313888405567,9,3.0,4897
11.00950425996645,13,3.0,-1722
11.009540980051309,1,3.0,7445
11.009654484579984,13,2.0,-1210
11.01032937183337,13,5.0,-1941
11.01048215440312,18,,0
11.010613697912884,102,11.0,7446
11.010917916898803,1,25.0,7447
11.010992866903194,6,4.0,5600
11.011124841114059,13,1.0,-1974
11.011147319365453,14,2.0,-1737
11.011217353574589,6,2.0,6954
11.011926453178804,13,3.0,-1663
11.01212013405143,8,1.0,6246
11.012166458681515,7,4.0,4986
11.012344146210598,13,1.0,-1809
11.012716229030861,9,6.0,4060
11.013744383886953,13,1.0,-1932
11.013763995037579,1,1.0,7448
11.014350677610057,1,2.0,7449
11.014406402618095,1,3.0,7450
11.014780467486771,7,5.0,3727
11.014798233247074,9,3.0,5734
11.015302429772769,1,1.0,7451
11.015303300654958,18,,0
11.01532815602659,101,1.0,7452
11.015427811038478,9,1.0,6184
11.015458202449528,1,4.0,7453
11.015525866531059,13,2.0,-2097
11.015677691465378,1,8.0,7454
11.015690373265524,13,1.0,-1954
11.016104969291806,6,1.0,6526
11.016129373167436,7,7.0,4668
11.016237053752977,7,5.0,6095
11.016802016537737,7,11.0,6992
11.016823831285041,5,7.0,0
11.01771520804552,5,6.0,0
11.017977200141555,13,2.0,-2058
11.01807756074027,18,,0
11.018097609115456,101,6.0,7455
11.018263523725366,1,2.0,7456
11.018558211922475,7,24.0,3954
11.018625171799963,13,2.0,-1547
11.018846578752022,7,4.0,2415
11.019062710261998,1,6.0,7457
11.01914071083684,7,2.0,2790
11.019358989315558,1,1.0,7458
11.019466377385221,7,2.0,4958
11.01957089104689,2,4.0,7459
11.019717442434946,9,24.0,5896
11.019818304416093,13,8.0,-2030
11.020024185673014,5,4.0,0
11.020063568826686,7,3.0,2585
11.020063568826686,16,3.0,2585
11.020863172488617,13,1.0,-1896
11.021069965957704,18,,0
11.021349958616767,5,1.0,0
11.02149679267846,101,3.0,7460
11.021676580558246,6,5.0,6236
11.021774282233233,5,1.0,0
11.021861759258181,5,1.0,0
11.02201316158152,6,10.0,6521
11.02235307952726,14,1.0,-2033
11.022377126172117,7,8.0,2995
11.022421013397118,14,1.0,-1619
11.022719744332317,6,2.0,7323
11.02285276808286,6,2.0,7335
11.023088872842242,5,3.0,0
11.023505839227019,3,6.0,7461
11.023580307441813,7,5.0,1093
11.023842896405696,6,4.0,6806
11.024612009747962,14,2.0,-1757
11.024646645841774,7,2.0,5489
11.024971139588143,6,5.0,7405
11.025020335519876,6,23.0,6977
11.025059480977218,13,2.0,-1311
11.025433275365591,1,10.0,7462
11.025565597394587,13,4.0,-1456
11.025636426501631,113,52.0,-1905
11.02591766101546,1,4.0,7463
11.026312363683598,14,13.0,-1934
11.02645023372671,1,13.0,7464
11.026812249787467,6,3.0,6110
11.026934500752127,14,6.0,-1094
11.027043649098353,14,2.0,-1223
11.02781591282717,5,7.0,0
11.027844697318441,13,1.0,-1452
11.028145456136333,8,3.0,4236
11.028160462837167,18,,0
11.028163978831751,6,4.0,6892
11.028199792757949,5,2.0,0
11.028284860738477,8,2.0,6201
11.028290811057083,14,4.0,-1843
11.028362358581596,101,5.0,7465
11.02849416313207,9,3.0,5347
11.028617935832216,6,9.0,3333
11.028780948918246,14,3.0,-1134
11.028829392770536,1,1.0,7466
11.028847716279826,18,,0
11.028867391621374,101,5.0,7467
11.028971852272152,8,2.0,5571
11.029044758543538,13,16.0,-1755
11.029256560877736,6,2.0,7370
11.029507729888909,7,26.0,1762
11.02968687154932,7,4.0,3075
11.029726182423095,8,9.0,5395
11.030138677589852,7,1.0,5144
11.030731667988185,7,2.0,3512
11.03109870259156,18,,0
11.031311255071149,101,2.0,7468
11.031353087812604,1,2.0,7469
11.031383967433971,18,,0
11.031390233241819,101,3.0,7470
11.031431196354866,9,4.0,6164
11.032038408465054,6,1.0,6921
11.032274347848773,6,9.0,5856
11.032279985981505,7,11.0,4980
11.033222520946595,7,3.0,5784
11.033342435921217,7,1.0,2896
11.033859979062056,18,,0
11.03395927316718,6,1.0,5402
11.033995727553132,101,3.0,7471
11.034198805165866,13,1.0,-1368
11.034446861148226,18,,0
11.034521550803074,101,10.0,7472
11.034744178996295,1,1.0,7473
11.034757327985753,6,5.0,6185
11.035172817151455,1,11.0,7474
11.035188540691808,7,6.0,3569
11.03539242743973,18,,0
11.03551329832511,5,3.0,0
11.035827249827449,101,10.0,7475
11.03614158837501,7,2.0,4356
11.036889973124016,13,5.0,-1580
11.036898681760192,7,5.0,5687
11.037154018081578,6,31.0,5039
11.037263563040298,7,6.0,5199
11.037405245327674,6,4.0,5246
11.03759055631736,2,10.0,7476
11.038466525852199,6,1.0,6616
11.038884845232326,13,3.0,-1488
11.03918827386793,7,3.0,4410
11.039203849283224,14,11.0,-1290
11.039245477522318,14,4.0,-1540
11.03989831813025,5,4.0,0
11.039960370351437,7,1.0,3971
11.040026224181485,6,48.0,6351
11.040601634369892,6,4.0,5498
11.040638807182969,18,,0
11.040652296421008,101,2.0,7477
11.041381070251155,5,2.0,0
11.041536340672668,13,1.0,-1425
11.041635595336812,9,15.0,3659
11.042362393713958,14,2.0,-1440
11.042496119630158,1,1.0,7478
11.042708952739297,14,5.0,-1385
11.04301349197578,5,4.0,0
11.043044548060518,1,1.0,7479
11.04308258768189,1,1.0,7480
11.04314601279257,5,1.0,0
11.043242788179354,13,8.0,-1572
11.043907700864318,7,4.0,5068
11.043957871852658,6,1.0,5361
11.044246556799798,13,1.0,-1065
11.04456625620449,7,8.0,4290
11.044649600069333,1,4.0,7481
11.045054401657909,1,1.0,7482
11.04547257223375,5,4.0,0
11.045859216387285,7,26.0,5618
11.045864134028534,7,10.0,3937
11.04629102567187,9,11.0,4246
11.047246273716127,6,2.0,6319
11.047332576795283,7,1.0,3810
11.047442520324061,7,4.0,4839
11.047522627324511,14,6.0,-1438
11.047599262013227,6,4.0,6813
11.048172736087869,13,2.0,-1343
11.04829008526882,13,2.0,-1054
11.048542646121359,6,4.0,5771
11.048565649653826,8,1.0,6841
11.048668436655124,6,18.0,5627
11.048710740246108,7,42.0,1538
11.048710740246108,16,42.0,1538
11.04871217418529,1,1.0,7483
11.048789405181651,18,,0
11.048840302044916,13,13.0,-1782
11.0488773272226,101,3.0,7484
11.049117556559944,14,2.0,-1754
11.049119853449412,6,2.0,7365
11.049219830980027,7,2.0,3741
11.049225684692368,1,2.0,7485
11.049338892150507,13,27.0,-1296
11.049415477331555,5,2.0,0
11.050155954912755,9,6.0,5559
11.050418039293037,7,5.0,4900
11.050662888489748,7,10.0,5252
11.050735284800473,6,9.0,7394
11.050747443530208,7,2.0,3864
11.05082036313641,8,48.0,4177
11.050860725896833,6,1.0,7008
11.051095466312976,5,6.0,0
11.051201510908449,13,1.0,-1099
11.051225666649248,1,1.0,7486
11.0512277213005,1,2.0,7487
11.052004005662614,1,10.0,7488
11.052234727067141,5,3.0,0
11.0522805803069,13,2.0,-1703
11.052614125862817,1,5.0,7489
11.052726293037923,14,2.0,-1961
11.053037495387024,14,1.0,-1724
11.053481771859785,13,14.0,-1288
11.053679914893358,7,5.0,4308
11.053984143959116,7,5.0,2588
11.05456105652893,7,2.0,6241
11.054828738308201,13,4.0,-1163
11.055447942335496,5,3.0,0
11.055541601105762,7,10.0,5392
11.055543276631656,1,9.0,7490
11.0559369405647,5,3.0,0
11.05606255614134,6,1.0,7439
11.056457920533312,7,3.0,5425
11.056800707027767,7,12.0,4718
11.057167465379585,7,1.0,5533
11.057327934249198,13,6.0,-1092
11.05753240088073,7,14.0,6571
11.057814498346161,14,49.0,-1926
11.057814498346161,17,49.0,-1926
11.058212006814976,7,1.0,5659
11.058302056173558,7,2.0,4218
11.058412900280793,7,2.0,6964
11.05872096839264,13,2.0,-1599
11.058979658167507,5,2.0,0
11.059799548659893,13,2.0,-1867
11.059799548659893,17,2.0,-1867
11.060027307744933,1,3.0,7491
11.060090768242308,6,13.0,6350
11.060258012302292,1,7.0,7492
11.060286196571855,5,9.0,0
11.060975138206585,7,17.0,5448
11.061299623813458,7,2.0,6965
11.061340650985215,7,9.0,3673
11.061648280737291,6,3.0,6301
11.062030743043051,6,2.0,7456
11.062118372602091,13,2.0,-1803
11.06235581234525,7,4.0,6431
11.06256020446792,6,3.0,7291
11.063017784426492,6,1.0,7194
11.063232495072882,7,8.0,5813
11.06346724059842,14,1.0,-1166
11.063497715471224,13,13.0,-1817
11.063535107199304,13,1.0,-1638
11.063585544875007,1,13.0,7493
11.063933864390778,7,4.0,5003
11.06396411011379,6,6.0,5249
11.06406437069132,6,3.0,6917
11.064066128283514,7,1.0,4037
11.064166605626756,8,19.0,5733
11.064375475706276,6,14.0,6988
11.064430018499202,7,2.0,4949
11.064775577981262,6,7.0,7190
11.065365739114888,7,6.0,5492
11.065386142332107,1,5.0,7494
11.065602013342804,14,2.0,-1744
11.065746538525426,6,3.0,6961
11.06587649984035,6,3.0,6662
11.06588340400162,13,2.0,-1139
11.066226868140395,13,3.0,-1595
11.066361701623881,7,15.0,5324
11.066683656547536,7,1.0,4090
11.066737154408013,7,2.0,5554
11.067116211182215,14,1.0,-1903
11.067268020331468,14,1.0,-2031
11.067374582347888,14,4.0,-1728
11.067374582347888,17,4.0,-1728
11.068809865474268,13,1.0,-1729
11.068821429842863,6,2.0,7089
11.068848257191089,13,1.0,-1991
11.068910007235614,7,1.0,4428
11.06894759651724,13,3.0,-1382
11.069211480389326,6,11.0,5745
11.069343635701822,7,1.0,3292
11.06957498905515,1,3.0,7495
11.06992194824087,6,2.0,6649
11.070277254722544,7,1.0,3666
11.070754788607308,6,4.0,7459
11.071988739762054,9,3.0,6840
11.072016367329008,1,2.0,7496
11.072300647762015,13,1.0,-1738
11.072361415601769,1,3.0,7497
11.073106453406213,6,12.0,7317
11.073202248273548,5,3.0,0
11.073900326331797,13,5.0,-1361
11.073900326331797,17,5.0,-1361
11.074028585747962,5,3.0,0
11.074427884431412,7,9.0,5076
11.074694205482844,7,2.0,6941
11.075017889877287,9,2.0,6026
11.075660717127711,14,2.0,-1113
11.075709387919318,13,2.0,-1474
11.076394803313892,16,24.0,1918
11.07639604820539,1,2.0,7498
11.076451883559916,9,4.0,3298
11.076492262060345,7,3.0,4862
11.076549815297348,1,5.0,7499
11.076598463686912,7,1.0,5777
11.076899611948964,7,10.0,5043
11.077237129352472,8,5.0,6570
11.077269372013596,7,4.0,5038
11.077365298618998,1,2.0,7500
11.077368820637043,1,2.0,7501
11.07879478782335,5,2.0,0
11.078880269245245,1,1.0,7502
11.079042859758896,9,8.0,6252
11.079068332211284,14,2.0,-1256
11.079195201376205,14,59.0,-1441
11.08006713496795,5,22.0,0
11.080361959770649,6,3.0,7305
11.080415805149036,13,4.0,-1834
11.080614602682477,14,7.0,-1567
11.080621691350897,5,4.0,0
11.080780108650442,1,6.0,7503
11.08156393184782,1,1.0,7504
11.081821910259023,5,4.0,0
11.081878977967074,6,3.0,7340
11.08188682291704,6,9.0,6041
11.081905456188284,5,3.0,0
11.082107020700203,6,1.0,7391
11.08232374757493,14,4.0,-2019
11.083022403319738,14,6.0,-1666
11.083022403319738,17,6.0,-1666
11.083026850344927,6,6.0,6392
11.08325371195537,6,2.0,7310
11.08348809873133,5,1.0,0
11.08353286651803,13,1.0,-2041
11.08364888051614,7,6.0,2013
11.084216302575909,5,2.0,0
11.084290935070692,9,10.0,2343
11.08446462675451,5,1.0,0
11.08456961313159,1,9.0,7505
11.085002611920407,13,3.0,-1275
11.085002611920407,17,3.0,-1275
11.08541416832858,7,10.0,5792
11.085479626747722,9,12.0,4770
11.085529331731511,7,9.0,4500
11.085608836112511,13,1.0,-1719
11.085641339728818,4,5.0,7506
11.085860832366054,6,1.0,6947
11.086557790988067,14,1.0,-1849
11.087043567416336,13,1.0,-2012
11.087320507423831,6,2.0,7345
11.087587756879097,8,2.0,5614
11.087888209186946,13,1.0,-1600
11.087888209186946,17,1.0,-1600
11.087958705241952,1,2.0,7507
11.088213106612633,7,1.0,6219
11.088575363312916,6,49.0,5036
11.088850980294247,6,18.0,7160
11.088989707044986,1,11.0,7508
11.089120291182601,9,2.0,5220
11.089967712609019,14,1.0,-2086
11.089967712609019,17,1.0,-2086
11.090259171022756,7,6.0,4353
11.090632525840203,7,2.0,6491
11.090822124313606,9,2.0,4889
11.090880098889912,13,4.0,-1278
11.091116115157089,13,1.0,-1321
11.09123160826345,8,18.0,2296
11.091286552799412,14,3.0,-1061
11.091341651222567,7,1.0,4376
11.09154048699355,6,6.0,6981
11.091541470608455,14,3.0,-2090
11.091541470608455,17,3.0,-2090
11.091663619429527,1,3.0,7509
11.091968276595562,7,4.0,4907
11.092136132934566,8,1.0,6532
11.092421542151115,1,4.0,7510
11.092493409700223,5,56.0,0
11.092496712286534,3,11.0,7511
11.092629981904508,9,4.0,2760
11.093492299626119,7,6.0,5159
11.093540114375879,7,2.0,3675
11.093725009616609,16,10.0,1613
11.094076074713401,1,4.0,7512
11.09444956858718,7,10.0,4020
11.094572176566363,5,3.0,0
11.094633756160302,13,1.0,-1335
11.095149168492933,1,3.0,7513
11.095740091136484,14,11.0,-1079
11.095957028977114,7,8.0,6363
11.096406857963705,6,3.0,7423
11.097030655518076,1,1.0,7514
11.097129477488503,8,9.0,4047
11.0971715568278,13,1.0,-1655
11.097375517273841,14,2.0,-1123
11.097375517273841,17,2.0,-1123
11.097722400816577,7,1.0,3587
11.098309613313122,6,2.0,7199
11.09877775181064,13,3.0,-1284
11.09877775181064,17,3.0,-1284
11.098886871997642,7,9.0,2722
11.099001992255594,6,3.0,7450
11.099263685703416,14,2.0,-2082
11.099508150270493,1,3.0,7515
11.099589753564718,13,1.0,-1801
11.099747374953195,1,5.0,7516
11.099765170210798,9,5.0,5180
11.100496380063946,6,12.0,5263
11.10086413311174,8,25.0,3005
11.100936167838524,14,1.0,-2022
11.100936167838524,17,1.0,-2022
11.100945913347129,5,1.0,0
11.10166187614269,14,6.0,-1736
11.10166187614269,17,6.0,-1736
11.101804271308877,7,2.0,2589
11.1019965808526,9,3.0,5113
11.10203442466474,6,3.0,6445
11.102162274952773,7,2.0,5458
11.102324823669239,9,5.0,6829
11.102465484668299,7,3.0,6458
11.102604346822988,7,7.0,4085
11.102707199150355,7,3.0,4475
11.10322984830941,9,2.0,6820
11.103616445502325,13,1.0,-1507
11.103760590749816,1,10.0,7517
11.10397955278491,1,6.0,7518
11.104348442550087,13,6.0,-2021
11.104431883457728,7,3.0,3800
11.104643378761237,14,4.0,-1317
11.104781263567698,6,1.0,6046
11.105029053441651,6,1.0,7071
11.105304190570282,7,7.0,3940
11.10552304615016,13,1.0,-1254
11.105722551118014,9,41.0,1941
11.105761985207984,1,7.0,7519
11.105823361605516,7,2.0,5860
11.106377746774143,6,6.0,7457
11.106640241417642,14,7.0,-1693
11.10673637315671,5,1.0,0
11.106877383592126,6,2.0,4197
11.106881378630892,9,2.0,5250
11.106904665329605,6,11.0,7151
11.107909639662038,1,2.0,7520
11.108489652404856,6,12.0,5460
11.108723424120054,13,7.0,-1149
11.10902368915945,13,3.0,-1218
11.109265375151683,7,1.0,5743
11.109294434936992,7,3.0,5624
11.109499211697992,6,13.0,7319
11.10954395521011,14,3.0,-1654
11.109741464352178,7,6.0,6984
11.11017238492331,7,39.0,5680
11.110281450887646,1,4.0,7521
11.110299142439588,14,4.0,-1569
11.110712144446477,7,2.0,6808
11.110795800582885,6,1.0,7193
11.111212646693513,6,9.0,7187
11.111266541383456,7,7.0,3494
11.111596200749185,6,6.0,6530
11.112238203523155,13,1.0,-1095
11.112458119390071,8,5.0,7405
11.112565292927782,14,6.0,-1842
11.112854484388203,7,7.0,2232
11.112894159745135,7,17.0,5650
11.113385975886828,6,4.0,7137
11.11339544359738,6,2.0,4458
11.113799548266591,7,2.0,6589
11.11380570617801,6,1.0,6972
11.114046133965465,5,1.0,0
11.114075335242402,1,2.0,7522
11.114166157430859,9,42.0,5054
11.1143998549216,1,5.0,7523
11.114477860173986,7,4.0,4851
11.11452258671872,7,1.0,3297
11.115286925652297,1,6.0,7524
11.115721229661293,14,4.0,-1212
11.115864553662712,14,2.0,-1515
11.116989320357897,1,1.0,7525
11.11703233494851,7,25.0,1530
11.117063255083625,6,13.0,7026
11.117158396584857,9,4.0,5366
11.11721871556151,7,5.0,3205
11.118061813322734,13,3.0,-1300
11.118112119624811,7,3.0,3330
11.11838750170147,6,2.0,7390
11.118555495615787,1,1.0,7526
11.118978743353837,6,30.0,6402
11.119228019717804,14,1.0,-1622
11.119475207503868,13,1.0,-1979
11.1197214348953,16,1.0,2715
11.11974519304972,9,5.0,2387
11.119952471395427,6,2.0,7501
11.120236359837202,5,6.0,0
11.12030419859921,6,1.0,5213
11.120644850199927,13,2.0,-1265
11.120644850199927,17,2.0,-1265
11.12084121954715,7,4.0,5868
11.121208782946555,1,5.0,7527
11.121229432158843,9,2.0,4999
11.121293938333697,1,1.0,7528
11.12160311023638,9,9.0,2300
11.121608577857018,1,9.0,7529
11.121685430717216,14,4.0,-1662
11.12211154944937,5,4.0,0
11.12220541738878,1,2.0,7530
11.1222223868467,6,1.0,7525
11.122641344962041,14,1.0,-1271
11.122655734416703,7,3.0,4056
11.122659439603185,6,1.0,5089
11.1229758108899,6,1.0,7371
11.123551136449061,13,2.0,-1347
11.123551136449061,17,2.0,-1347
11.123630751076096,6,6.0,6168
11.123913444427771,7,1.0,4427
11.124630067280048,13,3.0,-1546
11.124630067280048,17,3.0,-1546
11.124683562618705,13,1.0,-1819
11.125153408723017,6,2.0,7206
11.125589273854594,1,1.0,7531
11.125703232383788,16,43.0,451
11.125748193169542,5,3.0,0
11.125948824595511,13,8.0,-1813
11.126057477671289,16,7.0,2121
11.126076879524554,14,1.0,-1304
11.12629559149094,9,13.0,4240
11.12658627068282,5,1.0,0
11.126872725912246,7,8.0,4938
11.126920457640677,13,1.0,-1639
11.127319044344869,9,5.0,3174
11.12734021790155,7,1.0,5673
11.128292881419098,1,9.0,7532
11.128473958644259,9,9.0,5395
11.128612312988006,13,1.0,-2043
11.128683908025954,7,33.0,5964
11.129386397642444,6,5.0,7344
11.130310086832832,7,4.0,5139
11.130364180563243,5,48.0,0
11.130442066198205,14,1.0,-1291
11.130442066198205,17,1.0,-1291
11.130778207739986,14,4.0,-1875
11.130778207739986,17,4.0,-1875
11.130823828994131,13,2.0,-1822
11.130823828994131,17,2.0,-1822
11.130827586653911,6,5.0,7267
11.13111269349436,8,3.0,7082
11.131265450478635,8,2.0,7390
11.131674222518171,7,5.0,3743
11.131951885147926,2,4.0,7533
11.132071432584135,7,23.0,3476
11.13209692513277,5,3.0,0
11.132413813178372,14,5.0,-1334
11.132582025242383,13,2.0,-1396
11.132736059479972,8,2.0,5963
11.132905847893372,14,2.0,-1670
11.13318896227492,13,4.0,-1306
11.133349833227697,6,5.0,6349
11.13385245221697,7,1.0,3160
11.134001115773899,7,8.0,4811
11.13403463986563,6,1.0,6396
11.13411797875494,7,13.0,2623
11.134516449704666,13,2.0,-1469
11.134516449704666,17,2.0,-1469
11.134796783812726,1,7.0,7534
11.1348955368301,13,3.0,-1523
11.134896153415923,1,5.0,7535
11.134996600831826,6,22.0,6515
11.135124693789997,7,4.0,6646
11.135510751990218,7,7.0,3929
11.13563952157213,14,5.0,-1697
11.13563952157213,17,5.0,-1697
11.135865464826246,16,20.0,1277
11.135868879888237,7,10.0,6009
11.136018728598591,8,27.0,4210
11.13643128129709,11,30.0,4546
11.136484526020277,13,5.0,-1250
11.136484526020277,17,5.0,-1250
11.136629171301333,8,9.0,6174
11.13701468063439,6,8.0,5184
11.137320931278438,14,24.0,-1078
11.137795234979846,14,1.0,-2080
11.138347200557687,1,3.0,7536
11.138353624435188,113,55.0,-1762
11.138687431970528,6,3.0,6065
11.138872327893392,2,39.0,7537
11.138896403461708,1,1.0,7538
11.139061110520721,7,5.0,6334
11.139246609229572,14,2.0,-1135
11.139362797158913,6,2.0,7263
11.139586801240938,7,5.0,2741
11.139649947473599,6,18.0,4850
11.139673725175404,14,13.0,-1246
11.14063057628779,6,1.0,6222
11.140966596600553,5,3.0,0
11.14105311456226,7,1.0,6303
11.142106179314036,6,3.0,5757
11.142470335357048,9,2.0,6872
11.142917610125041,6,6.0,6842
11.143111489232584,13,1.0,-1902
11.143283988028728,14,4.0,-1866
11.143603484620376,7,1.0,5444
11.144365836746601,7,6.0,6035
11.144531064709518,7,2.0,4879
11.144711683434792,5,1.0,0
11.145544078983843,8,2.0,7477
11.145611719924617,7,6.0,5398
11.145755269057759,6,1.0,7466
11.145824147857423,13,1.0,-1277
11.145948769861642,1,16.0,7539
11.145977212015223,7,3.0,5668
11.146506470732497,1,2.0,7540
11.146895304433745,8,2.0,5691
11.146934407420064,6,3.0,6364
11.147097309133706,13,1.0,-2084
11.147097309133706,17,1.0,-2084
11.147161581550305,8,2.0,6075
11.147381210335556,1,2.0,7541
11.147484742357998,5,1.0,0
11.14771848107517,14,3.0,-1972
11.14771848107517,17,3.0,-1972
11.148219349374607,9,25.0,4838
11.14836676434475,7,7.0,5780
11.149066501668763,13,5.0,-1142
11.149089963655245,7,1.0,6169
11.14910606625411,14,3.0,-1226
11.149612076832947,7,2.0,2367
11.149808858465326,1,4.0,7542
11.15006405213217,6,1.0,7303
11.150146838322081,13,1.0,-1464
11.150544847638187,6,4.0,7309
11.150760209880541,14,4.0,-1310
11.150859919928369,13,1.0,-1119
11.151105006733065,6,2.0,5937
11.151240528200523,8,5.0,4577
11.151250386731695,5,4.0,0
11.151420521803733,5,6.0,0
11.151423869602024,3,5.0,7543
11.151481748645631,13,1.0,-1260
11.151925493493673,9,19.0,5733
11.152168681595642,6,47.0,5781
11.152668967516659,1,5.0,7544
11.153197363781551,6,1.0,7004
11.15320724736718,5,2.0,0
11.153312207773817,14,4.0,-1750
11.153422875435977,13,3.0,-1390
11.153422875435977,17,3.0,-1390
11.153497951337698,14,3.0,-1916
11.153497951337698,17,3.0,-1916
11.153683823351459,13,4.0,-1836
11.153965624358413,13,2.0,-1763
11.154076090502075,7,3.0,5603
11.154113978068548,7,5.0,4490
11.154379976725117,9,25.0,3005
11.154525224978444,9,5.0,6570
11.15453553384352,8,2.0,7300
11.154675880239315,1,3.0,7545
11.154796658117078,14,3.0,-2034
11.154984454034983,7,2.0,6352
11.155550500269243,7,3.0,4501
11.155740101743499,1,6.0,7546
11.155822411276612,11,10.0,4794
11.156027038979193,13,1.0,-1299
11.156266648228835,1,3.0,7547
11.156355041780879,8,14.0,6624
11.156416941771168,13,6.0,-1501
11.156728480705672,1,9.0,7548
11.156735782953218,13,1.0,-1955
11.156821174311167,5,1.0,0
11.156980662846768,5,2.0,0
11.157097423835129,6,2.0,7034
11.157419936000473,13,1.0,-1325
11.157623159770305,6,1.0,6654
11.157648609531428,5,1.0,0
11.157970829408363,1,2.0,7549
11.158100284085325,7,9.0,3080
11.158452368208742,14,2.0,-1332
11.158786410444055,7,10.0,5961
11.15884067430353,14,21.0,-1433
11.158942857177896,6,5.0,7369
11.159480683322096,14,5.0,-1891
11.160655128729505,14,1.0,-1165
11.160655128729505,17,1.0,-1165
11.160904695024772,6,3.0,6957
11.160904873140966,14,3.0,-1374
11.160909972182067,7,1.0,3227
11.160982367620916,6,9.0,7124
11.161098628764714,7,2.0,4708
11.161514397762963,4,2.0,7550
11.161617144083216,6,6.0,4394
11.161695013179788,14,1.0,-1137
11.161988899488469,7,1.0,4145
11.162147401031728,7,6.0,4016
11.162899093415433,8,25.0,6900
11.163594810506117,6,4.0,6057
11.164102373318983,6,39.0,5633
11.164158842698072,14,1.0,-1550
11.164396813560998,7,2.0,3453
11.16447630470221,2,3.0,7551
11.164969754955962,8,1.0,6705
11.165568397806126,7,6.0,4250
11.165607502798125,6,1.0,7038
11.16599468643227,13,1.0,-1355
11.166439376295727,7,1.0,6059
11.166465800938683,13,1.0,-1840
11.166465800938683,17,1.0,-1840
11.166751651269328,13,3.0,-1634
11.167054853677449,1,7.0,7552
11.167253415681376,7,3.0,3830
11.167482378198983,7,1.0,4515
11.168204919110057,6,5.0,7139
11.168366353547531,5,1.0,0
11.169268764857225,6,1.0,5312
11.169331476445318,7,2.0,5597
11.169333697462111,7,1.0,6022
11.169438119701287,16,1.0,1535
11.169535783026591,14,3.0,-2056
11.169535783026591,17,3.0,-2056
11.170339020195108,1,4.0,7553
11.170736096230224,7,18.0,3034
11.170791777469612,7,11.0,6877
11.171140733389247,14,5.0,-1777
11.171609860765018,13,1.0,-1709
11.17199348668514,1,6.0,7554
11.17244804091177,13,2.0,-1093
11.172592855202158,6,2.0,3590
11.172705064034162,6,6.0,7546
11.172936192389557,7,36.0,5122
11.17300143389188,6,5.0,6490
11.173222717028214,7,2.0,4693
11.17379590330817,13,5.0,-1681
11.17379590330817,17,5.0,-1681
11.174104602400195,5,4.0,0
11.174340270170097,5,10.0,0
11.174387187318162,14,1.0,-2078
11.174410409219838,6,1.0,7109
11.174482576835581,13,1.0,-1129
11.174806020686377,7,7.0,4441
11.175016103401704,7,5.0,6595
11.17538396061807,9,4.0,4300
11.17540087417442,13,4.0,-1428
11.175478754306324,7,7.0,4443
11.17566357784836,5,4.0,0
11.175742378943141,7,5.0,5746
11.17577549512173,6,3.0,6821
11.175948039018415,7,1.0,4118
11.176084536488954,7,15.0,2308
11.176384397138852,6,3.0,7513
11.176499760309191,6,6.0,6425
11.176567976203582,17,4.0,-142
11.176620359624428,14,4.0,-1533
11.176631623842539,6,2.0,7114
11.17682609892519,8,7.0,3551
11.177664378769782,17,1.0,-229
11.17788793401484,8,9.0,6693
11.177925123640755,1,2.0,7555
11.177968446387693,7,13.0,2751
11.178047907554475,6,5.0,7341
11.178548896377832,14,3.0,-1480
11.178548896377832,17,3.0,-1480
11.178711674686054,7,8.0,2090
11.178864551875483,14,5.0,-1091
11.179275501211265,6,22.0,5176
11.18000630234739,6,10.0,7211
11.180345800084933,13,1.0,-1213
11.180678021535176,7,1.0,4531
11.180681507486979,1,3.0,7556
11.18086137587601,1,3.0,7557
11.180874144436824,14,2.0,-1339
11.181294206158361,13,1.0,-1295
11.181294206158361,17,1.0,-1295
11.181314297207146,9,3.0,5413
11.18136376432606,5,1.0,0
11.181383294527786,7,6.0,4914
11.181525995881048,6,20.0,7266
11.183697360627658,5,1.0,0
11.184370141517578,1,3.0,7558
11.184852332138611,1,3.0,7559
11.184875577703075,7,1.0,6834
11.184890474009098,7,6.0,5341
11.184942187673611,7,7.0,5788
11.185095378496401,14,4.0,-1211
11.185399329506968,13,1.0,-1322
11.185522053472765,1,3.0,7560
11.185534415765416,6,4.0,4967
11.186061482960339,8,2.0,7188
11.186334425333822,1,33.0,7561
11.186396362665972,6,4.0,7521
11.186704537270225,5,3.0,0
11.186817828601045,7,9.0,4381
11.186907903959447,7,2.0,3068
11.18694429529907,7,19.0,6419
11.18742943767477,9,14.0,6624
11.187480782755296,1,2.0,7562
11.187526404814786,7,1.0,2764
11.187530349081996,8,8.0,5874
11.18758861636418,7,40.0,1959
11.18764348890414,7,5.0,5540
11.18771813105154,5,3.0,0
11.18795346109605,13,7.0,-1635
11.187999258191375,5,1.0,0
11.18822347238049,5,3.0,0
11.188229121703555,13,1.0,-2036
11.188229121703555,17,1.0,-2036
11.188254178899552,7,36.0,6785
11.18858775075601,7,9.0,5585
11.188651844279898,8,3.0,6362
11.189040806374244,6,4.0,7431
11.189359245562663,7,7.0,6133
11.1894452007923,1,7.0,7563
11.189478632962123,5,1.0,0
11.189654890250385,7,2.0,5928
11.18969751312743,7,1.0,1686
11.190187980807156,6,1.0,7417
11.190731079443225,7,1.0,6053
11.19087619311141,14,6.0,-1998
11.191455226857839,5,1.0,0
11.191529056883924,6,2.0,7403
11.191845643573759,1,12.0,7564
11.192110296273077,6,1.0,7502
11.192282112753961,6,3.0,7429
11.192333021191729,6,2.0,6750
11.192399161339917,13,5.0,-1112
11.192701200822512,7,5.0,5126
11.192857604062054,7,1.0,7147
11.19316770252184,13,3.0,-1418
11.193252045556216,7,40.0,6551
11.19337275220862,13,1.0,-1965
11.193424438310906,1,1.0,7565
11.193596714253967,8,5.0,3663
11.193670734250867,6,8.0,7332
11.193673062373167,7,58.0,1725
11.193809760479327,7,4.0,4332
11.19397388035689,1,3.0,7566
11.193974790887255,6,5.0,7325
11.193998211611639,6,2.0,7409
11.19421070859149,5,1.0,0
11.194567194656402,7,2.0,5825
11.19471180768636,7,4.0,3262
11.19478095971692,1,8.0,7567
11.194844396672085,6,2.0,7134
11.195376528106914,8,5.0,4569
11.195538850434438,13,4.0,-1911
11.195788387405145,14,3.0,-2004
11.196960617356151,7,4.0,6073
11.19709025490235,5,1.0,0
11.197469119761317,5,55.0,0
11.197483709940972,6,5.0,7277
11.197931378670233,13,4.0,-1282
11.19807199315401,1,2.0,7568
11.198181951943631,6,1.0,3648
11.19841525275606,7,6.0,4435
11.19851718336966,7,3.0,6498
11.19854760037156,7,15.0,6336
11.199426232538057,1,2.0,7569
11.19981857744598,7,3.0,6299
11.200128675565834,10,5.0,7506
11.200522526522615,5,1.0,0
11.20091098778563,14,4.0,-1795
11.200929337296431,5,2.0,0
11.201041529533244,5,5.0,0
11.201239744611975,9,2.0,6286
11.201252746101718,6,2.0,7075
11.201280249961544,13,3.0,-1101
11.201614749219456,7,16.0,6636
11.203013420695758,7,3.0,4650
11.203107561956134,1,1.0,7570
11.203233185295593,2,5.0,7571
11.203350977356354,1,2.0,7572
11.203425841544,7,2.0,6021
11.203796218269972,10,5.0,6969
11.204217466957422,6,2.0,7395
11.204251376685157,7,5.0,5138
11.204261036394172,6,1.0,6105
11.204333464628535,7,1.0,4751
11.204425418031189,6,42.0,1401
11.205736173220052,13,2.0,-1802
11.2057917709156,13,5.0,-1539
11.2057917709156,17,5.0,-1539
11.206181393478078,13,5.0,-1522
11.20626646360032,5,4.0,0
11.2064161103248,6,3.0,6341
11.20704516276454,6,2.0,4511
11.207380707839897,7,2.0,4826
11.207459471087214,9,4.0,6757
11.2074617784672,1,3.0,7573
11.20760232747414,8,4.0,6769
11.207634157557166,7,3.0,4518
11.207699261076163,14,5.0,-1551
11.207699261076163,17,5.0,-1551
11.208280002649278,7,5.0,5162
11.208389582908367,6,1.0,6365
11.209089405765944,6,3.0,2840
11.209678597283608,7,35.0,5685
11.209943985891442,9,2.0,5572
11.21003333518885,6,1.0,7526
11.210069845607933,9,44.0,6032
11.210130190950993,5,3.0,0
11.210580167661398,8,17.0,6412
11.210636664555798,6,1.0,6429
11.210663435858848,13,1.0,-1720
11.21085950792046,17,1.0,-889
11.210924546414525,6,3.0,6753
11.210949117607104,5,7.0,0
11.211089930760727,14,2.0,-1367
11.21170113172139,5,2.0,0
11.212158630839266,1,22.0,7574
11.212159337397125,9,12.0,6114
11.212413613731732,1,7.0,7575
11.212574190812774,7,2.0,5384
11.212836154534243,6,6.0,7097
11.212955905953256,6,9.0,5132
11.212973411778878,1,1.0,7576
11.213038937089447,13,2.0,-1603
11.213178732217937,8,39.0,3516
11.213300506312173,9,2.0,5681
11.2133581194447,7,51.0,1583
11.214047964915839,6,2.0,7298
11.214086153194087,7,10.0,4635
11.214741640505943,6,4.0,7453
11.215266215979181,9,2.0,4640
11.21592771916969,7,2.0,5786
11.215976586820544,2,9.0,7577
11.216070100149645,6,7.0,6946
11.216259399644859,1,7.0,7578
11.216887608836855,13,2.0,-1708
11.216887608836855,17,2.0,-1708
11.217149334935517,1,9.0,7579
11.217182700526443,7,5.0,6186
11.217792508365847,6,2.0,5329
11.217829848230636,1,2.0,7580
11.217919878150887,7,3.0,6226
11.218193659857292,13,1.0,-2037
11.218338906363686,13,2.0,-1062
11.218338906363686,17,2.0,-1062
11.218387826020162,6,2.0,7209
11.218456419185586,7,5.0,3442
11.218456419185586,16,5.0,3442
11.218835835022436,113,38.0,-1761
11.2192477601026,14,1.0,-1657
11.219304118230625,7,11.0,4864
11.219551382098972,1,3.0,7581
11.219577493368696,6,1.0,7389
11.219695135110113,6,1.0,7162
11.219946101531976,5,6.0,0
11.220343771557662,6,2.0,7572
11.220425387426824,6,1.0,7040
11.222076271677366,13,7.0,-1768
11.22211590195899,14,3.0,-1717
11.22211590195899,17,3.0,-1717
11.22216333022091,5,1.0,0
11.222384703255333,13,1.0,-1154
11.222384703255333,17,1.0,-1154
11.222654279149292,6,10.0,5846
11.222681261990349,14,1.0,-1064
11.22289559296161,6,5.0,7254
11.223015252436454,7,5.0,6982
11.223020904295172,7,2.0,5955
11.223642887886227,13,2.0,-2100
11.223642887886227,17,2.0,-2100
11.224156722662938,8,2.0,4493
11.224802321892188,5,4.0,0
11.22499033450387,9,5.0,5760
11.225132716209574,13,7.0,-1907
11.225213121011294,13,4.0,-1848
11.225280587241198,7,2.0,5698
11.225280587241198,16,2.0,5698
11.225427216342887,7,5.0,4847
11.225584634311094,9,1.0,3634
11.22644301582935,6,2.0,4785
11.22723457004593,13,3.0,-1389
11.227249418131924,13,1.0,-1203
11.227277174014645,7,7.0,5684
11.227279646416493,6,4.0,6481
11.22797963264609,1,1.0,7582
11.228087765125725,5,4.0,0
11.228132153496968,7,59.0,3082
11.22818981350725,13,2.0,-1746
11.22818981350725,17,2.0,-1746
11.228369300145149,13,5.0,-1233
11.228403553199485,7,8.0,5386
11.22895402010166,7,2.0,5892
11.228985026815044,7,13.0,7000
11.229087794926118,6,2.0,6394
11.229695878140415,7,2.0,5976
11.229837470729917,14,4.0,-1966
11.229837470729917,17,4.0,-1966
11.230114592706707,13,1.0,-1920
11.230166742983128,7,49.0,1473
11.230364044364647,13,14.0,-1349
11.23036703714026,1,3.0,7583
11.23092026160901,1,2.0,7584
11.23095802880432,14,1.0,-1172
11.23118572519,1,4.0,7585
11.231237069491652,1,9.0,7586
11.231739403009044,14,1.0,-1760
11.23204599915807,17,1.0,-527
11.232532406409419,13,1.0,-1990
11.232596903510908,13,1.0,-1680
11.232861748709578,5,2.0,0
11.232924148894243,13,1.0,-1756
11.232964633379968,7,4.0,1921
11.233005856820697,7,7.0,5428
11.233095569880296,1,3.0,7587
11.233153668876664,7,2.0,5821
11.233214460387062,13,3.0,-1312
11.23334797367594,5,8.0,0
11.233795205943018,7,20.0,5885
11.233968186933781,7,8.0,2923
11.234491710085486,8,2.0,3965
11.234827160447978,7,2.0,6019
11.23514533616356,1,1.0,7588
11.235414677723647,14,1.0,-1185
11.235723549652764,6,14.0,5593
11.235869175016001,17,3.0,-33
11.236260791889421,6,2.0,5346
11.236466368231838,1,6.0,7589
11.236590306083919,7,3.0,4327
11.236768524549205,8,2.0,6631
11.237019408419926,1,3.0,7590
11.237049806811068,7,54.0,4039
11.23724210176079,17,2.0,-622
11.237303557204935,7,1.0,6064
11.237954144404346,6,19.0,4597
11.237978103281728,6,8.0,5725
11.238861548195478,14,2.0,-1059
11.239765488127588,13,6.0,-2046
11.239912477887595,1,13.0,7591
11.240783312632434,13,2.0,-1150
11.240951345608332,5,4.0,0
11.241806155807296,1,2.0,7592
11.242043210765004,7,25.0,7108
11.242099468622019,14,3.0,-1784
11.24242625948303,13,1.0,-1514
11.242927067544747,1,1.0,7593
11.242968576449938,7,4.0,4933
11.243134402025374,13,1.0,-1323
11.24351857371507,6,9.0,5475
11.243561639640243,1,1.0,7594
11.243671251309582,14,1.0,-1793
11.243744020384174,14,2.0,-1394
11.243744020384174,17,2.0,-1394
11.244216413489347,6,5.0,7494
11.244702440092428,14,4.0,-1395
11.245165233065244,7,7.0,6209
11.245279619163384,6,3.0,7086
11.245786904364348,8,2.0,4689
11.246877346972356,6,9.0,5226
11.246900303294455,7,2.0,4565
11.246950075983229,13,2.0,-1826
11.246975330440605,13,3.0,-1925
11.247431019448943,6,2.0,6687
11.248160522745032,7,6.0,6722
11.248259142754538,7,7.0,4021
11.249294273661636,7,4.0,4013
11.249781496386907,14,1.0,-1753
11.249876352602339,13,1.0,-1554
11.250266994947932,9,13.0,6358
11.250555573759689,13,1.0,-1230
11.250764939337882,16,1.0,4071
11.251182906513726,5,4.0,0
11.25122604703543,5,2.0,0
11.251626923684602,113,50.0,-1075
11.252063540018321,7,4.0,4417
11.252089766321017,9,1.0,5903
11.252089766321017,16,1.0,5903
11.252213767703632,13,3.0,-1399
11.25221400695412,13,2.0,-2015
11.25226977258225,13,2.0,-1651
11.252382309791603,6,6.0,7142
11.25243040280587,6,3.0,7354
11.252449805530144,6,4.0,7192
11.252471035021415,5,1.0,0
11.25255383689714,1,2.0,7595
11.252555963881084,9,6.0,4005
11.252628201383086,7,2.0,5836
11.252637015598784,13,1.0,-1364
11.252832871548026,8,19.0,4733
11.253210455030121,7,3.0,2883
11.253399644965578,7,6.0,5103
11.254075979563984,1,2.0,7596
11.25434826540802,5,11.0,0
11.255097679562267,7,11.0,3421
11.255182389239678,8,13.0,3049
11.25527373168995,7,5.0,4884
11.255727018003114,14,5.0,-2045
11.255826948814768,8,2.0,6590
11.255947478396461,7,47.0,4880
11.256107704037772,5,5.0,0
11.256216277515827,13,2.0,-1219
11.25623455112529,14,1.0,-1404
11.25623455112529,17,1.0,-1404
11.25671488554535,13,3.0,-1086
11.256732345243808,13,9.0,-1658
11.257001178843147,7,5.0,4792
11.257036427351693,5,6.0,0
11.25742336904769,7,22.0,1381
11.257527595579255,13,1.0,-1942
11.257527595579255,17,1.0,-1942
11.257698109767947,7,3.0,6938
11.25787278162604,7,21.0,3796
11.258144310048436,13,5.0,-1889
11.258144310048436,17,5.0,-1889
11.258187351882299,7,29.0,2882
11.258418030004593,7,3.0,5308
11.258460398217185,5,11.0,0
11.258557719260603,1,1.0,7597
11.25883925464217,6,2.0,6596
11.25904304071441,13,1.0,-2083
11.25904304071441,17,1.0,-2083
11.259093264503672,7,5.0,5145
11.259095066015949,14,21.0,-1845
11.259095066015949,17,21.0,-1845
11.259218761830052,3,42.0,7598
11.25945018866878,7,1.0,6139
11.259664398230964,9,27.0,4210
11.259985011337236,7,5.0,1556
11.260013184172664,1,7.0,7599
11.260231853933469,5,11.0,0
11.26027512706273,1,1.0,7600
11.26035696750192,6,9.0,6314
11.260922380734629,14,4.0,-1280
11.260928794401535,14,1.0,-1088
11.26102234762692,9,1.0,6705
11.261188463477756,5,10.0,0
11.26143084129724,7,23.0,3843
11.261631388789818,6,1.0,7342
11.261745620360381,9,3.0,3337
11.261788070108043,13,1.0,-1615
11.262268941900345,7,3.0,2674
11.262532521865271,7,7.0,6742
11.26269710739023,1,1.0,7601
11.263122377274001,13,2.0,-1352
11.263131582200286,1,2.0,7602
11.263274048234356,1,2.0,7603
11.26366005405333,6,1.0,7327
11.2637253233111,7,3.0,5839
11.264033320634049,7,1.0,6639
11.264365701565048,13,1.0,-2070
11.264365701565048,17,1.0,-2070
11.264648074656414,7,7.0,6140
11.264767401278132,7,19.0,5543
11.264771685438092,7,7.0,4185
11.264887960481813,13,3.0,-1726
11.265087932887248,6,1.0,6548
11.265940607146797,13,1.0,-1918
11.266275351151766,11,57.0,2685
11.266297235906555,1,5.0,7604
11.26652213164015,5,8.0,0
11.266638764094722,7,7.0,5796
11.267280394859906,7,8.0,4405
11.268023443071977,6,1.0,4157
11.268104931331713,7,2.0,2213
11.268552058164145,13,1.0,-1169
11.268552058164145,17,1.0,-1169
11.268713627804019,6,2.0,4789
11.268770064633994,14,5.0,-1528
11.268939973269646,6,3.0,5765
11.26908964987679,5,4.0,0
11.2691371462679,7,1.0,5723
11.26919098367517,13,1.0,-1491
11.269608926083862,5,4.0,0
11.270004487102684,7,6.0,2908
11.270123288966628,1,3.0,7605
11.270731717497137,9,41.0,4886
11.27132833002567,1,8.0,7606
11.271366792625507,7,3.0,3194
11.271794917365385,6,1.0,6859
11.271992977749212,6,51.0,7149
11.272191008337748,8,2.0,6212
11.272408139449915,7,1.0,5397
11.272564287657387,8,4.0,6147
11.272828469998908,14,6.0,-1646
11.272828469998908,17,6.0,-1646
11.27310852639191,7,1.0,6082
11.274077987870536,1,3.0,7607
11.274262325270861,7,11.0,6697
11.274435589736596,7,37.0,5429
11.274603457476418,13,5.0,-2065
11.274603457476418,17,5.0,-2065
11.2748527806892,13,2.0,-1261
11.274962455903934,6,3.0,3875
11.275442796722684,14,3.0,-1917
11.275619716242488,5,3.0,0
11.275857661414214,14,4.0,-1136
11.275857661414214,17,4.0,-1136
11.275923496867511,6,1.0,4317
11.27594539754312,6,11.0,5581
11.276128345228006,7,6.0,5960
11.276323319008554,14,5.0,-1730
11.276495054929006,6,4.0,7304
11.276623398328404,13,1.0,-1359
11.276672208047447,6,3.0,6135
11.27674246658704,8,31.0,7087
11.276857607667278,6,4.0,4768
11.276970081348095,7,50.0,2628
11.276999302864958,16,59.0,153
11.277119813540967,7,4.0,1782
11.27726907531702,1,1.0,7608
11.277365192636365,1,1.0,7609
11.277435379274644,1,1.0,7610
11.277796769007127,14,4.0,-1893
11.27802961497684,13,1.0,-1302
11.27802961497684,17,1.0,-1302
11.278662286878516,113,54.0,-1999
11.278747608070246,14,1.0,-1566
11.27884085066637,6,1.0,7033
11.27924763182017,7,4.0,4059
11.279634252534386,8,1.0,6177
11.279730360293694,8,4.0,6410
11.279795091030262,6,1.0,6268
11.280394542677639,7,1.0,1227
11.280513575225529,1,1.0,7611
11.280628854916557,13,2.0,-1685
11.280628854916557,17,2.0,-1685
11.280939824630918,7,1.0,5574
11.280971531938818,13,2.0,-1253
11.281065338591132,5,1.0,0
11.281652480683562,13,2.0,-1316
11.28216417298522,14,1.0,-2011
11.282529270276825,14,6.0,-1886
11.282831402010691,5,1.0,0
11.283085669682078,13,1.0,-2059
11.283085669682078,17,1.0,-2059
11.283103075038676,9,2.0,6421
11.283361033567608,13,2.0,-1502
11.283533802652775,5,3.0,0
11.283657284798936,13,3.0,-1970
11.283657284798936,17,3.0,-1970
11.283831085995086,5,6.0,0
11.28420768142817,13,5.0,-1125
11.284348476627063,1,8.0,7612
11.28483364514688,9,6.0,3157
11.285151607105728,7,2.0,6103
11.285344702441828,14,2.0,-1596
11.28551178012049,13,1.0,-1993
11.28554092434879,7,4.0,7028
11.285675172455727,113,57.0,-2024
11.285828621619808,9,8.0,5874
11.28602512306993,6,9.0,6815
11.286149303238311,7,6.0,3943
11.286357382876888,14,2.0,-2000
11.28635965101961,7,47.0,3187
11.286376696355697,6,16.0,5677
11.286606619057501,8,15.0,6344
11.286830184171981,7,4.0,3725
11.28691519240136,13,1.0,-1862
11.28705073635211,7,19.0,5717
11.287614267926463,14,2.0,-2039
11.28782424343938,1,5.0,7613
11.28790214608646,1,3.0,7614
11.288306041420542,6,3.0,7234
11.28855801474551,8,1.0,6890
11.28862523392743,6,13.0,7061
11.288739512471922,14,1.0,-1939
11.288739512471922,17,1.0,-1939
11.288883470117947,6,1.0,7376
11.288941496253774,7,3.0,3786
11.289620766360656,8,2.0,5506
11.289816279237707,5,5.0,0
11.289959852942616,7,5.0,5094
11.290081263145199,6,6.0,7351
11.290345048811645,1,8.0,7615
11.290746304708852,14,4.0,-1417
11.290748915913252,6,3.0,7559
11.29083785298438,1,1.0,7616
11.290986649555878,1,4.0,7617
11.291571956475348,6,5.0,6667
11.292278218221067,13,1.0,-1164
11.2928069826547,8,1.0,6680
11.293024523784041,5,5.0,0
11.293158392002281,5,7.0,0
11.293233148658814,14,9.0,-1878
11.293233148658814,17,9.0,-1878
11.29324394571127,1,2.0,7618
11.293724194418639,9,2.0,3965
11.293846302458647,6,7.0,3129
11.294090321498993,14,2.0,-1933
11.294090321498993,17,2.0,-1933
11.29427060552495,6,11.0,4665
11.294361094892889,7,2.0,6880
11.294728261658012,7,2.0,7289
11.295198302734466,8,3.0,1354
11.295415142572779,14,2.0,-1128
11.295415142572779,17,2.0,-1128
11.295489436148458,7,6.0,6653
11.295782113318335,1,7.0,7619
11.295827231516782,7,13.0,5288
11.296192466710867,113,60.0,-1435
11.296284517719506,7,32.0,3188
11.296787424984812,13,3.0,-1951
11.296866114295536,7,9.0,2845
11.296948776127742,5,2.0,0
11.297364885030756,7,11.0,3833
11.297665578361453,7,3.0,6887
11.297720349944335,6,10.0,6663
11.297945466150269,14,5.0,-1620
11.297948681842314,7,1.0,3540
11.29895588241222,6,2.0,7507
11.298966730870411,14,4.0,-1097
11.299163479728266,7,1.0,6137
11.299204991077053,5,4.0,0
11.29932870958531,13,3.0,-1439
11.299692261639109,1,6.0,7620
11.299782396112377,8,4.0,6865
11.299923754239078,7,1.0,4087
11.300133693570524,14,1.0,-1576
11.300200689464114,2,29.0,7621
11.300677379706027,7,3.0,2971
11.302101589012384,6,51.0,6652
11.302151223273107,6,3.0,3360
11.302202741160437,13,3.0,-1873
11.302255990906062,7,3.0,4243
11.302828206638837,9,3.0,5179
11.302950117347423,6,2.0,6557
11.30344185626497,1,1.0,7622
11.303842707712349,14,2.0,-1188
11.303857782263394,7,6.0,3074
11.303911227918789,13,1.0,-1109
11.303911227918789,17,1.0,-1109
11.30396099545192,14,1.0,-1264
11.304107921552568,14,18.0,-1552
11.30410841675944,6,3.0,2926
11.304190479402743,13,1.0,-1868
11.304271833649352,5,7.0,0
11.304283751509466,14,1.0,-2044
11.304290118641742,13,4.0,-1605
11.304565301531369,7,1.0,2669
11.3047581367799,7,12.0,869
11.304943072416402,5,2.0,0
11.305016971376347,113,23.0,-2005
11.305472926717414,1,1.0,7623
11.305692867906929,14,4.0,-1678
11.306058495254145,1,1.0,7624
11.306763688234977,6,7.0,7599
11.306831652255322,5,4.0,0
11.307008853374954,13,1.0,-1811
11.307053105927693,7,3.0,6204
11.307081221784241,9,3.0,3644
11.307170299258042,14,1.0,-1818
11.30726570593711,13,1.0,-1158
11.307359263109056,14,46.0,-1274
11.307395343820597,6,2.0,7618
11.307530690208939,13,1.0,-1593
11.307552877299976,13,3.0,-1715
11.3076495915101,13,5.0,-1381
11.308177012311848,13,3.0,-1714
11.308313930119247,7,17.0,4845
11.308443028298504,2,26.0,7625
11.308457675871933,7,38.0,3839
11.308805876372013,6,6.0,3154
11.309149704893603,7,1.0,4512
11.309388194879995,17,2.0,-699
11.309579855818445,5,2.0,0
11.309736998156799,11,51.0,6400
11.309748400103784,7,9.0,4854
11.310096196097726,7,7.0,2854
11.311129730334043,14,1.0,-1570
11.31133596942609,14,1.0,-1133
11.311521047083925,7,3.0,5657
11.311822892454778,5,1.0,0
11.311838266073856,5,1.0,0
11.311969189662552,7,2.0,6591
11.31268845350333,13,3.0,-1716
11.312830677547177,13,2.0,-1859
11.312836250185466,14,3.0,-2054
11.31319154177153,1,5.0,7626
11.3133882718921,1,4.0,7627
11.31342991036598,7,2.0,6480
11.313484417181924,6,3.0,6911
11.314613416228935,1,2.0,7628
11.315160616011637,6,6.0,6665
11.315212595438306,8,11.0,5664
11.315483464185334,9,6.0,4137
11.315743054954051,7,3.0,3615
11.31589300205574,6,1.0,6254
11.31637946396423,1,11.0,7629
11.316750610208267,7,2.0,4318
11.316771165536206,5,1.0,0
11.316793055598968,6,12.0,7435
11.316942768462567,6,3.0,7280
11.317114779873467,7,5.0,5443
11.31715784957078,9,42.0,2146
11.317412541775408,13,3.0,-1711
11.317549005999938,7,2.0,1834
11.317584490208645,6,2.0,7393
11.317617939133166,14,4.0,-1641
11.318303767736413,7,3.0,6732
11.318435777557736,14,12.0,-1081
11.318435777557736,17,12.0,-1081
11.318500667919658,7,3.0,3949
11.318503046670216,7,6.0,4834
11.31894677984961,14,2.0,-1781
11.319126792901985,13,5.0,-1358
11.319150758840525,6,46.0,5022
11.319564047945779,13,4.0,-1855
11.319844523458382,6,4.0,7361
11.320298073904825,13,3.0,-1530
11.320470401819772,7,4.0,3651
11.320504028742398,6,3.0,7422
11.320567336952758,13,2.0,-2007
11.320639146706535,6,11.0,6115
11.321128037969734,8,3.0,6974
11.321181426721074,13,1.0,-1853
11.321248232570822,7,4.0,4852
11.32142676002539,7,5.0,6933
11.321773905191208,7,8.0,2162
11.321970547901378,14,2.0,-1558
11.321970547901378,17,2.0,-1558
11.32241255776433,13,1.0,-2038
11.32241255776433,17,1.0,-2038
11.322868441443644,7,4.0,6910
11.322896411527289,1,3.0,7630
11.323733240839676,13,1.0,-1074
11.323733240839676,17,1.0,-1074
11.3243609435353,7,25.0,4160
11.324752147415854,9,1.0,6048
11.325012711847744,6,22.0,7434
11.325377562309141,13,1.0,-1301
11.325580751312184,6,4.0,5667
11.325883592993232,1,5.0,7631
11.325925235586174,13,6.0,-1759
11.326316740257335,8,4.0,7144
11.326359104784604,13,3.0,-1354
11.326359104784604,17,3.0,-1354
11.326447183537478,9,2.0,4143
11.326979183423886,8,2.0,6954
11.327094570608436,14,2.0,-1548
11.327094570608436,17,2.0,-1548
11.328102933642704,13,1.0,-1227
11.328765658582123,1,2.0,7632
11.32892032588633,6,2.0,5355
11.32909830646134,14,4.0,-1402
11.32909830646134,17,4.0,-1402
11.329303264417058,9,1.0,6167
11.329548558254873,14,1.0,-1948
11.329986834387588,5,1.0,0
11.330283863483633,14,3.0,-1906
11.330468208434468,113,39.0,-1412
11.331149582207832,7,5.0,4084
11.33194657873472,13,2.0,-1369
11.33194657873472,17,2.0,-1369
11.332054262115518,13,2.0,-1821
11.33222024244642,1,4.0,7633
11.33237495614717,6,2.0,7103
11.332540066763174,6,3.0,6659
11.332735124147955,6,1.0,7565
11.33308538832314,7,4.0,6155
11.333135324325546,13,3.0,-1160
11.333135324325546,17,3.0,-1160
11.333465959487526,7,2.0,4929
11.333907297563655,6,2.0,7215
11.334070061349165,6,1.0,7213
11.334346452791998,7,42.0,2765
11.334956383840126,1,3.0,7634
11.335040727350354,7,12.0,6160
11.335558435192644,1,7.0,7635
11.336008790955328,14,3.0,-1640
11.336191544854383,7,1.0,6536
11.336649601174532,8,1.0,6149
11.33675867585718,5,9.0,0
11.336840348128028,13,1.0,-1196
11.336840348128028,17,1.0,-1196
11.336870661376523,7,2.0,5930
11.337143272077952,113,51.0,-1115
11.337786544711836,13,1.0,-2028
11.337786544711836,17,1.0,-2028
11.337798783077368,8,5.0,6264
11.337801243488315,9,7.0,2718
11.337832466050191,7,3.0,3003
11.338203831158493,5,4.0,0
11.338446293643862,1,8.0,7636
11.338607646602032,9,4.0,6147
11.338901438299242,6,13.0,7464
11.339404348558322,13,3.0,-1423
11.340652903246124,7,5.0,2594
11.340665428813004,1,2.0,7637
11.340677427925312,5,4.0,0
11.340683803457065,7,1.0,3165
11.340703629296618,3,54.0,7638
11.340754073258427,14,1.0,-1788
11.340754073258427,17,1.0,-1788
11.3407954085025,13,3.0,-1080
11.3407954085025,17,3.0,-1080
11.340875113557257,6,2.0,7080
11.34127725135637,7,6.0,6353
11.341460925348208,14,6.0,-1686
11.341460925348208,17,6.0,-1686
11.341562649072563,6,2.0,7172
11.341755843875678,13,1.0,-1176
11.342193644222254,6,2.0,7595
11.342211975488688,13,41.0,-1912
11.342211975488688,17,41.0,-1912
11.342570486366492,9,2.0,4995
11.34261950094197,13,1.0,-1904
11.342710428859188,6,4.0,5233
11.342881315701744,7,1.0,3340
11.34315725349147,14,1.0,-1812
11.343480238490635,14,3.0,-1070
11.343495276977915,6,2.0,7522
11.343878710942015,8,1.0,5089
11.343932008753391,7,1.0,2717
11.344136899938553,9,4.0,1328
11.34467291093893,1,11.0,7639
11.344930119960068,1,2.0,7640
11.34502455912597,6,2.0,7449
11.345443243511363,6,3.0,6477
11.345767632878154,6,1.0,6452
11.345895096205055,9,1.0,5865
11.346067226449343,7,14.0,5643
11.346642435358984,13,1.0,-1270
11.347212503877119,14,4.0,-1493
11.347553182433575,7,2.0,6701
11.347928042481144,7,5.0,2776
11.34846482029894,7,8.0,4049
11.3486685717121,14,3.0,-1193
11.348820469537213,13,3.0,-2091
11.348820469537213,17,3.0,-2091
11.349393076727663,13,2.0,-1320
11.34940560349141,2,4.0,7641
11.350498248687606,14,5.0,-1248
11.350498248687606,17,5.0,-1248
11.350737527521632,13,2.0,-2057
11.350766707176174,17,3.0,-664
11.350986072961053,14,4.0,-1578
11.35156397948688,13,1.0,-1340
11.351581350658032,13,1.0,-1221
11.351599512290303,7,9.0,1253
11.351999195545314,4,18.0,7642
11.352435960581225,14,4.0,-1103
11.352887126985015,14,1.0,-2013
11.353152606017979,8,8.0,5640
11.353240843521569,6,3.0,7318
11.35367295042872,8,6.0,5736
11.35383664625162,5,2.0,0
11.353963414654618,1,3.0,7643
11.354503427059408,7,2.0,5706
11.354804742034343,9,9.0,2559
11.355414483503374,7,1.0,4179
11.3561984486848,13,1.0,-1637
11.356285908491575,8,3.0,6615
11.356552779035768,1,3.0,7644
11.357415076874826,7,19.0,3966
11.357499818494583,14,9.0,-1198
11.357499818494583,17,9.0,-1198
11.357518750066482,6,36.0,7270
11.357978452188888,5,2.0,0
11.358199651315875,13,2.0,-1854
11.358564361433274,13,5.0,-1175
11.358724652989668,7,2.0,4334
11.358847157446464,17,3.0,-614
11.358869491583793,13,1.0,-2009
11.358976020645981,7,1.0,5645
11.359373428352754,1,3.0,7645
11.359734389590127,7,1.0,6231
11.359972950860776,13,1.0,-1608
11.360057036039347,7,3.0,5824
11.360693490549114,7,3.0,4449
11.360746761981583,6,2.0,7105
11.360959964344275,1,4.0,7646
11.361646934727348,8,11.0,7446
11.361874448741952,1,4.0,7647
11.361972116062738,8,6.0,7455
11.362009319880531,1,15.0,7648
11.362031091860779,6,2.0,7010
11.362115393473433,7,11.0,5244
11.362698320173102,9,4.0,4228
11.362751725045008,13,1.0,-1591
11.36311290866813,1,3.0,7649
11.36331034003627,8,2.0,6044
11.363622189910298,13,7.0,-1872
11.363622189910298,17,7.0,-1872
11.364331074291448,14,4.0,-1162
11.364441542327206,1,2.0,7650
11.364577511600372,5,1.0,0
11.364738258434866,13,1.0,-1626
11.364738258434866,17,1.0,-1626
11.364753298322235,13,3.0,-1383
11.364777901682187,6,20.0,4114
11.364781881616572,7,3.0,5814
11.364911159019263,7,2.0,2054
11.365199835520365,7,1.0,4943
11.365708418500697,13,4.0,-1706
11.366051720830388,16,7.0,4303
11.36613837698048,6,4.0,6885
11.366333748481217,6,2.0,7043
11.366456957961905,7,1.0,4307
11.367687160480354,1,3.0,7651
11.367851391126077,7,7.0,5295
11.368219053274695,9,6.0,5736
11.368493698372292,6,1.0,7078
11.368524820668563,6,8.0,6692
11.368949138513432,7,3.0,5660
11.369128022536135,14,8.0,-1557
11.369308262361816,6,1.0,7610
11.369481298139412,5,5.0,0
11.369481542736537,14,2.0,-1769
11.369645566470254,17,5.0,-682
11.369669005748959,9,9.0,4047
11.369752094927993,13,3.0,-1733
11.369752094927993,17,3.0,-1733
11.36990099513995,1,8.0,7652
11.369981102213233,13,7.0,-1427
11.370643758915966,5,1.0,0
11.371443486488548,14,2.0,-1691
11.372055075995789,17,3.0,-998
11.37313183978138,1,3.0,7653
11.373208343183233,1,2.0,7654
11.373390230873799,13,6.0,-1407
11.373453798522482,13,1.0,-1830
11.373453798522482,17,1.0,-1830
11.373488357934217,7,3.0,3432
11.373623640825688,1,2.0,7655
11.37387498611001,1,1.0,7656
11.374194096954767,6,29.0,2145
11.374384259445614,13,1.0,-1780
11.374927308099556,7,5.0,3891
11.37511430082148,7,4.0,4616
11.375514079276403,9,3.0,5216
11.375661850903933,7,43.0,3204
11.376430429730984,13,6.0,-1765
11.37644068134466,7,37.0,4074
11.376668571461758,9,14.0,4815
11.376703306803398,13,3.0,-1400
11.376847363129395,7,13.0,5381
11.376879154038615,14,4.0,-1471
11.376975061855907,5,2.0,0
11.377007533701104,4,8.0,7657
11.377193997366367,9,42.0,5752
11.377216696261021,1,12.0,7658
11.377692999963983,9,8.0,3643
11.377770194169479,13,3.0,-1879
11.37821269013596,8,7.0,5079
11.378305209301628,8,6.0,4467
11.37832412543052,13,1.0,-1526
11.378573657870433,14,5.0,-1677
11.378573657870433,17,5.0,-1677
11.379042656578752,6,2.0,6768
11.37940394333302,9,30.0,2851
11.379526968514242,6,1.0,7058
11.380602743711597,1,1.0,7659
11.38068422248873,1,7.0,7660
11.381208623091128,6,2.0,7640
11.381264717456125,1,11.0,7661
11.381345843428338,7,13.0,5255
11.38187213228369,7,7.0,5206
11.382142050386808,14,1.0,-1098
11.382142050386808,17,1.0,-1098
11.382165563768748,13,1.0,-1486
11.382213476069873,7,4.0,7164
11.382407858348733,14,1.0,-1838
11.382593530322794,13,2.0,-1602
11.383055089422403,13,1.0,-2020
11.383055089422403,17,1.0,-2020
11.383127536687606,7,5.0,996
11.383299862842197,13,2.0,-2027
11.383299862842197,17,2.0,-2027
11.383508527053818,7,58.0,257
11.383826027043023,5,1.0,0
11.383997657225443,13,3.0,-1429
11.384222130714553,5,1.0,0
11.38499822115111,1,3.0,7662
11.385081644960996,6,7.0,7290
11.38509451365438,14,6.0,-1238
11.385156519694052,4,7.0,7663
11.385974672317175,7,13.0,5275
11.385983283631129,1,6.0,7664
11.386001062780124,5,2.0,0
11.386098671734112,7,20.0,4358
11.386645442980676,14,2.0,-2092
11.386645442980676,17,2.0,-2092
11.386944120951938,1,17.0,7665
11.386978008204693,6,3.0,7296
11.387122606963224,6,7.0,7062
11.38714400885486,5,6.0,0
11.387666188893313,7,40.0,4382
11.38768594404695,7,5.0,4464
11.387854679087333,7,3.0,4527
11.388450615402942,7,2.0,4033
11.38930535672531,5,3.0,0
11.389861970451367,7,7.0,4389
11.389946559467822,9,1.0,4748
11.390038538675045,6,10.0,7476
11.39006639622924,6,3.0,6871
11.39034552527499,13,2.0,-1914
11.39034552527499,17,2.0,-1914
11.390390240861713,13,1.0,-1962
11.390792651279737,5,3.0,0
11.391213597239403,13,14.0,-1362
11.391213597239403,17,14.0,-1362
11.391720419344011,11,56.0,5819
11.391732236591542,6,2.0,7013
11.391833196337744,6,6.0,7138
11.391963559058933,6,1.0,7271
11.392082773633648,7,2.0,6435
11.392312045189767,7,5.0,5197
11.392587091405163,6,11.0,7639
11.393112129099102,10,2.0,7201
11.39373876199963,14,4.0,-1434
11.39382226367888,13,2.0,-1326
11.39382226367888,17,2.0,-1326
11.393932356596997,7,12.0,3592
11.394931319903504,9,2.0,6824
11.39507326418042,6,1.0,7483
11.395614112387793,7,3.0,6036
11.395698204071497,5,2.0,0
11.395734191053334,14,10.0,-1089
11.395897087642327,13,2.0,-1895
11.395897087642327,17,2.0,-1895
11.396098943227443,7,3.0,6118
11.396491097999913,13,2.0,-1177
11.396493327286827,1,10.0,7666
11.396681309102663,14,1.0,-1808
11.396891529470825,7,54.0,4581
11.397118895732955,9,3.0,4416
11.397225368882273,13,2.0,-1947
11.397760182708014,13,3.0,-1779
11.398140215439971,13,1.0,-1734
11.398874355021107,7,2.0,6380
11.3992843244217,6,4.0,1580
11.399602315744668,14,2.0,-1206
11.399772393992272,7,5.0,2575
11.399873986873025,14,3.0,-1833
11.400596311665277,8,5.0,7467
11.400624118934822,14,1.0,-1968
11.400876709128053,14,21.0,-1832
11.401184507630047,7,1.0,3114
11.401290741552106,1,3.0,7667
11.401508711595005,7,6.0,5118
11.401542445438961,17,1.0,-986
11.401841685161777,13,2.0,-1279
11.402068732956591,13,1.0,-2051
11.40236988168457,7,2.0,4528
11.40244791445909,13,16.0,-1479
11.403464203046958,13,5.0,-1283
11.403509743806131,5,2.0,0
11.40401355272323,1,2.0,7668
11.404364744664992,7,29.0,5525
11.404468220293953,1,2.0,7669
11.404537052353364,7,19.0,4965
11.40455341427354,13,12.0,-1127
11.404809370258892,7,4.0,5615
11.40535618834356,1,5.0,7670
11.40566057036567,13,1.0,-1627
11.405876867233875,9,60.0,4625
11.405910226743783,13,1.0,-1565
11.406024962502348,6,2.0,7350
11.406158612704038,13,1.0,-2087
11.406158612704038,17,1.0,-2087
11.40634173922319,6,1.0,6119
11.406405400338473,6,3.0,7581
11.406922191171267,7,57.0,1898
11.407206070693757,8,2.0,7283
11.407229607366501,14,9.0,-1649
11.407229607366501,17,9.0,-1649
11.407776112033073,8,3.0,6110
11.4078397793383,13,6.0,-1190
11.408140317155764,7,4.0,7251
11.40818205591928,6,57.0,5858
11.408934063907273,5,13.0,0
11.409259455600667,6,2.0,6874
11.409396743923347,7,2.0,4754
11.409696196864532,6,9.0,7586
11.410010601563126,13,2.0,-1927
11.410277972389304,7,5.0,6439
11.410580291388229,5,1.0,0
11.41110158858595,14,1.0,-1758
11.411402689409627,1,2.0,7671
11.411440948169684,113,46.0,-1767
11.411849735889037,13,15.0,-1598
11.411849735889037,17,15.0,-1598
11.412148567617454,7,3.0,6361
11.41240439581332,8,10.0,2805
11.412665926717542,5,7.0,0
11.412860209057472,14,7.0,-1096
11.413528660373654,17,2.0,-601
11.413942254911081,14,2.0,-1442
11.414080459468986,7,2.0,4062
11.414641102186552,9,1.0,4529
11.414651274595576,7,19.0,6283
11.41567477109228,6,3.0,7336
11.41600092815402,6,3.0,5214
11.416238281935076,13,13.0,-1712
11.416692431697793,5,9.0,0
11.416935065943607,7,3.0,4523
11.417328539056863,6,3.0,7643
11.417567456195481,13,2.0,-1066
11.417580963501742,13,1.0,-1922
11.417580963501742,17,1.0,-1922
11.418100754722735,7,52.0,2381
11.418203440421017,1,1.0,7672
11.418255808172072,1,5.0,7673
11.418637342581297,7,7.0,4315
11.418732144907272,8,8.0,7269
11.418971084674725,7,8.0,4367
11.419121139944085,1,1.0,7674
11.419215996021023,7,31.0,5510
11.419839730875973,14,2.0,-1272
11.419880202315529,8,9.0,6280
11.419902517521326,13,2.0,-1413
11.419947868934067,14,4.0,-1467
11.42037679932105,1,2.0,7675
11.42078949643241,6,40.0,5447
11.420883556357209,13,1.0,-1544
11.421118147031116,6,4.0,6901
11.421341118311966,6,2.0,7569
11.421361861674539,8,2.0,7034
11.421418838972519,1,1.0,7676
11.421818098633292,7,11.0,5710
11.42188059696956,5,1.0,0
11.422057282698823,13,21.0,-1625
11.423385039006972,17,1.0,-198
11.423633805282991,9,4.0,5526
11.424391463905426,9,7.0,5208
11.424929462699058,1,3.0,7677
11.424947451577475,13,18.0,-1958
11.425167558211022,7,47.0,5004
11.425536847435286,1,2.0,7678
11.425706955076116,17,8.0,-550
11.425970501434165,7,1.0,6259
11.426290093656746,1,4.0,7679
11.42646467690067,5,13.0,0
11.426811288424869,8,10.0,6723
11.426849908836855,13,2.0,-2066
11.426977542778165,5,1.0,0
11.4270484915282,5,2.0,0
11.42710732765529,1,5.0,7680
11.427606375880172,6,17.0,7167
11.4279200516725,7,46.0,5204
11.428027131509086,14,2.0,-1577
11.42819190978853,1,4.0,7681
11.428655745017815,7,31.0,5023
11.428710812503228,1,14.0,7682
11.428780985143543,7,9.0,4132
11.428848362854563,1,6.0,7683
11.430416446236794,7,9.0,4202
11.430707885046008,14,1.0,-2008
11.430773452329452,6,2.0,7208
11.431020604135798,13,3.0,-1857
11.431196936785376,7,1.0,4788
11.431215205451078,9,2.0,950
11.431664592804637,1,1.0,7684
11.431743441855959,13,5.0,-1945
11.431743441855959,17,5.0,-1945
11.431754583537511,13,3.0,-2093
11.432000694357912,6,15.0,7016
11.43218859099778,6,2.0,5284
11.432361157083204,13,1.0,-2001
11.432361157083204,17,1.0,-2001
11.432627255218847,6,2.0,7584
11.432845454843925,6,11.0,7508
11.433064261145308,7,1.0,4365
11.4331433851961,14,3.0,-1679
11.4331433851961,17,3.0,-1679
11.433239551402758,8,2.0,6750
11.433514258599278,6,12.0,6330
11.43426028751493,6,6.0,7088
11.434523588635606,14,1.0,-2069
11.43487821889251,5,1.0,0
11.43513380520109,1,2.0,7685
11.435389442976689,7,5.0,7166
11.435505590898485,13,2.0,-1084
11.435505590898485,17,2.0,-1084
11.436414979123494,14,1.0,-1800
11.436414979123494,17,1.0,-1800
11.436492893618578,6,1.0,7107
11.436518747024781,9,1.0,2730
11.436575721306218,13,1.0,-1967
11.43664170754896,13,1.0,-1614
11.437176736113466,5,2.0,0
11.43732326727668,14,21.0,-1529
11.437377944252706,16,6.0,2234
11.437729353669368,13,1.0,-1314
11.43829251415188,14,2.0,-1707
11.438584210772785,13,1.0,-1814
11.439477334525657,7,2.0,6882
11.44046269401169,7,1.0,2646
11.440528918490871,1,6.0,7686
11.441030892994382,13,1.0,-1689
11.441249612302249,1,7.0,7687
11.441383948361185,7,1.0,2331
11.441426372991845,5,6.0,0
11.441787845388966,7,8.0,3486
11.44227929765476,7,5.0,4804
11.442415490328225,113,59.0,-1174
11.442543120547793,5,4.0,0
11.442761918384745,1,4.0,7688
11.442851561293077,13,1.0,-1187
11.442990071078093,13,1.0,-1731
11.442990071078093,17,1.0,-1731
11.444062851266004,8,3.0,7291
11.444193824830027,17,2.0,-511
11.444419735182315,14,5.0,-1643
11.444419735182315,17,5.0,-1643
11.44506303824975,5,9.0,0
11.445149190482102,8,1.0,7225
11.445292626773208,1,2.0,7689
11.44543155115983,14,7.0,-1083
11.445640668191736,7,1.0,4133
11.445858843434666,7,7.0,5421
11.446396406712712,5,1.0,0
11.446522481716816,8,2.0,4244
11.446803233922925,7,3.0,7019
11.446972158744831,6,9.0,7579
11.446983420476846,13,4.0,-1665
11.446983420476846,17,4.0,-1665
11.447090172397951,7,5.0,5794
11.44730876691132,1,4.0,7690
11.44751818641923,7,46.0,1398
11.449058723376032,13,4.0,-1333
11.44925281913514,1,1.0,7691
11.449341274840421,13,1.0,-2068
11.449341274840421,17,1.0,-2068
11.44942600976053,14,2.0,-1214
11.449493490661819,14,22.0,-1792
11.44977829591371,7,3.0,2879
11.450054772609066,7,42.0,3568
11.450070256474833,9,15.0,5379
11.450304646176358,17,4.0,-733
11.450484362239255,14,40.0,-1401
11.450514765246714,3,59.0,7692
11.451195877185409,5,1.0,0
11.451483465702067,5,5.0,0
11.452036656342022,13,2.0,-1159
11.452308303810826,6,10.0,5377
11.452429356872711,13,3.0,-1197
11.452478611978606,5,7.0,0
11.452662955368622,9,2.0,6093
11.452925101859694,7,1.0,5724
11.453274509340604,6,2.0,5967
11.453310460465458,13,1.0,-2088
11.453554132175835,14,2.0,-1980
11.453979278149154,14,4.0,-1182
11.454065210115395,6,1.0,7451
11.454072637518777,16,6.0,988
11.454672293448757,13,1.0,-1105
11.45475451211091,7,1.0,5453
11.454856267129994,7,1.0,7281
11.454923240081323,7,4.0,6539
11.455306008300525,14,13.0,-1360
11.455312810218832,6,2.0,6708
11.455395869813287,7,3.0,6738
11.45566678364269,13,11.0,-2047
11.455943013561352,7,6.0,5894
11.456619448304595,7,4.0,4572
11.456754898595868,7,1.0,3779
11.45680798271152,113,59.0,-1457
11.457901648238659,6,7.0,5598
11.458701983056313,8,5.0,4045
11.458720028045116,6,9.0,7532
11.458931377813371,14,2.0,-1621
11.458931377813371,17,2.0,-1621
11.458957384491912,1,8.0,7693
11.45918384116755,13,1.0,-1908
11.460139187141843,6,5.0,7067
11.460481345553049,13,2.0,-1337
11.460481345553049,17,2.0,-1337
11.460808928899215,7,1.0,6502
11.46112885824687,7,1.0,4495
11.461165309976419,7,42.0,3069
11.461793500110986,7,16.0,4952
11.462214752722868,1,2.0,7694
11.462280877884726,13,1.0,-1462
11.462663923711627,10,9.0,6407
11.462885741657566,9,38.0,5161
11.463342012875614,7,38.0,3637
11.46350128623987,7,3.0,4700
11.463944214167542,13,3.0,-1085
11.464428256729704,7,14.0,5304
11.464457906095406,14,1.0,-1683
11.464490153736987,7,5.0,2644
11.46479118638527,6,1.0,7623
11.465543526060706,14,3.0,-1110
11.465546077752691,6,3.0,7101
11.465681478922223,13,1.0,-1963
11.466104093205882,6,41.0,527
11.46623940921166,13,1.0,-1155
11.466584797804476,7,1.0,6134
11.467058892341209,5,1.0,0
11.467139516973468,7,7.0,6126
11.468331263161115,7,40.0,1673
11.468420857847697,1,2.0,7695
11.468456676452508,6,3.0,6625
11.468619155973924,14,2.0,-1589
11.468654930494917,14,2.0,-1485
11.46957591805133,14,2.0,-2095
11.46957591805133,17,2.0,-2095
11.469703160576227,8,3.0,6911
11.470413452276686,6,3.0,7360
11.47050189610106,13,2.0,-1969
11.47059287407487,8,1.0,5749
11.470609148803446,1,1.0,7696
11.470858215638973,8,8.0,4921
11.470910917567695,7,1.0,5842
11.471209655366872,5,13.0,0
11.471214141620864,8,3.0,6206
11.471422843694643,1,2.0,7697
11.471532292038109,2,33.0,7698
11.471886568954087,5,4.0,0
11.471896706049712,1,2.0,7699
11.472230565635003,7,7.0,6399
11.472418801174825,9,9.0,6174
11.472476525913619,14,1.0,-1586
11.472476525913619,17,1.0,-1586
11.473077157151321,14,2.0,-1180
11.473077157151321,17,2.0,-1180
11.473204149293238,13,1.0,-1053
11.473545275936061,1,11.0,7700
11.473721629247082,6,4.0,5831
11.47396138768654,1,4.0,7701
11.473967211367741,17,1.0,-402
11.474276085367809,14,3.0,-1492
11.474306751790147,6,22.0,5775
11.474499537584656,6,2.0,7496
11.474500221729336,14,7.0,-1960
11.475418489512462,6,1.0,6097
11.476183599297244,13,1.0,-1563
11.476556517607207,7,1.0,6270
11.476972833449494,7,1.0,6406
11.477309280559426,7,5.0,3070
11.4774157974687,14,1.0,-1324
11.4774157974687,17,1.0,-1324
11.478289550329908,5,5.0,0
11.47857201657157,9,57.0,4438
11.478611035397442,13,2.0,-1844
11.47868763225405,10,59.0,7692
11.479292414092424,7,4.0,2617
11.47966494078563,6,2.0,7632
11.47991877614448,13,1.0,-1816
11.47991877614448,17,1.0,-1816
11.480519900779186,13,1.0,-1286
11.480577898645219,9,2.0,4281
11.480578474201353,13,1.0,-1645
11.480578474201353,17,1.0,-1645
11.480657958928914,5,7.0,0
11.48127915779107,5,2.0,0
11.481529922781991,1,7.0,7702
11.482120760373922,13,1.0,-1445
11.483047580725355,13,1.0,-1476
11.483182316549453,7,4.0,3100
11.48349335195902,5,5.0,0
11.483493568248804,5,8.0,0
11.483984425651729,6,2.0,6914
11.484220176319026,13,1.0,-1426
11.48442686250285,5,5.0,0
11.48454801491231,8,49.0,5036
11.484549538865782,7,5.0,6313
11.484589963369201,13,4.0,-1363
11.484589963369201,17,4.0,-1363
11.485231830532792,8,5.0,7112
11.485249214124925,13,2.0,-1257
11.48570900424452,13,6.0,-1117
11.485751656456513,9,5.0,3869
11.486662684920201,7,7.0,4213
11.486745437801494,14,1.0,-1549
11.486887732772457,1,7.0,7703
11.487132838014253,14,8.0,-1797
11.487132838014253,17,8.0,-1797
11.48732127969766,13,2.0,-1735
11.487497267318936,6,2.0,7352
11.487828577879847,6,2.0,6505
11.488053638448047,6,6.0,4757
11.488250461080632,9,3.0,3564
11.488564006029106,6,1.0,7656
11.488808659673357,6,5.0,5322
11.489240582800296,14,2.0,-1553
11.489733593769245,7,11.0,5352
11.48984164590734,9,8.0,5363
11.491103370749276,6,5.0,5719
11.491198369062927,6,4.0,6907
11.491246356060937,7,7.0,7094
11.491535985356249,8,2.0,7247
11.491692917029809,14,4.0,-1063
11.491799147512333,13,1.0,-1100
11.49228776332466,6,3.0,7171
11.492309902489739,8,6.0,5787
11.492393904005896,5,2.0,0
11.492565376151637,8,36.0,5474
11.493183382122744,6,3.0,7590
11.493247867124778,8,5.0,6529
11.493778095796596,7,1.0,6300
11.493778825140062,7,1.0,5843
11.49391886808276,6,10.0,7517
11.494193476518854,13,2.0,-1251
11.494193476518854,17,2.0,-1251
11.494276402178464,5,4.0,0
11.494595356290377,9,6.0,4467
11.494657878207335,7,6.0,5137
11.4947475570823,5,3.0,0
11.494794233992607,13,1.0,-1931
11.494937314563176,9,2.0,6306
11.496092010390463,5,2.0,0
11.496738888131219,5,3.0,0
11.497517322784471,6,3.0,7551
11.49798371702648,14,2.0,-1348
11.498004318589931,5,1.0,0
11.498051439300392,8,5.0,5070
11.498107582246691,8,60.0,6852
11.49839351270047,14,1.0,-1525
11.498702585621702,6,2.0,5117
11.498727183336301,8,12.0,4383
11.498886452680523,8,4.0,7361
11.498992011890943,5,4.0,0
11.499119064554739,7,6.0,6676
11.49920571987154,13,1.0,-2073
11.49920571987154,17,1.0,-2073
11.49920992574995,5,4.0,0
11.499265414019398,1,6.0,7704
11.499340570260326,5,3.0,0
11.499488931301821,1,8.0,7705
11.499491302690569,1,3.0,7706
11.499505357882244,7,1.0,4196
11.499620156134323,7,3.0,6131
11.500061133286438,7,5.0,4508
11.500244867743088,6,1.0,7482
11.500268951747083,6,11.0,7629
11.500432140693574,7,54.0,3721
11.500659726798965,5,1.0,0
11.50118500793907,6,7.0,7635
11.50129860087253,1,13.0,7707
11.50151726392205,7,5.0,5225
11.501817949546155,7,1.0,5268
11.501822459149608,6,42.0,1560
11.501966624828999,7,2.0,6424
11.502037774671505,8,6.0,5919
11.50311116139658,7,6.0,3626
11.50316633097983,13,1.0,-1259
11.503369775935282,7,1.0,5433
11.503419902917075,14,1.0,-1405
11.503723179611047,7,2.0,6012
11.503908409922294,5,4.0,0
11.504999830267487,13,5.0,-1494
11.505028407103978,16,33.0,1202
11.505088675329127,8,2.0,7393
11.505885393037008,1,2.0,7708
11.506091616130256,1,3.0,7709
11.506738645980786,14,1.0,-1484
11.506738645980786,17,1.0,-1484
11.507187791020844,6,3.0,6955
11.50750024070083,7,4.0,7021
11.507542051960096,14,2.0,-1436
11.508575088526198,5,7.0,0
11.508788845201396,5,3.0,0
11.509032280660879,7,6.0,6627
11.509379598816531,7,8.0,5566
11.509384967027259,2,36.0,7710
11.50982490099911,5,4.0,0
11.509981464406097,14,2.0,-1699
11.509981464406097,17,2.0,-1699
11.510270103592333,14,4.0,-1995
11.510798249341319,9,1.0,3170
11.511402570620984,5,3.0,0
11.511508748808085,7,6.0,5120
11.51156424447227,6,16.0,5522
11.512244401357282,7,2.0,6217
11.512635180409122,8,2.0,7449
11.512952042117163,7,2.0,2566
11.512955262649335,1,5.0,7711
11.513608392400666,7,3.0,6289
11.514050398494245,7,2.0,5703
11.514445236319691,7,13.0,1894
11.515132339201582,7,1.0,3792
11.515178574250507,1,8.0,7712
11.515340418370242,6,3.0,7677
11.515560443125638,13,1.0,-1518
11.515811579709577,6,4.0,5810
11.516399408138858,5,1.0,0
11.516639733503874,13,1.0,-1414
11.516639733503874,17,1.0,-1414
11.51677041941237,8,1.0,4935
11.516870784650237,13,4.0,-1601
11.517248500692004,14,9.0,-2075
11.517248500692004,17,9.0,-2075
11.517443085545871,8,9.0,5240
11.517669130032644,6,22.0,7156
11.518244841816582,5,2.0,0
11.518333798072309,16,6.0,796
11.518486488685559,5,2.0,0
11.518645675213584,6,2.0,7046
11.518805242150062,6,1.0,7514
11.519002411707113,9,39.0,1380
11.519331996012777,6,3.0,7265
11.519612795101494,13,2.0,-1200
11.519723286527443,7,4.0,5695
11.520496106466343,8,1.0,6441
11.520506530044363,5,3.0,0
11.520833830529131,14,4.0,-1366
11.520957010147718,7,5.0,6476
11.521210072939724,9,2.0,6201
11.521243155850565,1,2.0,7713
11.521337391365336,1,4.0,7714
11.521469865354351,7,10.0,5090
11.521579040633164,13,1.0,-1186
11.521927677330071,13,1.0,-1391
11.52241494935185,7,4.0,4568
11.522638812064763,7,2.0,6329
11.522683677401307,13,1.0,-1145
11.522683677401307,17,1.0,-1145
11.523048233737336,13,1.0,-1376
11.523048233737336,17,1.0,-1376
11.523056596199556,7,5.0,5455
11.523400869717108,7,1.0,4962
11.52370349124866,14,9.0,-1847
11.52370349124866,17,9.0,-1847
11.523805636614922,7,9.0,7219
11.523970948442923,6,14.0,4224
11.524050692554827,5,3.0,0
11.524250002542416,8,4.0,6481
11.524512823070047,13,1.0,-1898
11.524861911696057,9,5.0,4610
11.52489693384584,6,1.0,6447
11.52490607830143,6,2.0,6747
11.525960850999523,1,3.0,7715
11.526952092013603,1,5.0,7716
11.527002937743672,6,2.0,7713
11.527176053191498,9,10.0,2317
11.527453420515613,6,2.0,5966
11.527588481628928,7,16.0,4149
11.527970642225602,7,3.0,5844
11.52798007624625,1,1.0,7717
11.528819159605304,13,2.0,-1285
11.529041831871156,13,3.0,-1930
11.529041831871156,17,3.0,-1930
11.529480187586241,6,8.0,6730
11.52958649729366,7,2.0,5669
11.529766145993978,1,6.0,7718
11.530042949574167,13,2.0,-2096
11.530120154656226,6,1.0,7588
11.530350390673139,7,2.0,4503
11.530491477470232,7,5.0,2970
11.530637829909992,7,7.0,5151
11.531053190486535,13,1.0,-1629
11.531538146699832,6,3.0,7560
11.53158085215343,7,1.0,4548
11.532350404631664,9,5.0,5070
11.532369088800209,6,2.0,7650
11.532513409578083,5,2.0,0
11.532567578064986,5,7.0,0
11.532762899463895,7,6.0,6196
11.532983869343575,9,2.0,3768
11.533069185318835,13,1.0,-1315
11.533083850742658,5,1.0,0
11.53327153124528,113,46.0,-1058
11.533552499956773,14,9.0,-1255
11.533687738261829,8,3.0,6060
11.533832106927402,6,4.0,7378
11.534079671500594,13,17.0,-1892
11.534079671500594,17,17.0,-1892
11.534273124109045,6,12.0,6690
11.534803409432818,8,1.0,6197
11.53528146212889,5,12.0,0
11.535472469170417,7,8.0,4783
11.5357367478699,11,7.0,6292
11.535812676447806,6,10.0,4415
11.535880750597407,7,2.0,7118
11.537283352127497,7,4.0,5290
11.537969686506933,7,10.0,4696
11.538511480198329,5,12.0,0
11.538682741282354,14,9.0,-1871
11.538867045243189,13,1.0,-1820
11.53913912594374,7,4.0,6310
11.539178469040841,7,7.0,4460
11.539391422650194,7,6.0,3485
11.540079453861345,9,59.0,4535
11.540135374913609,8,1.0,5700
11.540415137970708,13,1.0,-1935
11.540415137970708,17,1.0,-1935
11.540450798194868,14,1.0,-1607
11.540845395462107,14,9.0,-1642
11.54127351036496,13,1.0,-1384
11.541391909713244,6,30.0,7244
11.541573583368471,6,9.0,7414
11.542021271930823,13,4.0,-1613
11.542400945683488,7,3.0,5027
11.542879649951825,7,6.0,6432
11.543168160655645,5,1.0,0
11.543630370158775,14,3.0,-1865
11.544598042902809,5,7.0,0
11.544636954379383,13,1.0,-1217
11.544666899034624,7,3.0,5050
11.544850941846923,6,13.0,7591
11.546399182142718,6,2.0,7196
11.546523406734162,7,8.0,6150
11.546784502266895,6,8.0,7567
11.546863638009045,6,1.0,7443
11.547001976639603,6,1.0,5040
11.54731386182157,9,7.0,6142
11.547653865688455,13,2.0,-1773
11.548219715324848,7,30.0,2905
11.548381240906519,8,3.0,4484
11.548540045480067,8,3.0,6208
11.548721109244163,6,1.0,6876
11.549054179265385,13,5.0,-1877
11.549054179265385,17,5.0,-1877
11.54921054326189,6,5.0,7333
11.549656845498898,17,6.0,-808
11.550225527730824,14,2.0,-1072
11.550225527730824,17,2.0,-1072
11.550700633375577,6,2.0,7343
11.552193585719305,13,1.0,-1710
11.55221643915396,8,5.0,5959
11.552244186555583,5,11.0,0
11.552846204784462,14,2.0,-1647
11.552978040300715,6,1.0,5864
11.55321800586698,7,1.0,6006
11.553298206004621,14,5.0,-1659
11.553446069422971,8,2.0,5182
11.553533594850494,9,6.0,3735
11.553533594850494,16,6.0,3735
11.55362908541749,7,52.0,3238
11.554370891943663,13,1.0,-1466
11.55467106330261,1,8.0,7719
11.554781870431702,5,2.0,0
11.55613581144776,1,7.0,7720
11.55749110576457,1,5.0,7721
11.55845142476103,7,10.0,6978
11.558577376563576,6,2.0,7421
11.558864474036112,5,2.0,0
11.559137293021399,14,6.0,-1460
11.559137293021399,17,6.0,-1460
11.559163573008874,6,8.0,7652
11.559198792726853,6,1.0,7684
11.559403191582952,4,5.0,7722
11.55962704729878,5,1.0,0
11.560018525602482,13,5.0,-1152
11.56065404429978,6,5.0,7136
11.561718988350686,14,7.0,-1612
11.56178367967193,6,1.0,6932
11.561834900789565,1,1.0,7723
11.561865310608136,13,1.0,-1727
11.562374706697701,6,5.0,7175
11.562546967044778,6,1.0,6509
11.562793724718919,14,4.0,-1305
11.562793724718919,17,4.0,-1305
11.563789646928647,7,6.0,4931
11.56439601057074,8,2.0,7468
11.564564968866065,9,5.0,6014
11.564613684121726,13,1.0,-1590
11.564732403909142,1,2.0,7724
11.564752460322628,13,3.0,-1984
11.564872174878936,6,1.0,6930
11.565378830912861,7,21.0,6008
11.565407474372885,7,5.0,6776
11.565555631916826,7,2.0,5890
11.565738253063413,7,1.0,6666
11.566459650239139,6,8.0,5442
11.566807070755287,6,3.0,7605
11.566866780373214,1,8.0,7725
11.567175714989114,7,3.0,6377
11.567293628302895,6,6.0,6042
11.56772057960027,6,3.0,5169
11.568207328190086,13,1.0,-1350
11.568207328190086,17,1.0,-1350
11.568244842638519,14,1.0,-2026
11.568700418499482,5,2.0,0
11.568912106715068,6,5.0,7535
11.568924499280836,1,2.0,7726
11.568929586636756,14,6.0,-1919
11.56920292435794,1,2.0,7727
11.569380184508242,13,1.0,-1617
11.570182749093235,13,2.0,-1888
11.570182749093235,17,2.0,-1888
11.57044821736028,6,7.0,7200
11.570743796678187,8,7.0,5598
11.571283400339121,13,3.0,-2076
11.57137238682362,13,1.0,-1556
11.57187409199939,7,7.0,3729
11.572020990786445,9,2.0,4411
11.57202221782441,9,3.0,5406
11.572178983841603,13,1.0,-1766
11.572178983841603,17,1.0,-1766
11.572188781849185,7,7.0,4688
11.572324554526087,7,1.0,6074
11.572486150921913,13,4.0,-2099
11.572767652575038,7,8.0,5468
11.57291875729098,14,2.0,-1209
11.57291875729098,17,2.0,-1209
11.573631927603188,7,12.0,5072
11.573723959023907,13,1.0,-1463
11.573902217522122,7,7.0,6540
11.574237784538845,1,5.0,7728
11.574666877762724,5,1.0,0
11.574734441985193,14,1.0,-1583
11.574757795876387,13,2.0,-1225
11.574874724192,6,2.0,1485
11.57500416216635,5,3.0,0
11.575804000698263,6,1.0,7055
11.57582900241135,14,2.0,-1739
11.576434646486405,13,5.0,-1664
11.576669784640433,6,5.0,3119
11.57676990402672,6,9.0,7577
11.5770110895212,5,1.0,0
11.5770481163328,7,10.0,5769
11.577565801770463,13,2.0,-1118
11.577704073437598,1,3.0,7729
11.578081838068247,5,3.0,0
11.57824753364976,7,1.0,5130
11.578821782389005,1,2.0,7730
11.578851497586479,6,1.0,4201
11.579685577109208,14,4.0,-1373
11.579839552710233,7,3.0,5701
11.579999076587404,1,5.0,7731
11.580025753503627,7,7.0,6112
11.580122956697913,7,1.0,5441
11.580718670863783,1,19.0,7732
11.580955451492418,13,6.0,-1292
11.5811946018882,7,3.0,4930
11.581486874301179,9,9.0,5240
11.583016471025605,14,8.0,-1143
11.583139228480949,5,2.0,0
11.584296878709452,6,7.0,6997
11.584800801883429,7,1.0,3405
11.585290203145268,14,2.0,-1144
11.58546536705509,6,4.0,5343
11.585847425951464,13,4.0,-1073
11.58599819107258,7,33.0,2128
11.586017490781819,17,6.0,-720
11.586020869171168,1,3.0,7733
11.586767293269663,14,1.0,-1901
11.587177414169131,14,3.0,-1303
11.587177414169131,17,3.0,-1303
11.587446710683881,7,3.0,5622
11.587610055608398,13,2.0,-1815
11.587620391706695,5,2.0,0
11.587721229895033,13,4.0,-1700
11.588603427953286,14,2.0,-2025
11.588603427953286,17,2.0,-2025
11.58871717196614,6,18.0,6129
11.588732841740985,6,2.0,7032
11.58883167358464,7,5.0,4626
11.589025144324019,9,2.0,5691
11.58920370975329,14,5.0,-1087
11.5892463357191,13,2.0,-1130
11.589453751273922,14,3.0,-1505
11.589453751273922,17,3.0,-1505
11.590447683063308,13,4.0,-1204
11.59057053084969,6,8.0,7444
11.590632546274572,14,5.0,-1828
11.591097631573051,6,1.0,7155
11.591112085597807,5,5.0,0
11.591348426801218,7,5.0,6795
11.591363683058784,7,7.0,5755
11.591515250364848,13,2.0,-2053
11.59173528026988,6,1.0,4887
11.591778221924656,7,16.0,4934
11.591906914808385,14,3.0,-1331
11.59193347165683,5,1.0,0
11.592255012434048,1,1.0,7734
11.592306505924611,5,1.0,0
11.592387671099644,9,3.0,1354
11.592627302225818,13,1.0,-1783
11.592627302225818,17,1.0,-1783
11.592915605230608,7,2.0,5800
11.59301166585992,3,34.0,7735
11.59327727532931,7,1.0,7246
11.593987518834355,5,1.0,0
11.59514446512231,13,2.0,-1592
11.59514446512231,17,2.0,-1592
11.595958202072186,7,7.0,6671
11.596107308206433,7,5.0,3163
11.59646524295161,7,10.0,3902
11.596489802060734,9,5.0,6629
11.596651123574546,9,2.0,6772
11.59721451093831,9,51.0,4351
11.597404243712067,6,3.0,7497
11.597630713412727,6,3.0,7445
11.597705278588114,1,2.0,7736
11.59783676318317,6,1.0,7531
11.598063697524342,17,4.0,-520
11.598084320426548,14,3.0,-1837
11.598431020990903,14,17.0,-1978
11.599105486765238,1,2.0,7737
11.599162408495785,7,2.0,3795
11.599203551161196,7,3.0,3640
11.599220841109453,7,14.0,2211
11.599300921801477,14,2.0,-1498
11.59941810396897,13,1.0,-1202
11.59944092780019,6,4.0,7690
11.599603325566479,6,4.0,7533
11.599709092915559,7,1.0,6891
11.59975443079129,7,8.0,4494
11.599794965121728,9,3.0,6060
11.600002107742831,6,6.0,5926
11.600600433840357,13,1.0,-1835
11.600806765730669,13,1.0,-1610
11.600806765730669,17,1.0,-1610
11.601034377128006,14,5.0,-1721
11.601034377128006,17,5.0,-1721
11.601297948538468,14,12.0,-1167
11.60151858587319,6,1.0,6355
11.601649640481352,5,1.0,0
11.601797237266737,13,2.0,-1597
11.601797237266737,17,2.0,-1597
11.601928937710317,13,1.0,-1307
11.60231916637827,1,5.0,7738
11.602855429037264,1,10.0,7739
11.602865128813145,7,5.0,6039
11.603148256248565,1,6.0,7740
11.603430049894527,5,1.0,0
11.603672420491225,13,1.0,-1077
11.603714709885509,14,8.0,-1472
11.603849295568255,13,1.0,-1235
11.603965398966006,1,3.0,7741
11.604109926233413,14,37.0,-1183
11.604199649375055,7,7.0,683
11.604369611226506,4,41.0,7742
11.604372536386288,14,8.0,-1495
11.604807782407919,1,1.0,7743
11.604920024727212,14,1.0,-2067
11.605189192240703,14,3.0,-1876
11.605596462451897,6,1.0,7368
11.605879874675752,13,2.0,-1668
11.605879874675752,17,2.0,-1668
11.606143513604746,5,24.0,0
11.606218872726533,1,4.0,7744
11.606470902338165,5,4.0,0
11.606534022594422,7,2.0,5977
11.60685467200706,6,3.0,6675
11.607616056022348,10,5.0,7722
11.607952418357366,6,2.0,4773
11.6081838369013,13,6.0,-1420
11.6081838369013,17,6.0,-1420
11.60821984589963,7,2.0,4514
11.60855889411452,14,3.0,-1749
11.60855889411452,17,3.0,-1749
11.608914883723347,14,3.0,-1184
11.608999370641481,13,5.0,-1170
11.609376068119404,7,3.0,4905
11.610319681844414,6,1.0,7358
11.610741944745072,6,5.0,7224
11.61075223953393,5,10.0,0
11.61092450108509,7,50.0,3822
11.611023769520866,13,1.0,-1588
11.611534213190769,13,2.0,-1138
11.611534213190769,17,2.0,-1138
11.611761717965106,8,1.0,7212
11.611781141533166,1,3.0,7745
11.612955101283951,7,2.0,6645
11.613031581206496,7,4.0,5617
11.613090010220558,8,17.0,6376
11.615015987004512,6,1.0,7308
11.615150398575688,7,14.0,6809
11.615336926635427,7,2.0,3931
11.615405954768327,1,1.0,7746
11.615449705730033,5,3.0,0
11.61569623995732,14,2.0,-2010
11.615802929131025,13,1.0,-1656
11.616139200190986,9,3.0,5935
11.616256389066983,7,4.0,5697
11.616292452724117,14,15.0,-1636
11.616442416258465,1,1.0,7747
11.616501228601333,9,1.0,6680
11.617446134952731,7,9.0,5616
11.617598136490301,6,3.0,5152
11.617891693719173,6,8.0,7693
11.618222794557836,14,5.0,-1535
11.618450018984339,14,7.0,-1810
11.618862366803919,5,2.0,0
11.61920725197406,7,1.0,4591
11.619262584865195,6,6.0,7104
11.619474833125283,1,3.0,7748
11.619883353383605,13,2.0,-1371
11.619883353383605,17,2.0,-1371
11.620113438396867,6,6.0,7704
11.620238952127528,14,1.0,-1344
11.620279630858853,5,2.0,0
11.62053557153941,13,1.0,-1483
11.620587929359589,5,3.0,0
11.620844069096998,13,2.0,-1424
11.62092053457001,7,18.0,4400
11.621014796434192,113,58.0,-1268
11.621082119509017,7,1.0,4992
11.621294161950125,8,4.0,5810
11.621297227634399,6,2.0,7655
11.6217628550481,8,6.0,6519
11.621763958575992,9,3.0,6206
11.621888508602746,7,24.0,6113
11.621948085301039,6,60.0,7410
11.62231323522882,7,20.0,6660
11.622352079010957,5,3.0,0
11.622356388535591,6,13.0,7373
11.622747961885477,7,8.0,6848
11.623178994411932,9,6.0,6055
11.62336582506527,6,4.0,7314
11.623450481799507,6,8.0,7159
11.623945275105642,7,26.0,4264
11.624221292497747,16,4.0,52
11.624871766526091,7,8.0,6928
11.62524049887809,6,4.0,6944
11.625601635212956,13,10.0,-1517
11.625739273900226,13,3.0,-1921
11.625972237193881,7,4.0,5628
11.62626059130129,7,8.0,5984
11.626305660716998,13,6.0,-1987
11.626305660716998,17,6.0,-1987
11.626407427009074,1,1.0,7749
11.626942567818345,7,4.0,6923
11.627005282687694,1,7.0,7750
11.628239757319037,1,11.0,7751
11.628497413362254,9,5.0,3663
11.628650140569665,7,1.0,3946
11.628944863158026,9,4.0,5722
11.62901371406744,14,3.0,-2085
11.62901371406744,17,3.0,-2085
11.629044036735122,8,13.0,7141
11.629661539994636,13,26.0,-1520
11.629751712287709,14,5.0,-1409
11.629953509153829,8,30.0,6152
11.629996598207844,7,28.0,5609
11.63009509431908,7,5.0,5662
11.630714409461802,14,4.0,-1923
11.63085548285681,1,1.0,7752
11.631368714378729,1,2.0,7753
11.632119284626553,13,1.0,-1585
11.632438289589418,7,4.0,2787
11.632520803678526,7,2.0,5880
11.633096557635636,7,2.0,4819
11.633134170011958,1,6.0,7754
11.633399202231864,7,2.0,4571
11.63356671048482,1,9.0,7755
11.633789148960194,5,2.0,0
11.633895606468508,13,4.0,-1067
11.633895606468508,17,4.0,-1067
11.6339601388348,13,1.0,-1973
11.635181729037823,14,4.0,-2055
11.635790946199458,6,2.0,6976
11.635822136351399,5,8.0,0
11.63608265890877,113,29.0,-1705
11.636195286234262,5,1.0,0
11.63656047990344,13,8.0,-2102
11.636805469306855,14,4.0,-1882
11.636915984984878,5,13.0,0
11.637301868255033,7,4.0,4040
11.637934630594705,6,1.0,6993
11.637961781622824,14,1.0,-1594
11.637974746041944,7,13.0,6382
11.638014199314034,7,4.0,3532
11.63803103215053,7,1.0,6945
11.638618135693921,13,1.0,-2016
11.638649738380101,6,4.0,7463
11.638713351001641,113,52.0,-1541
11.63958974183694,7,2.0,6825
11.64004995113465,6,2.0,7654
11.640122810957694,1,1.0,7756
11.640627364473211,14,3.0,-1807
11.640627364473211,17,3.0,-1807
11.64078004828979,7,2.0,5847
11.640932338030026,9,5.0,6096
11.640956951079989,13,2.0,-1122
11.641315609115763,7,6.0,5383
11.64161851853332,13,5.0,-1201
11.642229627096592,1,4.0,7757
11.642674743331503,7,2.0,5852
11.643176882087866,7,31.0,5053
11.643425203319238,8,9.0,5226
11.645141776820337,13,18.0,-1156
11.64536567024649,13,1.0,-1468
11.64600163043379,1,4.0,7758
11.646071332056684,7,31.0,3168
11.646475282436286,6,9.0,7755
11.646619628134717,13,1.0,-1068
11.646725105015777,7,14.0,6278
11.646960481806477,1,1.0,7759
11.64698210754675,1,4.0,7760
11.647146098532605,13,2.0,-1798
11.647787762192529,6,1.0,6819
11.648136594676428,6,6.0,5462
11.648578246734834,7,29.0,6948
11.648650425334868,6,1.0,7478
11.64891452009929,5,1.0,0
11.648919440941535,13,2.0,-1870
11.648961756727367,7,3.0,6717
11.649240982221945,5,1.0,0
11.649299951956054,1,2.0,7761
11.649408310081718,13,3.0,-1262
11.650171036130299,13,5.0,-1140
11.650244912169413,1,3.0,7762
11.650442591103387,1,7.0,7763
11.6508536316575,14,3.0,-1448
11.6508536316575,17,3.0,-1448
11.651387605605317,14,1.0,-2040
11.651387605605317,17,1.0,-2040
11.65168122214314,8,5.0,5570
11.652266883891713,1,4.0,7764
11.65261789897226,13,1.0,-1976
11.653443146420612,1,5.0,7765
11.653518784964417,9,5.0,1149
11.653858689559433,7,58.0,6766
11.653876226759111,13,1.0,-1827
11.653958018761438,6,7.0,6642
11.654274942450542,6,1.0,6566
11.65480190359913,5,1.0,0
11.655072499548455,7,3.0,4894
11.655083830855148,6,2.0,7248
11.655289472451809,7,2.0,6383
11.655290990277704,9,46.0,4885
11.655386899278598,14,3.0,-1482
11.655646347431864,6,10.0,6904
11.65603259261577,8,3.0,6662
11.656033563599076,1,1.0,7766
11.656035574950714,6,12.0,6973
11.656271847615864,6,4.0,6929
11.656324831602875,5,4.0,0
11.656331560806224,7,6.0,6436
11.656494245245117,7,19.0,6459
11.65673320975492,7,2.0,6814
11.656734935862314,1,1.0,7767
11.656841580526079,1,1.0,7768
11.656899957980855,7,12.0,4125
11.657020264948162,7,5.0,5758
11.657065224401896,6,1.0,7600
11.657155480000931,6,3.0,6573
11.657316658523262,5,2.0,0
11.657971879144316,6,2.0,4841
11.658616584729783,1,5.0,7769
11.658838517393306,7,8.0,4265
11.659108264257014,7,6.0,3575
11.659127522809538,7,5.0,4791
11.659127522809538,16,5.0,4791
11.659188027328483,5,2.0,0
11.659422196481568,1,3.0,7770
11.659589523439804,13,1.0,-1090
11.659983233163306,7,1.0,6537
11.660203909984247,14,1.0,-1338
11.660213514611655,13,1.0,-1370
11.661062553198573,9,5.0,5539
11.661265221238963,13,1.0,-1741
11.661265221238963,17,1.0,-1741
11.661867107715421,5,3.0,0
11.662106611745815,6,9.0,7057
11.662354315376913,14,2.0,-1852
11.662399425022004,1,2.0,7771
11.662651030295914,13,1.0,-1644
11.663010490638923,13,7.0,-1771
11.663114489168134,7,2.0,3007
11.663338248140889,6,2.0,6621
11.663342722304542,6,6.0,7002
11.663399924981594,13,1.0,-1910
11.663399924981594,17,1.0,-1910
11.663445138535995,6,6.0,6374
11.663787962303122,7,5.0,3588
11.66387763106367,7,1.0,6381
11.663931129396763,7,42.0,3433
11.663963397040101,14,2.0,-1764
11.663982363088078,6,1.0,7288
11.664496534220444,7,14.0,4763
11.664988807673648,6,4.0,7627
11.665126680147226,6,4.0,7216
11.665305767201534,14,2.0,-1241
11.665334446515379,7,21.0,6736
11.665417733819503,5,5.0,0
11.665444391778436,14,6.0,-1928
11.665518660503304,1,10.0,7772
11.665709835296314,16,5.0,2401
11.666133294612912,9,1.0,6157
11.666198627953591,13,2.0,-1328
11.666198627953591,17,2.0,-1328
11.666217986687483,1,3.0,7773
11.66627309899476,13,1.0,-1796
11.666702001521983,1,4.0,7774
11.667198426951645,6,4.0,7430
11.667260746347644,1,3.0,7775
11.667558644633386,13,2.0,-1239
11.667558644633386,17,2.0,-1239
11.66756814747983,14,1.0,-1220
11.667836780441577,7,51.0,1255
11.668004453821435,13,1.0,-1823
11.668004453821435,17,1.0,-1823
11.6681459088353,13,17.0,-1571
11.668424529084527,13,9.0,-1909
11.668424529084527,17,9.0,-1909
11.669456893983124,13,1.0,-1181
11.670074104802659,7,8.0,6327
11.670482367247809,113,38.0,-1236
11.670540144558332,13,1.0,-1131
11.670670916189554,14,5.0,-1247
11.670709325925458,13,6.0,-1899
11.671683215889251,9,16.0,4801
11.672363045160605,6,4.0,6619
11.672438734895726,13,5.0,-1056
11.672462665706899,5,5.0,0
11.67266606802432,9,3.0,4586
11.67273224453181,6,1.0,7582
11.674176223827464,5,2.0,0
11.674723234482256,7,11.0,4704
11.674932322957039,13,2.0,-1506
11.67516694735415,7,5.0,5241
11.675516172323626,7,5.0,5165
11.6763680110578,7,2.0,7024
11.677115332825021,13,2.0,-1465
11.677371107379898,7,2.0,6428
11.677379840770808,7,3.0,5828
11.67812662570171,1,17.0,7776
11.678140823637515,5,3.0,0
11.678509281685148,13,4.0,-1884
11.679057254738249,7,4.0,3653
11.67983592009106,8,4.0,7533
11.679953370466267,1,8.0,7777
11.680083761629708,1,3.0,7778
11.680232025301612,13,2.0,-1986
11.680576513142505,8,3.0,6354
11.681157303247518,5,4.0,0
11.68118693400615,7,3.0,6531
11.68136490816318,7,1.0,5081
11.68138381771211,7,12.0,6989
11.681795382023315,13,4.0,-1450
11.682059326537484,113,50.0,-1653
11.68362778616045,1,1.0,7779
11.68370901668865,6,7.0,7619
11.6837466260373,13,6.0,-1861
11.68379991989888,8,1.0,5411
11.684171201588443,13,2.0,-1851
11.684893444104953,14,4.0,-1887
11.68496747863697,13,2.0,-1222
11.685083488191388,6,1.0,7338
11.68535726078331,13,1.0,-1687
11.68535726078331,17,1.0,-1687
11.685504047773165,1,1.0,7780
11.685801659168805,14,1.0,-1618
11.685858734489472,1,3.0,7781
11.685932500244824,1,4.0,7782
11.686106880801146,7,10.0,4596
11.686550368299065,6,2.0,7425
11.686896292589962,6,6.0,7518
11.687004397693062,5,4.0,0
11.687013658017221,13,14.0,-1473
11.687546162901832,5,5.0,0
11.687935479330847,2,1.0,7783
11.688163849494043,1,2.0,7784
11.688192355422737,13,1.0,-1052
11.688265905407516,6,2.0,7218
11.689252800860032,5,7.0,0
11.689396699505068,1,9.0,7785
11.689744373475374,8,5.0,4726
11.68982637238121,7,3.0,4542
11.690177956525586,13,2.0,-1443
11.691178194020988,14,1.0,-1148
11.691248015921836,13,1.0,-2061
11.691609538525302,7,5.0,5193
11.691954924742532,7,2.0,2572
11.692162381991404,6,2.0,7129
11.692264614772604,13,2.0,-1431
11.692716990897082,14,2.0,-1943
11.69291435955757,14,3.0,-1057
11.693523131299877,8,3.0,7471
11.6938052858927,5,2.0,0
11.694243867518715,1,9.0,7786
11.694630500939907,13,2.0,-1531
11.694869898523873,14,2.0,-1587
11.695069906287282,14,2.0,-1231
11.695557845057332,1,16.0,7787
11.695723128859203,13,2.0,-1675
11.695723128859203,17,2.0,-1675
11.695753228568588,5,4.0,0
11.696348844558687,1,4.0,7788
11.696464840518288,7,17.0,4728
11.696828073169735,14,3.0,-1178
11.697353709452294,1,6.0,7789
11.697464101770779,7,3.0,4408
11.697602577918966,7,1.0,6342
11.69779941935647,8,9.0,7057
11.697839188568913,17,25.0,-613
11.699158215943392,6,2.0,7293
11.699160003303486,14,4.0,-1850
11.699238235539898,6,5.0,7765
11.699301765196765,7,3.0,5799
11.699338854232675,6,4.0,7258
11.699446049766886,1,7.0,7790
11.699469224488935,14,2.0,-1789
11.699890153788509,13,1.0,-1406
11.699890153788509,17,1.0,-1406
11.700049505240672,7,1.0,6426
11.700841446219327,6,3.0,7377
11.700873159192636,9,1.0,6839
11.701263638954236,13,13.0,-1287
11.701263638954236,17,13.0,-1287
11.701266998978292,6,11.0,6700
11.701465449312563,13,1.0,-1863
11.70168135213639,8,8.0,5988
11.701931132351273,13,2.0,-1378
11.70297094514699,5,6.0,0
11.7029859213464,6,5.0,7302
11.703309951898634,1,5.0,7791
11.70372910163711,14,4.0,-1269
11.70372910163711,17,4.0,-1269
11.703844521422218,13,3.0,-1688
11.703844521422218,17,3.0,-1688
11.704413439041279,9,5.0,3376
11.704558346295608,13,5.0,-1124
11.704558346295608,17,5.0,-1124
11.704596851849917,1,6.0,7792
11.704983994535537,13,3.0,-1695
11.705010271540448,5,1.0,0
11.705206128689612,7,3.0,4973
11.705825070474972,9,17.0,6376
11.705897728793921,7,4.0,4472
11.706047805160793,7,40.0,1664
11.706230822957844,5,2.0,0
11.706333484066338,7,2.0,6567
11.706895197374422,9,7.0,4686
11.707199242975596,7,1.0,5504
11.70723636360939,14,1.0,-1747
11.707540652920784,6,7.0,5730
11.708208600068755,9,2.0,6816
11.708438703802727,7,3.0,4255
11.708797084031186,8,17.0,3184
11.709438603601038,13,1.0,-1996
11.709438603601038,17,1.0,-1996
11.709554760140831,6,2.0,7592
11.709665994241096,7,1.0,6733
11.709832965269248,6,27.0,6068
11.709969906424547,8,7.0,5793
11.710180540206093,1,4.0,7793
11.710245774871243,8,3.0,7643
11.710332631395149,9,1.0,6532
11.71110458468018,13,1.0,-1444
11.711389768362732,5,9.0,0
11.71186944875162,9,6.0,3354
11.712166850450028,1,1.0,7794
11.712373574033341,6,6.0,5408
11.71251890440561,14,1.0,-1956
11.712584055218272,5,2.0,0
11.714031014186961,1,2.0,7795
11.714264822715828,5,6.0,0
11.714452351424711,5,2.0,0
11.714500581832926,9,3.0,5277
11.714629695041674,13,7.0,-1752
11.714638132592707,7,2.0,6664
11.71474359998318,6,9.0,7548
11.714912079309283,9,12.0,2653
11.715658652062718,13,6.0,-1542
11.715658652062718,17,6.0,-1542
11.71612328606372,1,4.0,7796
11.716202109361083,1,2.0,7797
11.716819811646548,7,36.0,5509
11.716819811646548,16,36.0,5509
11.716950750854219,7,2.0,5861
11.717062937295568,9,4.0,4019
11.717158424412904,14,1.0,-1293
11.717227414759687,13,1.0,-1327
11.717296016833641,7,9.0,5658
11.717595114355849,6,5.0,7738
11.717714076794138,14,5.0,-1216
11.717766273000816,6,12.0,2912
11.717976876450745,1,11.0,7798
11.718061634649032,13,2.0,-1534
11.718101469642887,6,3.0,7491
11.71816784075345,13,10.0,-1240
11.71824174090851,6,4.0,6322
11.718406328413726,7,14.0,4622
11.718519511461887,8,1.0,6468
11.718768039378853,3,42.0,7799
11.71889072727454,5,3.0,0
11.719129300602955,1,3.0,7800
11.71946931123714,6,4.0,5042
11.719715283117491,6,1.0,7576
11.720007508541267,9,1.0,5700
11.72021304066695,7,2.0,1811
11.72032067811991,6,3.0,7614
11.720886253647175,13,3.0,-2029
11.721074858965299,7,1.0,5007
11.721081654815762,14,1.0,-1104
11.721188272295814,1,2.0,7801
11.721235439687693,6,2.0,6367
11.721252480932208,13,10.0,-2064
11.721257012152899,6,1.0,7756
11.721435537685968,5,26.0,0
11.721601916413391,3,12.0,7802
11.721680669706448,7,2.0,6151
11.721697060929037,4,11.0,7803
11.722048100984335,8,7.0,6817
11.722091180347666,14,8.0,-1682
11.722238406419672,9,2.0,5025
11.722741311701483,6,2.0,4380
11.722885140581061,7,1.0,5679
11.722947744174258,5,1.0,0
11.723019626982737,13,7.0,-1564
11.723019626982737,17,7.0,-1564
11.723058522330609,13,2.0,-1490
11.723058522330609,17,2.0,-1490
11.72331931814056,1,1.0,7804
11.723836631713969,7,1.0,6202
11.72403472508112,1,2.0,7805
11.724133167840591,8,2.0,7352
11.724378951692525,13,2.0,-1661
11.724678962230218,1,1.0,7806
11.724713874874082,5,2.0,0
11.724729497496915,7,2.0,1043
11.724868729160434,7,2.0,4761
11.7250164935633,13,2.0,-1718
11.72558129917821,13,1.0,-1778
11.72576998335784,6,2.0,7329
11.72588728129579,9,1.0,5278
11.726270956221116,13,5.0,-1831
11.726286080029066,7,1.0,5148
11.726484319567177,6,1.0,7392
11.726511113150503,1,30.0,7807
11.726642836791646,8,2.0,6874
11.72669596147242,9,10.0,5630
11.727003322766533,6,14.0,6345
11.727037313951218,13,2.0,-1997
11.727113096861808,6,3.0,7634
11.727245844911542,13,11.0,-1924
11.727245844911542,17,11.0,-1924
11.727322584664073,13,2.0,-1330
11.727537203150524,13,1.0,-1794
11.727537203150524,17,1.0,-1794
11.727732333657697,7,4.0,5651
11.727777770447933,13,4.0,-1732
11.727777770447933,17,4.0,-1732
11.72871557608009,5,2.0,0
11.729184009284348,5,1.0,0
11.731011379260003,1,2.0,7808
11.731118627233892,1,4.0,7809
11.731447076604589,13,2.0,-1751
11.731447076604589,17,2.0,-1751
11.732395473317533,7,2.0,4150
11.732531272219656,6,1.0,7743
11.7326011920194,13,1.0,-1673
11.732751495374565,6,3.0,7186
11.73300609307498,1,1.0,7810
11.733293554167236,7,9.0,6574
11.73374587348394,5,4.0,0
11.733852668161854,7,2.0,3086
11.733862296770376,1,2.0,7811
11.733915118512419,8,12.0,7435
11.734442164130547,7,1.0,6509
11.734603851835104,6,8.0,6034
11.734768503914664,7,3.0,4439
11.735356358080999,13,2.0,-1207
11.7356746819552,1,16.0,7812
11.736120558880586,5,2.0,0
11.736142110849519,6,4.0,7796
11.736424642287362,6,25.0,5410
11.73674207518848,1,1.0,7813
11.736841205490611,7,8.0,5716
11.737017513356442,7,1.0,5074
11.7372889037784,9,2.0,3111
11.737289796862822,1,5.0,7814
11.737497453166428,7,5.0,2642
11.737732797202874,7,2.0,1910
11.73800441737253,7,5.0,7170
11.738330850525816,7,8.0,4781
11.738557892134665,7,2.0,2366
11.738940846770484,7,2.0,6448
11.739256543833614,7,6.0,3784
11.73951880104773,7,2.0,5488
11.739803948151186,7,3.0,4699
11.740015450229953,5,6.0,0
11.74012788267779,6,3.0,7536
11.740148053959073,1,7.0,7815
11.74024205670238,7,5.0,4357
11.74024205670238,16,5.0,4357
11.740733712357127,7,11.0,4717
11.741073831791491,1,6.0,7816
11.741339059292853,7,4.0,2200
11.74157461266947,13,1.0,-1496
11.741676770986246,13,1.0,-1244
11.74260586366002,5,2.0,0
11.743098615943087,6,6.0,7207
11.743101904170944,1,17.0,7817
11.743130619415535,7,4.0,5833
11.743617960385203,1,4.0,7818
11.74381059850148,14,1.0,-1386
11.743990813565201,9,1.0,3301
11.74401473805263,7,2.0,3010
11.74404245625888,7,12.0,3203
11.744551638607351,13,1.0,-1309
11.744820542427373,7,3.0,4352
11.744895090830315,7,23.0,4954
11.745063117048598,13,3.0,-1503
11.745063117048598,17,3.0,-1503
11.745695674551406,1,4.0,7819
11.746075713766196,8,2.0,4562
11.746302479328213,14,5.0,-1120
11.74660145164161,1,6.0,7820
11.746936597095436,13,3.0,-1900
11.747115188914785,7,1.0,6462
11.747669582713918,14,1.0,-1676
11.748054348506574,6,2.0,6568
11.74814629273812,1,2.0,7821
11.748506503902462,7,2.0,7287
11.748559191425644,14,1.0,-1575
11.748698718792959,14,3.0,-1147
11.748698718792959,17,3.0,-1147
11.748717315902821,7,1.0,5759
11.748736850705699,13,1.0,-2014
11.748774187672767,8,1.0,7478
11.749042859506106,7,19.0,6207
11.749182684543792,6,15.0,5713
11.749589032711526,9,36.0,5474
11.749708677267929,6,5.0,7670
11.74998251509314,5,2.0,0
11.750027068066279,13,4.0,-1179
11.750027068066279,17,4.0,-1179
11.75036507729238,5,10.0,0
11.75055534456243,7,3.0,4481
11.750736356940084,7,1.0,6654
11.751020960822423,13,3.0,-1107
11.751020960822423,17,3.0,-1107
11.751031679296265,7,5.0,6936
11.751101180972785,7,4.0,5294
11.751170009172219,7,3.0,4274
11.751287835576186,8,2.0,6505
11.751429961374637,9,1.0,6441
11.75161407600924,14,3.0,-1527
11.752108808795153,6,3.0,7733
11.752516671880986,7,5.0,6715
11.75255337090419,5,4.0,0
11.752629995684064,6,3.0,7566
11.752732412038805,7,17.0,5266
11.75300949384579,14,1.0,-1770
11.75300949384579,17,1.0,-1770
11.753136469366993,13,1.0,-2063
11.753929817900774,14,5.0,-1606
11.754136350786734,5,3.0,0
11.754459325067806,6,3.0,6192
11.754546616678565,8,2.0,7343
11.754901623629568,5,4.0,0
11.755452679595699,5,2.0,0
11.75588834015987,7,2.0,4890
11.756202450116918,10,4.0,6897
11.75631668601045,13,4.0,-1102
11.756429261401495,7,2.0,5732
11.757481143406432,1,3.0,7822
11.75869044230085,7,6.0,4366
11.75883672315122,13,5.0,-1487
11.758961349323451,13,1.0,-1804
11.758961349323451,17,1.0,-1804
11.759578597768352,13,1.0,-1194
11.759578597768352,17,1.0,-1194
11.759581168699363,13,1.0,-1694
11.760364403189804,7,3.0,3848
11.761141432426777,9,6.0,5147
11.76121272980672,6,5.0,7626
11.761261794790238,8,4.0,7268
11.761286447952264,7,12.0,2513
11.761519585244312,9,4.0,6878
11.761919236077727,1,1.0,7823
11.762104919006518,1,3.0,7824
11.762555721682677,14,5.0,-1582
11.762831835815874,6,4.0,7782
11.762926791410809,8,4.0,6892
11.763566083206884,7,6.0,5910
11.763633184338783,7,14.0,7182
11.763674758983694,7,4.0,6449
11.76376128454187,13,1.0,-1403
11.763785628808037,5,9.0,0
11.763873410903175,6,3.0,7051
11.764679742649365,1,5.0,7825
11.76500219658325,5,6.0,0
11.765114868626515,113,25.0,-2074
11.76545800212854,8,18.0,4850
11.765981762910398,9,3.0,6354
11.766397292136205,14,2.0,-1856
11.766996933728437,9,5.0,3888
11.767023064076426,13,1.0,-1372
11.76704268252279,7,4.0,1813
11.76727333699115,13,4.0,-1380
11.767391462794476,6,3.0,6213
11.767490022725324,7,1.0,1040
11.767553891101823,5,2.0,0
11.767725324171607,7,2.0,5728
11.768238965852985,1,2.0,7826
11.76839937413163,1,1.0,7827
11.768457419962376,6,4.0,7226
11.768592208701378,6,4.0,7512
11.768884900518078,13,5.0,-1477
11.769065222826466,7,7.0,6949
11.769256054732763,13,1.0,-1199
11.769757706175868,1,5.0,7828
11.770395939901979,5,10.0,0
11.770478123137302,9,3.0,4236
11.77053645728234,14,4.0,-1977
11.77136757263416,6,4.0,7481
11.7726336028831,16,2.0,3846
11.773140449424004,8,13.0,7026
11.773171705627457,13,2.0,-1126
11.773393608527773,6,2.0,6751
11.773553469723877,8,2.0,6472
11.773675398896202,7,12.0,2500
11.773700871188359,5,3.0,0
11.773845582023347,1,2.0,7829
11.773895958577066,6,12.0,5608
11.774921295498753,8,3.0,5463
11.775413958000097,9,5.0,4095
11.775769484506071,7,14.0,5237
11.776006675701524,6,4.0,7553
11.776084751224674,17,13.0,-830
11.776203664111556,1,16.0,7830
11.776692387692075,6,14.0,7682
11.776921793751354,14,2.0,-1157
11.777172880869639,6,6.0,6288
11.77777223480767,13,2.0,-1560
11.77777223480767,17,2.0,-1560
11.77785557019125,5,2.0,0
11.777969422766672,14,4.0,-1650
11.777969422766672,17,4.0,-1650
11.778107703850623,7,5.0,6185
11.778437239667785,9,1.0,6841
11.778450274936565,7,12.0,3424
11.77857229166051,5,4.0,0
11.778616427593438,6,16.0,7830
11.778639151114659,1,6.0,7831
11.779274181808397,7,1.0,5014
11.779707454498375,16,50.0,419
11.780238030296259,13,4.0,-1161
11.780264843430851,13,1.0,-1388
11.780288486257335,9,3.0,5965
11.780399458930207,7,1.0,2610
11.78050672643925,7,1.0,7029
11.780617267177504,13,1.0,-1249
11.781904852149479,14,4.0,-1475
11.782230827981053,7,60.0,3345
11.782363858473214,14,1.0,-1825
11.782376038875652,7,2.0,4101
11.7824814163549,14,3.0,-1950
11.7824814163549,17,3.0,-1950
11.782647904900411,1,5.0,7832
11.78282077596289,13,4.0,-1512
11.78282077596289,17,4.0,-1512
11.782895739470067,6,3.0,7644
11.783094186163332,6,2.0,7694
11.783387484144395,1,4.0,7833
11.783643845842482,14,1.0,-2052
11.783643845842482,17,1.0,-2052
11.78460254644062,6,17.0,4088
11.784649245455615,5,4.0,0
11.785069852371143,7,13.0,1677
11.785161800066522,6,1.0,6260
11.785606878399069,1,1.0,7834
11.785650932422735,6,4.0,5887
11.786131852756716,5,4.0,0
11.786521669887101,13,1.0,-1667
11.786661107957261,13,2.0,-1559
11.786894619599366,14,1.0,-1775
11.787119918924015,7,27.0,6888
11.78737505118744,14,3.0,-1994
11.788188885416773,7,6.0,4716
11.788534249572018,9,7.0,6817
11.789403748986102,7,2.0,5412
11.789867468607968,7,3.0,4961
11.790185209478604,13,2.0,-1141
11.790255738056105,9,60.0,6852
11.790288242002458,13,1.0,-1408
11.79031835244317,14,10.0,-1944
11.791121575691502,13,1.0,-1929
11.791273188087878,7,3.0,3709
11.792252758999336,7,3.0,6784
11.792258516501427,6,3.0,7667
11.792858798843309,6,1.0,7674
11.792909889297375,7,12.0,6542
11.79295602117402,14,1.0,-1982
11.79312818081699,6,6.0,7718
11.79320140255213,14,4.0,-1623
11.79320140255213,17,4.0,-1623
11.793478044681454,7,13.0,4423
11.793753600596903,6,3.0,7558
11.793911655583601,7,22.0,6179
11.793969095599053,13,5.0,-1208
11.793969095599053,17,5.0,-1208
11.794321006751831,9,7.0,6818
11.794321006751831,16,7.0,6818
11.794630212902623,13,1.0,-1192
11.794661534830514,13,1.0,-1574
11.794661534830514,17,1.0,-1574
11.794709018782157,13,1.0,-1573
11.794757191201827,13,3.0,-2094
11.79496566202256,7,1.0,2684
11.795264374396243,6,5.0,6229
11.795349025245939,7,2.0,7005
11.795720934260084,7,5.0,5096
11.795867364253406,6,4.0,7819
11.79602259168623,6,4.0,7760
11.796311817681111,6,2.0,7821
11.796904010815483,7,3.0,6153
11.797344203178655,17,1.0,-698
11.797408876157911,5,1.0,0
11.797728464863049,6,39.0,4926
11.79800658232636,6,7.0,7750
11.798092051357727,7,37.0,2708
11.798605854595538,14,6.0,-2049
11.79896832759843,5,2.0,0
11.799748586826677,9,9.0,2586
11.799814354364203,113,21.0,-1562
11.80009307178576,6,3.0,7509
11.800505556049941,6,6.0,5841
11.800857068654715,1,5.0,7835
11.800997903823681,9,1.0,5291
11.801000396098132,9,24.0,4249
11.801259734397533,13,1.0,-1568
11.801489639595543,13,1.0,-1774
11.801489639595543,17,1.0,-1774
11.80179879276449,6,30.0,7807
11.80274630342285,13,4.0,-1684
11.80305133537674,7,5.0,7252
11.80325432435476,7,13.0,5588
11.803757348976395,13,1.0,-1864
11.804029647229962,1,2.0,7836
11.804366117584534,5,1.0,0
11.804374146644301,13,6.0,-1652
11.804603728710275,7,5.0,5409
11.804667744209787,13,1.0,-1936
11.805081337534226,13,1.0,-1937
11.805081337534226,17,1.0,-1937
11.805535090034363,14,1.0,-1461
11.805558466630803,7,2.0,4866
11.805870630137862,5,16.0,0
11.80606466657008,113,50.0,-1959
11.806925513935099,13,2.0,-1297
11.807064219497175,13,2.0,-1189
11.807081189909933,13,8.0,-1416
11.807102108813847,14,2.0,-1913
11.807200025791058,1,5.0,7837
11.807244708700706,1,2.0,7838
11.80752785792622,1,1.0,7839
11.807610464194727,6,3.0,7442
11.807856559245334,13,1.0,-1191
11.807901328587468,6,11.0,7661
11.807947708677627,13,3.0,-1787
11.80818836827332,7,2.0,6873
11.808775300724133,5,4.0,0
11.809207545355706,7,1.0,5957
11.809250791015785,6,4.0,6763
11.809288991986591,5,3.0,0
11.809305516263876,1,3.0,7840
11.809667004784052,13,2.0,-1341
11.810263164532017,6,5.0,7571
11.810897705314556,1,1.0,7841
11.811445151005174,6,1.0,7479
11.81205230374699,6,2.0,6905
11.812217991045472,14,5.0,-1915
11.812596496524604,7,9.0,5496
11.812649753139837,7,4.0,4727
11.812719003312262,5,2.0,0
11.812912083587115,7,1.0,6158
11.813107186411173,9,46.0,3834
11.813536143757528,13,1.0,-1481
11.813708578028997,13,2.0,-1121
11.813731768607203,14,6.0,-1790
11.814192360799044,13,1.0,-1422
11.814517224495212,13,1.0,-1263
11.814868375584949,14,4.0,-1289
11.81500365166335,7,16.0,3585
11.815100120310627,5,1.0,0
11.815453859424881,7,3.0,3141
11.815956250865344,8,1.0,7452
11.8160697224022,7,1.0,5620
11.816139848110971,13,6.0,-1387
11.816139848110971,17,6.0,-1387
11.816156530433531,7,1.0,5537
11.816459658967835,13,1.0,-1071
11.816820806509215,5,4.0,0
11.817359002089828,14,1.0,-1799
11.817359002089828,17,1.0,-1799
11.817530307115188,7,5.0,6162
11.81756418741908,14,14.0,-1772
11.818673266515376,7,3.0,3444
11.819075233944435,6,1.0,6455
11.819138627784401,9,18.0,3871
11.819344910468862,14,60.0,-1228
11.820005911591515,7,6.0,4784
11.820276894928716,6,16.0,7787
11.820995567477619,4,13.0,7842
11.821960111673004,7,1.0,6794
11.822016138256096,8,5.0,7139
11.822259077286516,14,3.0,-1281
11.823083435501363,13,3.0,-1513
11.82316232836119,13,6.0,-1353
11.823409827343271,1,3.0,7843
11.8234735954506,13,1.0,-1579
11.823771840076121,13,2.0,-1346
11.823901860408602,7,4.0,6990
11.824878729257836,6,1.0,6846
11.825025466249398,9,2.0,2440
11.825034514100848,9,9.0,4883
11.825295507420094,5,10.0,0
11.825467826988078,8,8.0,7567
11.825667292485825,1,3.0,7844
11.825727922915695,13,6.0,-1111
11.825743360148357,9,5.0,5531
11.825873489509362,13,4.0,-1205
11.825993232299327,6,6.0,7337
11.826466637453983,14,10.0,-1342
11.826747607810034,7,8.0,6417
11.826794133834232,5,1.0,0
11.82698482136082,1,2.0,7845
11.827202632462116,6,1.0,7611
11.82769543639085,13,1.0,-2071
11.829387715212004,1,2.0,7846
11.829522382069422,1,2.0,7847
11.829641151811797,13,3.0,-1447
11.829641151811797,17,3.0,-1447
11.829675854841412,5,1.0,0
11.82971580048572,7,4.0,5538
11.82986365184594,6,4.0,7179
11.830045200566873,13,18.0,-1076
11.830774129171175,6,7.0,7660
11.831290268977362,6,3.0,7587
11.831903852090559,13,1.0,-1628
11.831920770606128,7,6.0,5247
11.832017033203403,5,3.0,0
11.832073006838067,6,1.0,6450
11.832413896875845,7,1.0,7152
11.832923301028224,5,16.0,0
11.833259824994133,13,1.0,-1232
11.833987089440825,7,2.0,6995
11.83408281018351,13,1.0,-2006
11.834216500590694,1,3.0,7848
11.834819873571721,13,2.0,-1791
11.835067789497637,14,7.0,-1266
11.835097616872051,8,3.0,6749
11.835322506487195,6,1.0,6017
11.835596444473028,13,2.0,-2089
11.835638540989356,7,3.0,4505
11.837002651901551,14,2.0,-1411
11.838221762655834,6,1.0,6562
11.838363866324585,7,1.0,4077
11.838441784092561,1,2.0,7849
11.838581960689877,13,2.0,-1430
11.838821996155517,6,7.0,7763
11.838872431991904,13,1.0,-1624
11.83900612972586,7,5.0,3077
11.839324943812212,13,1.0,-1308
11.839414355796478,6,1.0,5435
11.839434074508556,7,2.0,4927
11.84000650918151,7,2.0,6684
11.840035482323563,14,5.0,-1069
11.840051218158795,13,3.0,-2081
11.840073836705386,13,2.0,-1379
11.840113882860084,13,8.0,-2002
11.840163903684635,6,2.0,7487
11.840279449036943,14,15.0,-2035
11.840374566852327,1,6.0,7850
11.84086856828397,7,1.0,5607
11.840994285402504,6,8.0,7725
11.841005400808731,6,2.0,7540
11.8412641093171,14,18.0,-1992
11.8412641093171,17,18.0,-1992
11.841506719026835,7,1.0,5820
11.842061060360072,7,7.0,5936
11.842392744687496,13,3.0,-1298
11.844510030957487,7,1.0,4946
11.84490068141582,9,5.0,6577
11.844936303203477,1,11.0,7851
11.845074659861801,13,1.0,-1459
11.845197258002978,6,4.0,7758
11.845533950580204,13,2.0,-1858
11.84587394654353,13,3.0,-1981
11.84587394654353,17,3.0,-1981
11.845890297302262,9,1.0,7225
11.8459815889554,5,2.0,0
11.846162942798822,5,3.0,0
11.846554548118773,9,5.0,4726
11.846695613777003,14,8.0,-1745
11.846695613777003,17,8.0,-1745
11.846818643697002,13,1.0,-1846
11.847154648337845,5,2.0,0
11.84716029310183,14,3.0,-1860
11.847736879808233,7,2.0,5483
11.847959563597007,7,7.0,1651
11.848066887100522,9,2.0,6631
11.848329741659633,9,2.0,6340
11.848593514404373,5,4.0,0
11.848609978364916,5,42.0,0
11.84876559544888,14,1.0,-1319
11.848871299779349,14,14.0,-1824
11.849229641362637,13,2.0,-1398
11.84947282749935,7,4.0,6623
11.84959480321208,6,39.0,7537
11.849672556875845,7,1.0,6823
11.850322671611295,13,3.0,-1397
11.850438242508718,6,3.0,6088
11.850798119410989,7,1.0,5332
11.85087902515464,8,11.0,7508
11.851008276858362,14,4.0,-1609
11.851359059444766,6,11.0,7279
11.85226952732217,13,1.0,-1940
11.852571471719536,7,3.0,4325
11.852589407730058,14,1.0,-1545
11.852623144153016,6,3.0,7745
11.852802153302127,1,3.0,7852
11.85364830816495,5,5.0,0
11.854018581429672,14,4.0,-1696
11.854580722141327,7,6.0,5931
11.854818463875327,6,8.0,7454
11.854877682162817,13,2.0,-1168
11.855148850038349,8,9.0,3253
11.855586759824659,13,3.0,-1195
11.855944822451837,14,4.0,-1500
11.855944822451837,17,4.0,-1500
11.856227232361922,13,1.0,-1132
11.856409743458128,6,2.0,7602
11.856528521188428,14,2.0,-1153
11.856528521188428,17,2.0,-1153
11.856869500429577,9,4.0,6410
11.857092362873809,7,8.0,7320
11.857557172605578,6,11.0,7798
11.857690163446136,7,54.0,1178
11.857702171140513,14,5.0,-1536
11.857859502417122,1,4.0,7853
11.858283887802864,13,4.0,-2023
11.8583264406338,6,14.0,7090
11.85835773204139,13,10.0,-1224
11.85835773204139,17,10.0,-1224
11.85847007791294,14,4.0,-1742
11.85861867921524,14,3.0,-1740
11.85861867921524,17,3.0,-1740
11.85874206786723,9,2.0,4627
11.858832712783224,5,3.0,0
11.859349011820525,6,1.0,7154
11.85944958066748,1,6.0,7854
11.859583205458339,17,1.0,-155
11.860067846299959,13,1.0,-1538
11.860192849026667,8,3.0,6228
11.860193475036343,6,2.0,7386
11.86048302337477,14,1.0,-1392
11.860674616177805,6,1.0,7834
11.860773702807924,7,53.0,3655
11.860888799768853,6,2.0,6605
11.861011336468156,6,3.0,7495
11.861024748752572,13,7.0,-1881
11.861024748752572,17,7.0,-1881
11.861582697725211,13,2.0,-1258
11.861935166639563,6,10.0,7772
11.862099625926634,13,1.0,-1897
11.86283120861647,13,12.0,-1419
11.862967752245611,13,1.0,-1524
11.862967752245611,17,1.0,-1524
11.863340775653713,13,1.0,-1437
11.86340907698608,17,2.0,-453
11.86369648364203,9,13.0,5323
11.863973691119613,6,2.0,7849
11.86416118423753,9,2.0,6472
11.864945985939446,7,2.0,5768
11.865333218927177,6,1.0,6218
11.865341344682008,7,5.0,5391
11.865653168418834,13,4.0,-1432
11.865852890356384,6,24.0,6545
11.866410337545336,7,28.0,6183
11.866499035647376,13,5.0,-1470
11.867089820110944,5,3.0,0
11.868151039285078,6,1.0,7411
11.86837035355243,6,4.0,7542
11.868812275835312,6,4.0,6727
11.869034519249858,1,10.0,7855
11.869062733064338,5,5.0,0
11.869253366410291,14,1.0,-1082
11.869649906851244,7,3.0,7125
11.870103156767572,7,14.0,6988
11.870568525715946,7,3.0,4262
11.870673463307138,8,10.0,7475
11.870709898375278,9,8.0,4375
11.871324371869406,9,8.0,6384
11.871414878522865,7,39.0,5952
11.87214029165608,7,3.0,7020
11.872253018723635,14,1.0,-1449
11.872382138471819,7,2.0,3607
11.872582272904122,13,2.0,-1704
11.872582272904122,17,2.0,-1704
11.873113593997637,7,4.0,6193
11.873795621833615,5,5.0,0
11.874143834490994,13,7.0,-1446
11.874197507868717,13,1.0,-1451
11.874233050001907,6,6.0,7620
11.874593757345625,6,9.0,7786
11.874633935327909,13,2.0,-1478
11.875011693070347,14,2.0,-1841
11.875011693070347,17,2.0,-1841
11.875194735384166,6,3.0,7415
11.875234568381398,14,4.0,-2079
11.875643703962336,6,5.0,6725
11.875651748852013,13,2.0,-1880
11.875968921124835,9,2.0,4244
11.8760288358366,7,5.0,5437
11.876216244851987,6,10.0,6895
11.876336678399252,13,11.0,-1318
11.876336678399252,17,11.0,-1318
11.876551119745484,14,1.0,-1630
11.876551119745484,17,1.0,-1630
11.877075101150767,13,3.0,-1114
11.877075101150767,17,3.0,-1114
11.877646798016558,7,3.0,6293
11.877722324925369,6,4.0,5811
11.878199644748687,13,1.0,-1616
11.878374917847841,5,1.0,0
11.879566887285952,7,1.0,6409
11.879762582239561,14,15.0,-1497
11.879953107207573,1,1.0,7856
11.880326773360496,9,5.0,6529
11.880437562942358,14,3.0,-1949
11.880980060978393,8,6.0,6547
11.881050934596033,5,1.0,0
11.88135816557864,1,4.0,7857
11.881592558956484,7,2.0,5782
11.881820990873765,8,2.0,7043
11.882114129140755,13,1.0,-2032
11.882114129140755,17,1.0,-2032
11.882261818281771,13,7.0,-1869
11.882661410279342,13,2.0,-1336
11.882720084949622,4,4.0,7858
11.88290551368368,13,3.0,-1108
11.883093321561068,6,30.0,5978
11.883185145493384,7,2.0,5261
11.883455855889052,14,3.0,-1723
11.883455855889052,17,3.0,-1723
11.883526233961089,6,6.0,7554
11.883603148914219,9,6.0,6828
11.883627625005959,13,1.0,-1245
11.883627625005959,17,1.0,-1245
11.883636162540608,7,5.0,6478
11.883794646557133,7,2.0,4453
11.88406577298099,6,1.0,6427
11.884662204811843,13,2.0,-1692
11.884823427581019,7,14.0,2822
11.884893549694317,6,3.0,7607
11.885132032047174,14,2.0,-1345
11.885312907712116,9,57.0,6107
11.88578239733708,1,8.0,7859
11.88587676638533,13,1.0,-1508
11.885906515523263,4,14.0,7860
11.886185343655942,13,4.0,-1883
11.886587150648046,1,3.0,7861
11.886835689455602,14,2.0,-1674
11.886835689455602,17,2.0,-1674
11.886853942778473,7,1.0,6777
11.886937050518993,13,2.0,-1421
11.886998278083409,14,2.0,-1975
11.887041582463526,7,6.0,5707
11.887396583711208,7,2.0,6446
11.88826702699465,8,8.0,6194
11.888378590958444,8,2.0,6599
11.888833678103492,13,2.0,-1983
11.888940166233745,7,5.0,6454
11.88918330906217,5,3.0,0
11.890186125679037,6,7.0,7552
11.890257368077505,7,9.0,7579
11.891151094559111,6,1.0,7624
11.891689609077725,17,5.0,-96
11.891711217155974,7,2.0,5804
11.891928111651268,7,25.0,6628
11.892034503547826,14,8.0,-1532
11.893029920438654,6,5.0,7035
11.893164263096502,7,5.0,6544
11.893247312995882,6,1.0,6038
11.893400914786202,13,5.0,-1555
11.893708042144379,6,10.0,7462
11.89392532880655,5,5.0,0
11.893933756292576,7,5.0,7102
11.894011178151374,5,2.0,0
11.894455792499851,6,1.0,7401
11.894519752001191,5,4.0,0
11.89459837378715,9,2.0,5895
11.894757461254844,7,45.0,3628
11.89480456146917,7,1.0,5822
11.89488140289534,7,1.0,6943
11.89489093204235,7,3.0,5432
11.894942773206337,7,4.0,5073
11.895162871424489,7,2.0,7228
11.895231221600756,13,1.0,-1561
11.895231221600756,17,1.0,-1561
11.895384358819266,9,7.0,5079
11.895523769832103,6,3.0,7556
11.895639604326943,7,6.0,5951
11.895799029008726,13,9.0,-1146
11.89588614109113,7,5.0,6679
11.896198275901993,13,1.0,-1806
11.896198275901993,17,1.0,-1806
11.896277687797962,13,6.0,-1669
11.896310205311684,6,5.0,4692
11.896432365714785,9,9.0,3948
11.897242201797917,6,7.0,7534
11.897536986014403,1,1.0,7862
11.897853626244524,13,3.0,-1584
11.898295736066673,1,13.0,7863
11.898309098130692,7,4.0,5270
11.898392301222506,5,6.0,0
11.898548508120466,6,6.0,7397
11.898735122834267,9,3.0,6362
11.898873750888793,13,2.0,-1215
11.898901407778094,16,7.0,715
11.899016593924177,13,11.0,-1690
11.899540960494372,13,2.0,-1276
11.899540960494372,17,2.0,-1276
11.900046579666785,6,1.0,7594
11.900219371682432,6,7.0,5958
11.900230234723807,1,2.0,7864
11.900269595548407,7,2.0,7257
11.900713272414082,14,2.0,-1874
11.900713272414082,17,2.0,-1874
11.900855078771524,7,6.0,5471
11.901041099559992,1,3.0,7865
11.901753342535487,17,1.0,-571
11.901786194563362,1,2.0,7866
11.902032995406072,7,4.0,4903
11.902104558158724,6,1.0,7229
11.902346285568806,7,14.0,3977
11.903323444234035,7,3.0,6242
11.903345526375446,1,2.0,7867
11.9034403328218,9,10.0,7475
11.903677258788145,1,2.0,7868
11.90405750938436,17,1.0,-100
11.904247587288033,9,3.0,7291
11.904279236793961,9,6.0,3375
11.904655273987704,13,1.0,-1234
11.904703957025804,1,3.0,7869
11.904924729647652,13,2.0,-2062
11.904924729647652,17,2.0,-2062
11.905141336134896,1,6.0,7870
11.905491698426328,13,3.0,-1894
11.90553249544782,6,6.0,7816
11.905840891183225,13,5.0,-1151
11.906104694954855,5,2.0,0
11.906415805899075,5,2.0,0
11.906456753527703,17,5.0,-927
11.906573233730805,7,3.0,7423
11.907549362699585,5,2.0,0
11.907590429755995,9,9.0,6280
11.907613139205933,6,2.0,7771
11.908579340746765,7,5.0,3458
11.909747496272407,6,1.0,7083
11.910371283152731,9,5.0,3169
11.910371283152731,16,5.0,3169
11.910429399644364,8,12.0,4129
11.910519876432193,13,2.0,-1985
11.91063118605797,7,1.0,5196
11.910666457972345,6,2.0,7047
11.911231994122078,6,11.0,7230
11.911553373809223,6,10.0,7396
11.912066064330805,13,1.0,-1890
11.912725392208035,5,4.0,0
11.91281791414142,7,6.0,6121
11.912853911647083,6,3.0,7375
11.912939641287746,9,3.0,5337
11.913491096661675,1,7.0,7871
11.914054748173024,13,45.0,-1805
11.914221012329271,7,2.0,7064
11.914518382606534,9,2.0,3989
11.914703445916821,16,8.0,5030
11.914891150818425,4,1.0,7872
11.91509271982508,6,13.0,7863
11.915274460343557,6,2.0,7761
11.915441863045936,8,1.0,6616
11.91607328388838,7,2.0,5587
11.916417809404683,17,2.0,-175
11.916434848378275,6,5.0,7355
11.916561472820215,13,13.0,-1964
11.916670077581053,13,1.0,-2003
11.916670077581053,17,1.0,-2003
11.91720542727492,1,2.0,7873
11.917746452015022,1,1.0,7874
11.917969582607897,9,3.0,6651
11.918120676988854,7,5.0,6030
11.91852909694721,6,5.0,6942
11.918700295107518,6,9.0,7286
11.91883910356837,5,1.0,0
11.919556229215583,7,5.0,1968
11.919807978328766,13,7.0,-2098
11.920218406141478,14,3.0,-1237
11.920218406141478,17,3.0,-1237
11.920226606009933,6,7.0,7563
11.920373569044825,1,4.0,7875
11.920520956372158,14,3.0,-1357
11.920591592828242,6,14.0,6294
11.920731145087217,8,9.0,6245
11.92079723547904,1,1.0,7876
11.920896560435935,7,4.0,6793
11.92100905219308,13,1.0,-1356
11.921403748581627,8,4.0,5699
11.921447748277048,6,8.0,6759
11.921532543301275,7,1.0,6681
11.92174776954088,5,4.0,0
11.921955560443596,7,27.0,5021
11.921970939552567,1,2.0,7877
11.922003816363826,17,1.0,-851
11.922053225498399,13,3.0,-1946
11.922140800380173,14,3.0,-1952
11.922314730819622,14,1.0,-1351
11.923425260450339,13,1.0,-1632
11.923475836479765,113,57.0,-1988
11.92367909919101,13,14.0,-1242
11.92388864229234,6,4.0,7222
11.924068116195402,13,2.0,-1458
11.92460684147529,14,2.0,-1509
11.924914099901038,7,3.0,5102
11.925037934653176,7,5.0,6080
11.92512426994202,5,2.0,0
11.925742446376614,7,2.0,5309
11.925900447532195,7,1.0,6506
11.926162936621758,6,2.0,6951
11.92659405750314,7,1.0,7162
11.926706086927929,1,2.0,7878
11.927310299220958,6,1.0,5224
11.927323558827768,9,17.0,3184
11.927490820703609,7,2.0,6182
11.927586091549275,7,2.0,6456
11.927890437489358,1,4.0,7879
11.928262718897923,5,39.0,0
11.928437285103868,6,10.0,7739
11.928551930148314,8,5.0,7254
11.929002360290951,1,1.0,7880
11.929785781123465,13,5.0,-1267
11.929873927478443,7,1.0,4010
11.93121446145068,5,7.0,0
11.931369555842114,1,6.0,7881
11.931953474745288,5,1.0,0
11.93251047949795,7,12.0,5460
11.93254065009025,14,3.0,-1698
11.93318246024159,1,2.0,7882
11.93360474264094,13,1.0,-2017
11.93361353739912,7,11.0,6552
11.934207606035706,7,9.0,7183
11.935372653650703,7,44.0,5440
11.935677251361872,6,8.0,7612
11.936278007152977,6,1.0,7593
11.936804966174881,9,5.0,5785
11.937722999181279,7,3.0,6015
11.937773638548299,9,2.0,4607
11.938051940112807,13,3.0,-2042
11.938051940112807,17,3.0,-2042
11.938727288705714,6,4.0,5718
11.939812322472912,13,1.0,-1701
11.940070295799275,7,2.0,7595
11.94009181323977,7,9.0,5568
11.940601525856808,13,16.0,-1957
11.940733641118593,7,2.0,7181
11.940733641118593,16,2.0,7181
11.941208187444818,16,2.0,3746
11.941518595774266,8,1.0,3780
11.941547340210981,6,16.0,7539
11.941549121521605,9,4.0,5742
11.941580032039107,1,3.0,7883
11.941933174960115,5,6.0,0
11.942097631871194,13,3.0,-1631
11.942423458384743,14,4.0,-1510
11.942580771191258,5,1.0,0
11.942704576153288,14,2.0,-1702
11.942704576153288,17,2.0,-1702
11.942883489781844,1,6.0,7884
11.943029841379202,1,2.0,7885
11.943046296458864,13,1.0,-2101
11.943448984893934,7,6.0,4710
11.944121820166664,7,8.0,5817
11.944264146018863,14,2.0,-1243
11.944300915423446,13,3.0,-1633
11.944406088471313,7,3.0,4736
11.944406088471313,16,3.0,4736
11.944855923402987,5,2.0,0
11.945801505128575,6,7.0,5108
11.946017319988753,9,8.0,5886
11.946505989794499,13,1.0,-1499
11.946505989794499,17,1.0,-1499
11.947378544551615,9,48.0,4177
11.94777368755068,113,57.0,-1393
11.948515511415122,13,1.0,-2018
11.949551888283612,14,2.0,-1375
11.950294244393818,5,9.0,0
11.950515363941538,5,25.0,0
11.950716574143998,14,1.0,-1786
11.950716574143998,17,1.0,-1786
11.950805451300784,7,3.0,6737
11.951041745109046,7,1.0,7197
11.951441319967483,6,3.0,7651
11.951488627682691,6,5.0,7716
11.952547505784548,6,5.0,2611
11.952860767180617,6,7.0,6467
11.953510939954763,6,4.0,6789
11.953534031974327,7,2.0,4395
11.953949036743976,13,1.0,-1060
11.954810661750294,13,2.0,-1648
11.954810661750294,17,2.0,-1648
11.954814897541045,6,26.0,7625
11.954915713652206,5,4.0,0
11.95518690064936,7,1.0,6585
11.95535459356532,7,2.0,4557
11.956437188038665,5,2.0,0
11.95647337418869,9,2.0,6617
11.95665084935758,14,2.0,-1521
11.95665084935758,17,2.0,-1521
11.956815811928491,6,1.0,7768
11.956852326599371,7,16.0,4314
11.95761044303427,7,2.0,2981
11.957978934080865,7,7.0,6285
11.958210146372735,14,1.0,-1329
11.958326071115966,9,5.0,7112
11.95851658478049,13,5.0,-1604
11.958538461863103,1,4.0,7886
11.959274371025668,7,1.0,5866
11.959907376657872,13,2.0,-1171
11.960306133950668,13,6.0,-1672
11.9606941944754,14,2.0,-1537
11.961134951434564,5,1.0,0
11.96134361407158,13,2.0,-1989
11.961934402785005,2,10.0,7887
11.962383688078136,14,2.0,-1313
11.96267231610207,14,11.0,-1489
11.962753469462605,1,3.0,7888
11.96450681425542,5,1.0,0
11.96472844525534,7,5.0,5222
11.96586994524649,8,8.0,7074
11.96623091311865,13,16.0,-1454
11.96623091311865,17,16.0,-1454
11.966313833252329,6,1.0,6397
11.966462368142125,7,2.0,7215
11.966509002672403,6,1.0,7880
11.966820353736955,7,4.0,5356
11.967082594689508,6,2.0,7176
11.967177798998321,7,3.0,4054
11.967212008408751,6,1.0,7783
11.967534835282038,5,6.0,0
11.967650034553033,5,2.0,0
11.967861153211347,10,57.0,7249
11.967891513960355,7,2.0,7572
11.967896512918191,7,3.0,7198
11.967917133264447,3,36.0,7889
11.968044349764199,8,1.0,5929
11.968526732794771,5,5.0,0
11.968624339489164,13,1.0,-1173
11.969457094435432,6,1.0,7321
11.969949353884651,1,4.0,7890
11.970120490445593,13,2.0,-1776
11.97022528737757,4,4.0,7891
11.970478631496372,1,12.0,7892
11.970657188524157,5,1.0,0
11.97086142783288,5,1.0,0
11.97117964897551,1,8.0,7893
11.971389254681167,9,10.0,1944
11.971933499400576,7,2.0,5767
11.97253001504472,14,1.0,-1229
11.973052735888738,1,3.0,7894
11.973585950909207,9,5.0,5569
11.973951777144263,6,2.0,6474
11.97420816838232,14,2.0,-1785
11.974572866741141,13,1.0,-1410
11.974572866741141,17,1.0,-1410
11.97489381151937,1,4.0,7895
11.974920935763578,13,18.0,-1971
11.975060798091551,1,3.0,7896
11.975350519342191,7,33.0,3828
11.975423159116481,4,19.0,7897
11.975654805785457,7,1.0,6584
11.9757016654338,7,3.0,2749
11.975968709901826,14,2.0,-1516
11.97619880862697,7,41.0,4516
11.976248940317017,13,1.0,-1273
11.976266221235726,9,41.0,5106
11.97857266832561,6,8.0,6893
11.97884766426259,6,3.0,6173
11.97970546783831,1,8.0,7898
11.979732337742535,1,3.0,7899
11.980343492286236,5,3.0,0
11.980586547491784,5,8.0,0
11.980871230359671,13,1.0,-1611
11.982030143434951,7,5.0,2527
11.982669849650343,6,1.0,7402
11.982690193052289,7,4.0,2385
11.982750021684781,13,8.0,-2060
11.983457091139712,13,1.0,-1938
11.98361991904598,14,4.0,-1543
11.98361991904598,17,4.0,-1543
11.983622785037559,7,2.0,4110
11.9837007495049,13,2.0,-1829
11.983787072902386,14,2.0,-1713
11.98383790681262,7,4.0,5472
11.983961965572982,8,5.0,3707
11.984583926565806,10,1.0,7872
11.984744536810037,14,1.0,-1511
11.984745961837179,9,10.0,6723
11.984747037416975,5,4.0,0
11.985754597882286,16,2.0,3763
11.987232452277876,14,2.0,-2050
11.987718312936885,7,2.0,4711
11.987981574471906,6,4.0,6331
11.98810178862256,13,3.0,-1725
11.988342779996653,7,5.0,6236
11.988560093622699,9,2.0,5571
11.98862462176148,6,4.0,7245
11.988629685748068,9,5.0,7405
11.988662429235386,7,11.0,5745
11.988783435065669,1,42.0,7900
11.988910508560556,13,1.0,-1055
11.989118977809072,14,5.0,-1581
11.98920360587088,14,2.0,-1455
11.989828139228301,13,1.0,-1106
11.989883167357767,7,15.0,4399
11.990586740520557,7,3.0,6067
11.991085251493626,2,60.0,7901
11.991251985386132,7,38.0,1518
11.991271618316004,9,3.0,5897
11.99129595920466,7,5.0,4193
11.991892641255182,7,3.0,7205
11.991968082050995,13,1.0,-1671
11.991985653906289,14,1.0,-1748
11.991985653906289,17,1.0,-1748
11.992023679629002,9,12.0,5320
11.992371689445308,7,39.0,2149
11.99251964125166,14,4.0,-1453
11.99251964125166,17,4.0,-1453
11.992621735167633,7,21.0,5744
11.992739892137283,6,2.0,6492
11.992931567664694,6,1.0,7111
11.995400838269246,10,42.0,7799
11.995718739223964,9,2.0,5182
11.996021857157455,1,4.0,7902
11.996043792932266,5,8.0,0
11.996123018461967,5,3.0,0
11.996337213221896,14,1.0,-1116
11.996341049420908,6,5.0,6210
11.996736281707172,14,2.0,-2077
11.996736281707172,17,2.0,-2077
11.996882796960598,7,2.0,6051
11.997509712846828,6,4.0,7701
11.997569267761548,7,6.0,4321
11.997830134740655,13,3.0,-1504
11.997995257178314,7,41.0,1096
11.998224883499923,7,1.0,2819
11.99847249328443,7,9.0,6249
11.998669520764288,7,3.0,6221
11.998744753344289,13,1.0,-1885
11.998916634503656,1,2.0,7903
11.999111641677368,9,2.0,4562
11.999117765448084,7,4.0,5992
11.999152733595432,13,1.0,-2048
11.999744620483089,1,1.0,7904
11.999807710933894,13,1.0,-1519
11.999853782308797,13,5.0,-1839
12.001246269231714,1,1.0,7905
12.00170397513605,7,25.0,3245
12.001735247895844,14,1.0,-2519
12.001883715731214,7,3.0,7158
12.002134230556585,9,6.0,3936
12.002862352517738,7,5.0,6238
12.003942269205986,13,7.0,-2781
12.004049749160659,13,2.0,-2510
12.004442017618398,13,1.0,-3131
12.004662067448368,7,3.0,6364
12.004672037066827,6,1.0,7827
12.00480053479929,7,1.0,4421
12.005753549868023,13,7.0,-2424
12.005798367760693,13,1.0,-2660
12.005812233941143,1,55.0,7906
12.00584370219283,13,3.0,-2376
12.00609318521253,5,2.0,0
12.006328371263493,13,3.0,-2272
12.006390590612728,7,2.0,2119
12.00645540409938,1,3.0,7907
12.00651939498847,7,3.0,6487
12.006587705562366,18,,0
12.006675888002896,101,4.0,7908
12.006959827454859,7,11.0,5087
12.00751379957061,5,1.0,0
12.007884825025583,13,1.0,-3098
12.008698530253529,13,1.0,-2349
12.0090675491491,6,2.0,7685
12.009116217821791,1,4.0,7909
12.009267431071303,1,1.0,7910
12.009710244694409,5,1.0,0
12.009751781266251,7,2.0,6958
12.010284728190983,6,2.0,7873
12.010302457141282,7,3.0,6987
12.010357607647194,13,1.0,-2681
12.010795493292882,13,2.0,-2842
12.011489911359565,5,2.0,0
12.011504365981054,7,49.0,3524
12.01205863509503,13,3.0,-2793
12.012225323954574,9,2.0,6212
12.012242715222575,7,4.0,5551
12.012334317937883,5,5.0,0
12.012675400522292,9,4.0,4872
12.012836026824148,6,8.0,7719
12.013568425949616,113,59.0,-2779
12.013874165854086,6,1.0,7608
12.013896392916333,6,2.0,7359
12.01415589019268,14,3.0,-2364
12.014613217292082,7,1.0,6507
12.014672815946053,7,2.0,5776
12.015117071213899,13,1.0,-2235
12.015327225210566,7,4.0,4234
12.015369077176794,7,8.0,5512
12.015397798390332,5,9.0,0
12.015634025568458,1,5.0,7911
12.015691381366732,7,1.0,7040
12.015715273893226,6,8.0,7898
12.015924293388013,5,3.0,0
12.016168459795326,9,2.0,5932
12.016946085922834,7,16.0,5048
12.017373099108582,15,1.0,-874
12.01745572120059,6,1.0,7404
12.017744936358131,13,1.0,-2358
12.018893218313142,7,16.0,4504
12.019215912309749,7,1.0,5791
12.019734326685555,7,4.0,6906
12.01973740362341,7,11.0,4126
12.019750655164462,5,1.0,0
12.019999612336909,13,4.0,-2688
12.020567963254503,5,4.0,0
12.020581717961118,6,5.0,7911
12.020799020390337,14,5.0,-3043
12.020893844445974,14,2.0,-2435
12.021645231883548,7,27.0,992
12.021690859816314,14,4.0,-2330
12.021707190200399,7,1.0,6215
12.021707190200399,16,1.0,6215
12.022065734555332,8,6.0,5841
12.022081413186438,13,8.0,-2400
12.022090881545994,5,4.0,0
12.022171142313484,13,1.0,-2383
12.022223014427396,13,19.0,-2602
12.022799170986858,6,5.0,7145
12.022839987954022,1,7.0,7912
12.023104433331246,14,2.0,-2319
12.023297689436804,6,3.0,7865
12.023467202007122,9,6.0,6858
12.023572834367707,7,5.0,3477
12.023646262351203,7,3.0,5215
12.02429371619776,9,1.0,4403
12.02437942875019,6,3.0,7388
12.024724576977611,5,1.0,0
12.024833297129875,13,1.0,-2775
12.025243542792214,13,2.0,-2114
12.025354702242911,5,2.0,0
12.025695019970582,7,2.0,6857
12.025858997537147,13,1.0,-2342
12.025997642565567,5,2.0,0
12.026230108878298,13,1.0,-2696
12.026650416217604,6,4.0,7646
12.02679239304035,5,3.0,0
12.026851647839154,13,4.0,-2589
12.027171769533915,7,6.0,5467
12.02757421153902,5,1.0,0
12.027682102610786,6,7.0,7519
12.027726231840974,9,1.0,1663
12.02789006697419,1,3.0,7913
12.027924991648549,13,1.0,-2694
12.028037984917145,13,6.0,-2766
12.028353565895172,5,7.0,0
12.02853702793131,14,6.0,-2298
12.028709714508112,7,2.0,6479
12.029151724950678,14,2.0,-2476
12.029768567644004,13,1.0,-2469
12.030440632803664,6,20.0,6939
12.03048944377807,7,2.0,6276
12.030609372193737,10,11.0,7511
12.030785991970513,5,1.0,0
12.030909804024079,13,2.0,-2734
12.031000276924615,7,6.0,4305
12.031751448610047,14,1.0,-2707
12.03272408638395,7,35.0,2274
12.032883305671843,5,3.0,0
12.032907575301952,1,9.0,7914
12.033269919442231,5,22.0,0
12.033431957655838,7,7.0,7117
12.033499366946629,10,4.0,7858
12.034108983258204,13,10.0,-2965
12.034332861583907,1,1.0,7915
12.034374312372044,13,1.0,-3076
12.03502040878454,7,3.0,6994
12.03502040878454,16,3.0,6994
12.035625270667122,7,49.0,4666
12.035753896189227,7,2.0,7323
12.035754431599264,13,1.0,-2152
12.03697730502831,7,6.0,4338
12.037167061888455,18,,0
12.03732757324678,101,4.0,7916
12.037521796599105,16,3.0,2557
12.03762600544981,6,4.0,7853
12.037819332072715,9,3.0,6110
12.038120860020566,13,5.0,-2515
12.0386758421641,7,11.0,6297
12.0386758421641,16,11.0,6297
12.03879714249367,7,3.0,6546
12.039126399993407,7,3.0,6610
12.039435423214954,14,3.0,-3057
12.0396740990411,13,1.0,-3072
12.039709508660138,6,2.0,7784
12.039767553155064,13,3.0,-3017
12.040190711459777,7,2.0,5521
12.04031702277016,6,7.0,7575
12.040368095400831,13,9.0,-2125
12.040578742733652,1,2.0,7917
12.040585620408486,8,7.0,6946
12.041153827904875,7,6.0,6356
12.041553006332089,13,3.0,-2177
12.04270705913942,6,3.0,7800
12.042719194004112,1,5.0,7918
12.043159994165741,6,9.0,7440
12.043184167702112,7,6.0,3452
12.043203064309267,8,12.0,6156
12.04328448788316,1,1.0,7919
12.043611087885166,14,1.0,-2699
12.043925514238172,11,4.0,6897
12.043985909446032,6,2.0,7580
12.04436074877982,13,1.0,-2543
12.044647601200543,1,9.0,7920
12.044812163381394,6,2.0,3505
12.045591865687904,13,6.0,-2730
12.045658228405216,9,16.0,4774
12.045950756932807,6,4.0,7886
12.047398585768306,7,3.0,5729
12.047464565982773,14,5.0,-2860
12.04764024667373,1,3.0,7921
12.047804798406478,14,22.0,-2848
12.047873259287694,1,3.0,7922
12.048014075246202,8,15.0,6316
12.048228166375928,7,1.0,5344
12.048319449311766,7,2.0,3067
12.048371379986584,6,3.0,7921
12.048375711176757,7,1.0,6291
12.048974470417777,6,1.0,7275
12.04899230904915,5,2.0,0
12.049384311421916,1,2.0,7923
12.049806920461164,13,2.0,-2225
12.050129728330024,11,5.0,6969
12.050332298421631,5,17.0,0
12.050395187276642,7,3.0,5948
12.050395187276642,16,3.0,5948
12.050584133794768,7,4.0,4055
12.050630936394231,13,3.0,-2729
12.05093509012969,6,6.0,7399
12.051223036817497,1,5.0,7924
12.051578329848674,14,4.0,-2144
12.051910922458736,113,44.0,-2457
12.051931802393815,13,8.0,-2314
12.051931802393815,17,8.0,-2314
12.052643100138342,6,10.0,7855
12.05289311322369,7,1.0,4705
12.053134127442513,1,3.0,7925
12.053325752790704,5,5.0,0
12.053371850912033,5,2.0,0
12.054822743416427,1,5.0,7926
12.055100548586204,7,2.0,6790
12.055102149741678,13,3.0,-3125
12.055148047062005,14,2.0,-2303
12.055273990477989,7,9.0,4904
12.055903341410886,6,1.0,7601
12.056239893863621,14,3.0,-2805
12.056551700443123,5,2.0,0
12.056943565573999,13,3.0,-2259
12.056943565573999,17,3.0,-2259
12.057038449911301,14,2.0,-3081
12.057195616691363,13,8.0,-2915
12.057195616691363,17,8.0,-2915
12.057507654096378,7,9.0,6626
12.058515899270505,7,25.0,1200
12.058651079548898,13,2.0,-2257
12.059027650829236,1,1.0,7927
12.059032884371739,6,13.0,7387
12.059246866722376,5,4.0,0
12.059696567031121,14,1.0,-2611
12.060318102381384,7,57.0,2084
12.060318733966476,1,1.0,7928
12.061052067355002,1,5.0,7929
12.061315728503082,1,3.0,7930
12.061431750583614,7,3.0,4951
12.061583427654117,6,29.0,4092
12.061684971471333,7,5.0,4993
12.061714460079966,6,1.0,6401
12.06176643179503,13,1.0,-2865
12.06176643179503,17,1.0,-2865
12.061825549712548,6,1.0,7609
12.062213873315493,7,5.0,7223
12.062421770465239,7,7.0,2538
12.062512900376717,14,2.0,-2747
12.062566706610259,7,5.0,6592
12.063321050752288,13,1.0,-2523
12.063497715471224,17,13.0,-1817
12.063831892057111,5,2.0,0
12.063961807960965,14,57.0,-2372
12.063961807960965,17,57.0,-2372
12.064028505460394,7,22.0,1579
12.064241647787615,5,1.0,0
12.064651241606015,13,2.0,-2226
12.064817474549363,5,1.0,0
12.065559113471034,1,6.0,7931
12.065915250474601,7,5.0,5511
12.066139198023318,5,3.0,0
12.0671864198771,5,2.0,0
12.067494114349449,7,1.0,6953
12.067576933516921,7,9.0,6669
12.068497746096032,9,2.0,5614
12.068507597090838,13,2.0,-2986
12.068635830800442,14,22.0,-2425
12.06884340234669,8,5.0,3781
12.06894759651724,17,3.0,-1382
12.06905127777657,9,2.0,4108
12.069459328835805,7,5.0,5857
12.070553809241899,7,2.0,4648
12.071030969126024,7,57.0,3672
12.071819380361895,5,3.0,0
12.07193827729876,7,4.0,7120
12.07214755628802,14,2.0,-3089
12.072608125222812,7,3.0,6122
12.072687166495108,14,3.0,-2234
12.072765661633087,6,6.0,7353
12.072809815648677,6,5.0,6257
12.072831835579745,6,1.0,7348
12.073317510826579,5,1.0,0
12.07376911270516,1,6.0,7932
12.074054417777283,7,2.0,6359
12.074153542128897,14,4.0,-2215
12.074187647175783,6,1.0,7696
12.074477120598043,7,2.0,6049
12.074483682090161,5,6.0,0
12.074860965210334,7,2.0,6925
12.075048783001659,1,6.0,7933
12.075091266190544,1,1.0,7934
12.075485545287185,2,38.0,7935
12.076653886313803,7,6.0,5327
12.076879688960421,6,3.0,7573
12.076899611948964,16,10.0,5043
12.076907280894607,7,11.0,7639
12.077008851353755,7,6.0,4881
12.077033618227384,1,1.0,7936
12.077134301565794,7,7.0,5171
12.077471496569986,7,2.0,5576
12.078111642778785,5,6.0,0
12.078500207435605,6,2.0,7520
12.078762534136967,16,1.0,1520
12.078787167974335,14,3.0,-2159
12.079650383124049,7,8.0,5577
12.080415805149036,17,4.0,-1834
12.080631535892783,14,1.0,-2744
12.080940994416295,8,8.0,6371
12.081384164046698,6,2.0,7412
12.081397432488233,13,4.0,-2799
12.082249446355323,13,2.0,-2644
12.082249446355323,17,2.0,-2644
12.082483640344817,1,1.0,7937
12.082590098469819,1,1.0,7938
12.082652569381986,13,2.0,-2884
12.082793332952825,14,1.0,-2309
12.083228443372594,7,1.0,6913
12.083241555336459,6,1.0,7810
12.0838203850995,5,5.0,0
12.083947294995532,7,2.0,6433
12.08445533892819,13,20.0,-2764
12.084494149651178,7,4.0,3462
12.084602730290056,6,2.0,7675
12.0854962142132,13,4.0,-2713
12.086157315919396,1,1.0,7939
12.086513991187722,6,3.0,4764
12.086985103976078,7,2.0,7068
12.087780735616834,1,1.0,7940
12.087819683436491,13,1.0,-2584
12.088071172735184,14,10.0,-2556
12.088071172735184,17,10.0,-2556
12.088153026517865,13,1.0,-2816
12.088802025486734,6,4.0,6991
12.08885670560008,9,1.0,3602
12.08888466254652,1,9.0,7941
12.088923586678586,5,13.0,0
12.089454506440786,7,2.0,7114
12.089565977822184,13,2.0,-2653
12.08962908622089,13,5.0,-2601
12.089838379327302,6,3.0,5917
12.089881268225952,10,57.0,5257
12.090127697548658,8,2.0,6860
12.09017303434985,13,2.0,-2148
12.09017303434985,17,2.0,-2148
12.090716489038817,13,1.0,-2619
12.090810743754005,13,2.0,-2989
12.091492222163803,13,1.0,-3053
12.091492222163803,17,1.0,-3053
12.091561027476638,14,1.0,-2436
12.09156351864577,7,2.0,6128
12.091665456149261,7,9.0,6971
12.091967895274339,16,6.0,3359
12.092126481503474,6,1.0,7339
12.092923921942614,9,39.0,3516
12.093084592257183,5,1.0,0
12.093373824650985,13,10.0,-2407
12.093718169057412,5,3.0,0
12.093743588801622,9,5.0,4259
12.094126782573989,6,3.0,6444
12.09444956858718,16,10.0,4020
12.095182658298418,5,4.0,0
12.095740091136484,17,11.0,-1079
12.09599387282209,14,4.0,-2625
12.0971715568278,17,1.0,-1655
12.097361461402208,6,6.0,7740
12.097514558546012,1,1.0,7942
12.098264262176125,5,2.0,0
12.09874079114941,113,52.0,-2437
12.098818629551559,5,1.0,0
12.099203191994015,7,14.0,5142
12.099263685703416,17,2.0,-2082
12.099310001525154,5,2.0,0
12.09937543403248,4,12.0,7943
12.099491411858779,13,4.0,-2504
12.09971164329072,7,6.0,5849
12.099982582195596,5,5.0,0
12.100162287838554,14,6.0,-2922
12.100647956574992,13,1.0,-2380
12.100777448615208,7,7.0,4972
12.101300596399982,1,1.0,7944
12.101422030054971,13,1.0,-3059
12.101642565323825,8,6.0,6042
12.101881176549336,1,6.0,7945
12.102152869751283,14,9.0,-2991
12.102385186814587,14,9.0,-3031
12.102493899500294,1,7.0,7946
12.103238511288811,6,3.0,7922
12.1033929057492,13,16.0,-2370
12.103429678362318,13,1.0,-2502
12.103508152979519,14,6.0,-2227
12.103582792106453,1,2.0,7947
12.103696845020272,13,3.0,-3115
12.104432557209925,7,55.0,133
12.104508411316006,6,1.0,5639
12.105166003132807,7,6.0,5267
12.105531717366626,14,2.0,-2240
12.105688474285943,13,1.0,-2704
12.106217794634357,7,2.0,3771
12.106607066285072,13,3.0,-2163
12.106839778820937,6,5.0,6866
12.107597017490493,14,42.0,-2636
12.107637273162917,14,4.0,-2598
12.10801265229015,13,14.0,-3056
12.108247774692181,13,1.0,-2638
12.108247774692181,17,1.0,-2638
12.108473467863197,6,1.0,5205
12.108894127337482,7,20.0,5837
12.109151695400124,7,15.0,3518
12.109983509219674,6,2.0,7795
12.109997173270498,1,3.0,7948
12.110613806174694,6,5.0,7769
12.111303202550951,13,14.0,-3105
12.111303202550951,17,14.0,-3105
12.11146414578962,5,1.0,0
12.111555997864945,13,3.0,-2384
12.111555997864945,17,3.0,-2384
12.111850953202765,7,3.0,6500
12.112238203523155,17,1.0,-1095
12.1132247751415,13,1.0,-2137
12.113398636610281,7,5.0,6250
12.11341692259121,6,2.0,7437
12.113670103360537,7,1.0,6797
12.113861219678059,6,3.0,7775
12.113955520442454,5,4.0,0
12.114086793487717,7,1.0,6175
12.114215924928873,7,6.0,7299
12.114338534865237,6,1.0,7723
12.114811266424121,7,3.0,5883
12.114936164318728,14,1.0,-2803
12.11498940635245,6,3.0,7709
12.114996625467,13,8.0,-2675
12.115180606066856,1,2.0,7949
12.115312457608994,13,1.0,-2841
12.115792810447278,2,1.0,7950
12.115923273371177,13,1.0,-2878
12.116570409571173,5,21.0,0
12.117002606699455,7,15.0,5459
12.117049331105216,7,4.0,7060
12.117203487620555,13,1.0,-2546
12.11733823034003,5,1.0,0
12.117670261210927,7,40.0,3183
12.118026455756679,13,1.0,-2244
12.118048919278394,6,2.0,7846
12.118265453487679,6,4.0,7744
12.118318890457454,9,3.0,6833
12.118774182157212,9,4.0,6865
12.11878412157014,13,3.0,-3013
12.118915769484628,13,5.0,-2843
12.118915769484628,17,5.0,-2843
12.119446190233642,6,15.0,7648
12.120083329278138,7,6.0,4863
12.120532108701106,6,16.0,6106
12.120535113468083,13,1.0,-2829
12.120535113468083,17,1.0,-2829
12.120583361824888,14,1.0,-2413
12.120822065888744,14,8.0,-2712
12.12109676861494,14,3.0,-2107
12.122095396970208,6,1.0,7780
12.122517566672048,6,5.0,2047
12.123490512685798,6,5.0,7127
12.123594667400347,17,3.0,-462
12.123699295174573,13,1.0,-2559
12.123753456679681,5,2.0,0
12.12424330954769,9,2.0,5938
12.12435021910761,13,1.0,-3060
12.12486769884951,9,4.0,3311
12.125091745566191,7,5.0,4869
12.12515578243261,13,33.0,-2161
12.125297361282808,7,3.0,6587
12.125418023556398,1,10.0,7951
12.125716385564713,13,3.0,-2814
12.127319310242767,14,3.0,-2788
12.127319310242767,17,3.0,-2788
12.127392940205587,7,1.0,6561
12.12794674506863,4,2.0,7952
12.128209315194736,6,17.0,7776
12.128350713326558,6,9.0,6583
12.128437699419038,14,3.0,-2599
12.128612312988006,17,1.0,-2043
12.128968977713793,14,57.0,-2122
12.129480155147204,13,3.0,-2439
12.12986423657271,5,5.0,0
12.130083341566946,5,1.0,0
12.130202614752502,13,3.0,-2606
12.130202614752502,17,3.0,-2606
12.130541920906225,13,2.0,-2536
12.130660125127038,7,2.0,4112
12.130776812544065,7,10.0,5484
12.131075992176,9,1.0,3335
12.131334302683712,13,4.0,-2395
12.131892585789393,5,7.0,0
12.132034288825343,6,10.0,7951
12.132855339453748,9,8.0,6194
12.134271159686653,7,2.0,4339
12.134388221563402,13,2.0,-2416
12.13516262233032,7,1.0,7391
12.135240618972372,6,4.0,7688
12.135337741447673,14,1.0,-2394
12.135533311090521,14,4.0,-2518
12.135552163911994,6,2.0,7699
12.135801228051008,14,5.0,-2530
12.135813634778405,9,6.0,6519
12.136064592678398,13,2.0,-2494
12.136064592678398,17,2.0,-2494
12.136331688440396,14,15.0,-3083
12.136686288772804,6,1.0,7659
12.137068301836342,5,1.0,0
12.137275276646344,5,4.0,0
12.137406607665838,13,4.0,-2307
12.137475377810905,5,1.0,0
12.137693280476535,9,5.0,6264
12.137780811188057,7,2.0,6224
12.137780811188057,16,2.0,6224
12.137889350034486,13,5.0,-2357
12.137889350034486,17,5.0,-2357
12.138095621228292,7,5.0,4676
12.13818852501731,8,6.0,6853
12.138319877882466,9,5.0,4577
12.139003101624413,13,4.0,-2462
12.139003101624413,17,4.0,-2462
12.139141616033953,5,4.0,0
12.13957388262828,13,12.0,-2721
12.13977269395424,13,1.0,-2421
12.13977269395424,17,1.0,-2421
12.140162508685837,7,3.0,5175
12.140193825435627,6,6.0,6843
12.14060735116918,7,1.0,6391
12.14072889389725,113,54.0,-2896
12.142433586699426,14,1.0,-2607
12.143469872540145,6,2.0,6726
12.143729831372555,7,29.0,4151
12.144028693433699,14,3.0,-2870
12.144107332851267,7,2.0,6159
12.144749061791028,9,2.0,3774
12.145420892933618,6,4.0,7818
12.145521511953511,7,1.0,4286
12.145527660630204,7,37.0,4480
12.14610506762971,14,3.0,-2126
12.146938469489626,7,1.0,6805
12.147044425152977,5,5.0,0
12.14743903025855,1,5.0,7953
12.14754823907107,1,2.0,7954
12.147688300349454,5,1.0,0
12.147971379937548,7,4.0,6934
12.148134214652558,5,3.0,0
12.148167169767902,5,3.0,0
12.14846016204438,5,2.0,0
12.149102491117041,1,3.0,7955
12.149138638818657,5,46.0,0
12.149176136616298,7,1.0,5507
12.149469567189438,5,2.0,0
12.149473512636959,13,1.0,-2801
12.149541917068447,14,2.0,-2652
12.149549173359652,7,27.0,2827
12.149704435489813,7,1.0,5253
12.149802128709357,14,1.0,-2918
12.149990397426404,7,1.0,4473
12.150051651029573,13,1.0,-2496
12.150281976026456,13,2.0,-2297
12.150298604568903,13,3.0,-2852
12.150298604568903,17,3.0,-2852
12.150443323267362,7,40.0,5990
12.151002299876138,6,3.0,7233
12.151099758640814,7,5.0,6514
12.151272506205157,13,2.0,-2361
12.151481748645631,17,1.0,-1260
12.152017924601022,5,3.0,0
12.152588639703977,6,2.0,6415
12.153063060178633,6,5.0,5289
12.153293598699374,7,3.0,6803
12.153407410660499,14,1.0,-2441
12.15347863732529,13,1.0,-3148
12.153618469668938,9,2.0,4689
12.1539703736704,16,4.0,1292
12.154210266356024,13,2.0,-3118
12.154427382707548,13,1.0,-3086
12.154447393554348,6,4.0,7641
12.154662995221301,14,2.0,-3134
12.154751089430667,6,6.0,7524
12.155078076098144,13,4.0,-2296
12.155078076098144,17,4.0,-2296
12.155114788867014,14,4.0,-2155
12.155319880039926,7,2.0,6263
12.155378092759872,6,3.0,7762
12.155440498211483,13,3.0,-2928
12.155440498211483,17,3.0,-2928
12.155522241648413,13,1.0,-2386
12.155624604972013,14,3.0,-2447
12.156176445538456,5,2.0,0
12.156192254562637,9,5.0,6199
12.156203274059635,7,1.0,4600
12.156416941771168,17,6.0,-1501
12.156523731551188,6,2.0,5998
12.15667352749897,7,5.0,4603
12.156790543478628,6,4.0,6765
12.156844775364545,5,5.0,0
12.157053294382688,9,2.0,7390
12.157441859939777,14,7.0,-2877
12.158008469644829,1,1.0,7956
12.158304850701859,6,7.0,7253
12.158473036567278,6,1.0,7940
12.158774175758579,1,3.0,7957
12.15888129967442,14,3.0,-2375
12.158910648830542,14,5.0,-2719
12.159000882016004,6,2.0,5753
12.159128183309425,5,10.0,0
12.159131125712186,1,1.0,7958
12.159693314171223,7,1.0,7109
12.159693314171223,16,1.0,7109
12.159862729867287,1,3.0,7959
12.160075713551784,13,3.0,-2826
12.160075713551784,17,3.0,-2826
12.161207713358927,13,1.0,-2800
12.161465366433418,11,44.0,5547
12.161911935823813,8,3.0,7921
12.162304375200085,13,3.0,-2610
12.162332637843866,7,3.0,7346
12.162622738273406,13,1.0,-2968
12.162730186165323,5,2.0,0
12.162858595911128,13,1.0,-2501
12.163096188642182,9,15.0,6316
12.163784834147062,16,9.0,1655
12.164014982783845,5,1.0,0
12.164707675125028,7,1.0,7177
12.164846651995394,13,1.0,-2777
12.164917036606031,6,2.0,7949
12.165003974118516,7,11.0,5789
12.165171465280661,9,1.0,5749
12.165226616240467,13,1.0,-3126
12.165872826575693,11,5.0,5795
12.1668068539133,8,3.0,7484
12.167721342225832,6,9.0,7941
12.167973329151517,13,1.0,-2782
12.168000573403548,113,23.0,-2153
12.168549951447496,6,4.0,5704
12.168855104110149,6,2.0,7838
12.171616595726436,7,3.0,7185
12.17161680648984,7,4.0,5773
12.17165713750617,5,3.0,0
12.171814081149101,13,3.0,-2758
12.17184099980284,113,40.0,-2685
12.171915962300417,7,8.0,3583
12.172464524851456,6,4.0,6077
12.173043688530992,14,2.0,-2813
12.17324066745028,11,49.0,7297
12.173377848376012,13,2.0,-3136
12.173377848376012,17,2.0,-3136
12.173742946749181,7,18.0,5735
12.173934845395511,7,6.0,3545
12.174308171795056,1,7.0,7960
12.174673790030074,6,14.0,5523
12.174744017504867,8,3.0,6451
12.175712850932614,1,2.0,7961
12.176335160658764,13,6.0,-2997
12.176335160658764,17,6.0,-2997
12.176712600745535,9,1.0,5411
12.176743169052875,13,5.0,-2623
12.177079804618728,8,1.0,5402
12.177274546793026,13,4.0,-2807
12.177699792383788,13,1.0,-2930
12.178344012081052,7,31.0,5582
12.178369751775033,4,21.0,7962
12.178404001456066,6,2.0,7797
12.178702358132181,6,3.0,6967
12.179330372442884,6,3.0,7959
12.179396020674226,7,1.0,4944
12.18020352805338,6,10.0,7238
12.180239414673377,5,2.0,0
12.180339421773859,6,11.0,3995
12.180926881311446,7,9.0,6707
12.181142405597832,5,1.0,0
12.181918121326868,7,2.0,5875
12.181968862081003,7,8.0,6499
12.181987272631417,13,2.0,-2820
12.18257192381482,9,1.0,6177
12.182598898149106,14,1.0,-2677
12.183169529910009,1,6.0,7963
12.18370274651127,13,4.0,-2339
12.183704608502032,6,4.0,7890
12.183773679902599,6,23.0,7236
12.18414884110501,7,6.0,4401
12.184275466176706,5,5.0,0
12.185164208904098,7,2.0,4211
12.185427925580235,13,1.0,-2417
12.185427925580235,17,1.0,-2417
12.186364885301883,13,2.0,-2483
12.186364885301883,17,2.0,-2483
12.186887147814385,6,1.0,7942
12.187024263244457,1,5.0,7964
12.189112056082385,6,7.0,7195
12.18936066299127,7,2.0,5666
12.189857572129764,7,6.0,2105
12.189982369247597,13,2.0,-3068
12.190151334385837,13,5.0,-3138
12.190151334385837,17,5.0,-3138
12.190431093223124,5,1.0,0
12.19113241244304,13,1.0,-2748
12.19113241244304,17,1.0,-2748
12.191959310492148,6,3.0,5991
12.192115575400646,5,2.0,0
12.192873058704397,1,4.0,7965
12.193304724106223,6,42.0,7900
12.19340921616632,7,4.0,4828
12.193434284244367,6,10.0,7666
12.193550434136434,7,1.0,5634
12.19472430997488,6,4.0,7510
12.194813203482314,6,3.0,4974
12.195258853913066,14,3.0,-2168
12.195729537061798,6,2.0,7227
12.195933704847436,13,1.0,-2992
12.196365808924016,1,2.0,7966
12.196684781312477,17,1.0,-896
12.196962351702627,7,3.0,3423
12.197543933403802,14,1.0,-2666
12.197543933403802,17,1.0,-2666
12.198276596147908,13,13.0,-2371
12.198550274315362,16,3.0,5878
12.198813171279037,7,3.0,3278
12.198835098254246,14,2.0,-3015
12.198835098254246,17,2.0,-3015
12.198874152915186,9,24.0,3362
12.199328420910026,8,3.0,5169
12.199846360946509,7,3.0,6309
12.200088936281649,1,2.0,7967
12.200554761146778,7,11.0,6438
12.200681026561218,1,6.0,7968
12.200696225261115,7,2.0,5135
12.200956371381254,7,1.0,7184
12.201029831081112,7,10.0,6935
12.202050869721036,7,1.0,6527
12.20252919226949,13,2.0,-2526
12.202725119545631,5,17.0,0
12.202957808107142,5,4.0,0
12.202976941602575,13,2.0,-2471
12.203019232587053,5,1.0,0
12.203322513707437,13,2.0,-2311
12.203322513707437,17,2.0,-2311
12.204155690835739,13,2.0,-2109
12.20452486893764,6,3.0,7653
12.20463466021622,7,2.0,7046
12.204977182238869,6,3.0,7515
12.205325494926276,14,4.0,-2919
12.20537680190676,1,2.0,7969
12.205537519147777,13,2.0,-2431
12.205537519147777,17,2.0,-2431
12.205766001464273,13,2.0,-2132
12.205766001464273,17,2.0,-2132
12.206177256893127,13,2.0,-3037
12.206177256893127,17,2.0,-3037
12.206300247135356,7,3.0,6894
12.206501501433221,1,1.0,7970
12.206533578562418,7,3.0,4034
12.206921360429112,7,1.0,5642
12.207495126246693,5,3.0,0
12.208078167916915,7,2.0,7421
12.208328716461327,7,1.0,6379
12.208549109820021,1,1.0,7971
12.208777894020773,6,12.0,7564
12.209024690909153,1,9.0,7972
12.209574363602512,13,1.0,-3123
12.210307203980394,9,3.0,3378
12.210589522902092,6,1.0,7794
12.211087353883613,5,3.0,0
12.211566080813808,7,2.0,7259
12.211888662468963,9,2.0,7188
12.212417853219856,14,3.0,-2797
12.212417853219856,17,3.0,-2797
12.213038937089447,17,2.0,-1603
12.213115360775593,13,42.0,-2323
12.213205776956753,13,4.0,-2333
12.213205776956753,17,4.0,-2333
12.213211713265947,5,4.0,0
12.213357479195604,7,1.0,5387
12.213559089553975,1,2.0,7973
12.2138866584508,6,1.0,7119
12.214142573876918,7,39.0,5881
12.214155620400824,9,12.0,4383
12.214155659520731,14,2.0,-2191
12.214155659520731,17,2.0,-2191
12.214602349078016,9,4.0,5810
12.214936486336532,13,2.0,-3030
12.21542140638374,9,2.0,5232
12.216068978987403,13,1.0,-3055
12.216068978987403,17,1.0,-3055
12.216174653031652,7,2.0,6937
12.216797112362784,5,1.0,0
12.21692542586615,10,7.0,7663
12.217020043032608,7,2.0,5580
12.218154142852939,7,16.0,4594
12.218193659857292,17,1.0,-2037
12.218351532731209,7,9.0,6622
12.2191881541462,8,32.0,6247
12.219357758272453,7,6.0,7142
12.219926817102765,6,2.0,7805
12.220352918970494,8,5.0,6942
12.220658751318528,7,34.0,3998
12.220784893549427,14,4.0,-2614
12.220850639586637,8,2.0,6658
12.221308985726354,9,3.0,6002
12.221494093324495,5,13.0,0
12.221524770208632,13,36.0,-2840
12.221543261053371,6,6.0,7214
12.221723823275916,13,2.0,-2900
12.222076271677366,17,7.0,-1768
12.222082772668195,14,1.0,-2315
12.222289429977208,6,13.0,7366
12.222461599034538,14,4.0,-2987
12.222522530383698,13,5.0,-2949
12.22256948690945,7,3.0,7235
12.222598663409316,5,7.0,0
12.222950180970717,7,4.0,4537
12.223166323124328,14,3.0,-2146
12.223742324354305,13,1.0,-2553
12.223984897006062,7,2.0,6597
12.223984897006062,16,2.0,6597
12.224135741141255,5,2.0,0
12.22413954774221,5,2.0,0
12.224952815278224,9,1.0,6043
12.225075308990485,7,5.0,4722
12.225213121011294,17,4.0,-1848
12.225317931599294,1,9.0,7974
12.225729228976125,13,2.0,-3039
12.22617559731984,13,2.0,-3019
12.226333799177588,7,37.0,6903
12.22636673536058,14,7.0,-2702
12.22713580589156,1,8.0,7975
12.227381408834649,9,2.0,6762
12.227580017517745,9,3.0,6287
12.228242230479514,7,3.0,4533
12.228858401493886,16,36.0,5783
12.22986435716186,13,3.0,-2281
12.22986435716186,17,3.0,-2281
12.230077348472905,13,11.0,-3085
12.230612256293925,14,5.0,-2605
12.230612256293925,17,5.0,-2605
12.231854556881986,7,2.0,5536
12.231856691427566,9,2.0,5438
12.232153688729328,6,1.0,7135
12.232532406409419,17,1.0,-1990
12.232559402771102,7,4.0,4424
12.232606053921836,7,6.0,7133
12.233014261587803,6,8.0,7615
12.23307855976968,7,5.0,6100
12.233091599315541,13,1.0,-2849
12.23329686620096,13,2.0,-2893
12.233499006372714,5,3.0,0
12.23406646147663,5,2.0,0
12.234115691064423,7,3.0,6070
12.234131076863598,6,8.0,7636
12.234743786216038,7,4.0,6057
12.23514721957634,6,1.0,7049
12.235633245052925,7,4.0,5498
12.23592151302546,5,2.0,0
12.236807201683133,14,3.0,-2667
12.23681933615622,7,2.0,4937
12.237145301410669,13,2.0,-3082
12.237683532422393,7,8.0,6473
12.237831655791416,14,1.0,-2661
12.237880861702319,5,1.0,0
12.23809924296547,1,4.0,7976
12.238378203223949,13,2.0,-3092
12.238630007181786,14,2.0,-2784
12.238999876299243,13,3.0,-2275
12.239268144537606,9,4.0,7144
12.239582474663338,7,1.0,6108
12.239678327194282,9,2.0,5506
12.240191005373534,13,2.0,-2379
12.240505274213845,8,3.0,4083
12.240674478929844,5,4.0,0
12.240680508454933,5,1.0,0
12.240888311579532,6,17.0,7817
12.240955271795984,5,29.0,0
12.241324199117281,13,1.0,-2954
12.241364190180965,5,1.0,0
12.241677522756476,6,4.0,7379
12.241789401947663,7,4.0,5133
12.242567633344265,7,6.0,7316
12.242702863395916,5,3.0,0
12.24302872420304,9,5.0,6085
12.243115129315909,13,2.0,-2810
12.24325983162139,6,4.0,7027
12.244947526780669,1,6.0,7977
12.245218628482737,14,2.0,-2569
12.245990402838814,13,10.0,-2680
12.246072366026633,5,2.0,0
12.246266093073961,8,1.0,6920
12.24656017225182,1,11.0,7978
12.246699198679616,14,57.0,-2267
12.246699198679616,17,57.0,-2267
12.24671153077144,13,1.0,-2454
12.246794782501988,8,30.0,7807
12.246944589495353,13,1.0,-2847
12.24711143018601,7,1.0,4680
12.247337537175417,5,1.0,0
12.247785263838935,6,2.0,7420
12.248217683076948,9,6.0,6853
12.248228236770634,13,1.0,-2564
12.248729243373752,8,2.0,4841
12.248841847293928,6,1.0,6804
12.249522602428822,1,2.0,7979
12.249560751594046,6,2.0,6909
12.249693764151997,13,1.0,-2802
12.250077916297183,14,6.0,-2627
12.250237278520434,6,1.0,6786
12.250366987833285,9,12.0,7435
12.250366987833285,16,12.0,7435
12.250513179520647,13,2.0,-2727
12.250513179520647,17,2.0,-2727
12.250625477444292,5,1.0,0
12.251089002541299,14,2.0,-2787
12.251279117664971,7,1.0,2661
12.251547588929478,13,1.0,-2760
12.251605820909562,6,1.0,7448
12.252144588581343,6,11.0,7751
12.252228927970384,7,1.0,6429
12.252932041725819,13,1.0,-2463
12.252932041725819,17,1.0,-2463
12.253209007123989,9,1.0,6468
12.253259906249859,1,4.0,7980
12.253294197206506,7,56.0,4335
12.253841298871874,6,8.0,6016
12.253848920003417,7,1.0,7189
12.254207885448062,13,3.0,-3104
12.254480897363786,5,2.0,0
12.254818902687626,5,2.0,0
12.255122384285304,5,4.0,0
12.255259249740648,9,2.0,6604
12.25565798363172,5,1.0,0
12.256424859612729,7,1.0,7154
12.257112116950822,13,1.0,-3103
12.257216622023755,8,10.0,7472
12.257494228579308,14,6.0,-2355
12.257494228579308,17,6.0,-2355
12.257749216002018,13,5.0,-2535
12.257753393974406,8,1.0,6932
12.258002354070884,7,1.0,6522
12.258709157083132,5,5.0,0
12.258776027587347,6,1.0,7915
12.25899027237474,5,5.0,0
12.259102389545488,5,1.0,0
12.259730382754691,1,1.0,7981
12.260147838905658,13,4.0,-2485
12.26049506472535,7,2.0,5705
12.261439644820866,15,8.0,-320
12.261672207735867,14,3.0,-2118
12.261788070108043,17,1.0,-1615
12.26205978823007,6,2.0,7708
12.26234775926772,13,1.0,-2889
12.262402942947222,13,2.0,-2664
12.263122377274001,17,2.0,-1352
12.263552567780788,6,8.0,7705
12.2637253233111,16,3.0,5839
12.26463150758064,8,2.0,7089
12.264678367487003,7,5.0,7381
12.265205709551925,13,1.0,-2657
12.265354341469182,5,5.0,0
12.265702041125595,5,4.0,0
12.265850280651254,14,7.0,-2837
12.265850280651254,17,7.0,-2837
12.2659077992734,7,4.0,6373
12.265940607146797,17,1.0,-1918
12.266666473939273,13,1.0,-2317
12.266666473939273,17,1.0,-2317
12.266725842258554,1,2.0,7982
12.267057642398061,6,1.0,7115
12.267082789673369,7,10.0,2270
12.267303967352834,14,1.0,-2474
12.26732470497757,9,9.0,5993
12.268192530133003,1,7.0,7983
12.269548417192475,5,4.0,0
12.269628329221076,13,1.0,-2230
12.269628329221076,17,1.0,-2230
12.270780775631323,7,5.0,6912
12.270789879639466,6,1.0,7779
12.270820092249972,13,2.0,-2368
12.272400070332823,13,5.0,-3058
12.273339359040113,13,1.0,-2624
12.273541577459502,7,4.0,2842
12.273905815406712,6,1.0,7806
12.2748527806892,17,2.0,-1261
12.274905822932647,9,2.0,7283
12.275598897407995,13,14.0,-2312
12.275598897407995,17,14.0,-2312
12.275629731724097,6,2.0,7826
12.276923607506973,13,1.0,-3067
12.276923607506973,17,1.0,-3067
12.277303699343886,7,56.0,1512
12.27741326606884,6,8.0,6404
12.27750950636483,7,1.0,5110
12.27750950636483,16,1.0,5110
12.277784676260028,13,2.0,-2186
12.277857873715702,13,1.0,-2344
12.278203311128449,1,1.0,7984
12.278354349385008,13,2.0,-2958
12.27848394874705,6,3.0,5436
12.278557399098553,9,5.0,4569
12.278779285219192,1,2.0,7985
12.27889925686613,6,1.0,7749
12.27905094317434,7,6.0,4344
12.27918216883704,4,49.0,7986
12.279495021085898,7,1.0,5986
12.280202015839773,13,2.0,-2695
12.280228924994475,7,27.0,5330
12.280237899988252,6,18.0,7163
12.280489344511674,6,9.0,7065
12.281095846119625,7,46.0,2686
12.281233063066523,5,1.0,0
12.281724079887471,17,4.0,-751
12.282967001140193,14,1.0,-3063
12.283212485047121,5,1.0,0
12.283984580543398,9,1.0,6246
12.284095629258475,5,1.0,0
12.284615239332561,7,12.0,6414
12.284930534996523,7,52.0,5451
12.284958973509008,6,1.0,7766
12.2849943429367,4,5.0,7987
12.285862951670234,4,1.0,7988
12.28595089398359,13,6.0,-2993
12.285962998789165,6,4.0,7157
12.28630095277614,6,2.0,7416
12.286412947931488,5,5.0,0
12.286876097149742,6,4.0,7679
12.2869186284574,7,49.0,3905
12.28697330337475,13,2.0,-3130
12.287101636586293,6,1.0,7334
12.2872233403657,6,2.0,7736
12.287813041588034,7,1.0,5359
12.287860339923009,7,4.0,5985
12.288154607699086,6,1.0,6985
12.288518479529479,7,3.0,5942
12.288573810001067,13,2.0,-2892
12.288620703043101,7,9.0,3018
12.288681579182951,6,7.0,7687
12.28952186749643,7,10.0,6370
12.289606202892703,13,1.0,-2406
12.289606202892703,17,1.0,-2406
12.289984928016112,7,13.0,4858
12.289986476819221,9,1.0,2573
12.29039762832337,13,1.0,-2516
12.29039762832337,17,1.0,-2516
12.290501871171184,6,3.0,7843
12.291547224536947,13,1.0,-2978
12.291849996037632,6,7.0,6601
12.292126630808694,13,8.0,-2568
12.292433034306725,7,5.0,6810
12.29244910879075,6,9.0,7974
12.292614202516758,13,1.0,-2586
12.292866877520126,7,2.0,5469
12.292928009646532,13,12.0,-2733
12.293732864804644,7,2.0,6683
12.293850967280497,7,2.0,7403
12.29387725906042,7,6.0,6620
12.294490155749937,14,1.0,-2818
12.294569564201943,14,1.0,-2574
12.294621625317186,5,4.0,0
12.294782903220506,1,1.0,7989
12.294925537586268,13,1.0,-2418
12.294988406792104,2,40.0,7990
12.295134628557896,7,4.0,4758
12.29522174030609,7,5.0,2069
12.295235518840315,9,2.0,4111
12.295775866981998,6,1.0,5721
12.295960746409603,14,1.0,-3049
12.296257557050868,13,11.0,-2684
12.29632595407908,7,12.0,4916
12.296438699518578,13,5.0,-2676
12.296550155869257,7,29.0,5709
12.297150222285929,6,3.0,7844
12.297214203778516,7,13.0,7146
12.297353370639094,7,6.0,6090
12.297383530189382,14,2.0,-2861
12.297740212095759,5,12.0,0
12.298167622853986,14,3.0,-2854
12.298174517801876,9,4.0,2725
12.298457114204256,16,4.0,1446
12.298596470560149,8,2.0,6963
12.298862091334088,6,1.0,7904
12.298955761163679,1,3.0,7991
12.299028675520823,6,7.0,7702
12.299253773821253,8,20.0,4114
12.299572854280818,1,8.0,7992
12.300649285282413,7,2.0,6187
12.301196967438976,1,2.0,7993
12.301384706236082,7,3.0,646
12.301534071629005,14,7.0,-2672
12.301561284587265,13,16.0,-2247
12.301649251430968,7,6.0,7138
12.30190777179518,5,10.0,0
12.302126946591521,7,46.0,5579
12.30221676982327,6,7.0,5754
12.302237882953829,13,1.0,-2700
12.302997427392153,13,2.0,-2947
12.30305929359897,7,13.0,5210
12.303629201523268,7,2.0,4197
12.303629201523268,16,2.0,4197
12.303776900267993,14,2.0,-2920
12.303776900267993,17,2.0,-2920
12.304005420923955,6,17.0,5470
12.30441719271222,17,1.0,-272
12.304477106535598,8,4.0,7510
12.304515896895172,14,6.0,-2222
12.304841538368855,6,2.0,7967
12.30504384365285,6,5.0,6656
12.305224679126873,13,2.0,-3084
12.305242361228109,7,9.0,7548
12.305254511732493,6,5.0,7516
12.306036604684506,14,1.0,-2976
12.306036604684506,17,1.0,-2976
12.306099797311361,5,4.0,0
12.306230975784043,4,25.0,7994
12.306424833965437,5,4.0,0
12.30654440657304,6,1.0,7255
12.3067175567858,13,3.0,-2683
12.306902833431444,13,1.0,-2331
12.306902833431444,17,1.0,-2331
12.307413269175205,7,3.0,5644
12.30844855693428,7,5.0,5501
12.308465895221465,14,1.0,-3094
12.308754926181798,10,34.0,7735
12.30895407332665,13,1.0,-2160
12.30895407332665,17,1.0,-2160
12.309140483697625,13,2.0,-2851
12.309140483697625,17,2.0,-2851
12.309327820212935,6,2.0,7867
12.309449507078453,13,4.0,-2487
12.309484237460019,13,7.0,-2937
12.309709927569271,1,4.0,7995
12.309759768323794,6,1.0,7400
12.309876259392746,14,1.0,-2776
12.309902623789387,14,8.0,-3140
12.309999627197035,13,13.0,-2927
12.309999627197035,17,13.0,-2927
12.310292829682918,13,7.0,-2948
12.310292829682918,17,7.0,-2948
12.31058243799877,5,1.0,0
12.31085382226281,8,1.0,6832
12.31091908682174,14,5.0,-2455
12.311102018068036,14,4.0,-3145
12.311104139694894,1,4.0,7996
12.311328225257709,13,1.0,-2745
12.311355074925475,7,10.0,4991
12.311548873073816,1,13.0,7997
12.311584763460575,7,1.0,6535
12.311657063985356,4,3.0,7998
12.3117862925982,9,2.0,6963
12.312412890404175,13,3.0,-2765
12.312836250185466,17,3.0,-2054
12.31287703897105,5,6.0,0
12.3129751087432,7,3.0,6712
12.313116507245024,13,2.0,-2891
12.313204061191566,6,22.0,5830
12.313247273417774,14,4.0,-2859
12.313247273417774,17,4.0,-2859
12.313374506450094,13,4.0,-2115
12.313634857952511,7,4.0,5818
12.313715382455706,1,5.0,7999
12.313890932747007,1,2.0,8000
12.313927433356046,7,1.0,6105
12.314308605538379,5,2.0,0
12.315058084173094,7,6.0,6613
12.315133323720415,7,2.0,7501
12.315240369713582,6,2.0,7845
12.315291045060007,6,3.0,6598
12.315368662434025,1,5.0,8001
12.315439155022764,6,12.0,5575
12.315860651469928,7,6.0,1931
12.315875505575676,13,4.0,-2150
12.316188947335604,8,11.0,7798
12.316302330951357,7,5.0,4547
12.316847260147107,14,1.0,-3027
12.317273467432118,13,5.0,-3050
12.317320880813314,7,7.0,7190
12.317412757352427,5,2.0,0
12.318231439943457,14,1.0,-2828
12.318481465119607,7,9.0,2240
12.31851038141681,14,3.0,-3061
12.31851038141681,17,3.0,-3061
12.318613952035454,9,11.0,7446
12.319287518563302,7,2.0,7134
12.319287518563302,16,2.0,7134
12.319449678825393,7,2.0,5671
12.320027692635303,13,3.0,-3006
12.320027692635303,17,3.0,-3006
12.32011235768845,6,10.0,7407
12.320315060141638,14,8.0,-2838
12.320315060141638,17,8.0,-2838
12.320518554859648,9,3.0,4484
12.320567336952758,17,2.0,-2007
12.320955607039814,8,3.0,5163
12.32096621024567,13,1.0,-2262
12.32096621024567,17,1.0,-2262
12.321249537840039,1,7.0,8002
12.321404938717643,6,16.0,6528
12.321724253841362,12,42.0,7799
12.322018699823106,14,26.0,-2324
12.322685697399223,13,3.0,-2647
12.323050226640394,1,1.0,8003
12.323611610331971,13,5.0,-2304
12.323611610331971,17,5.0,-2304
12.323925802281769,9,2.0,5134
12.324463240892454,7,5.0,5863
12.324848982007683,6,5.0,7953
12.32525869101417,9,8.0,4921
12.32543787596523,5,1.0,0
12.325599476861893,13,1.0,-2811
12.326593260315992,13,18.0,-2165
12.326632194732857,1,1.0,8004
12.32706260065025,6,6.0,7931
12.327092535653296,7,12.0,5245
12.327119266911723,13,1.0,-2184
12.327119266911723,17,1.0,-2184
12.327287873803915,14,29.0,-2402
12.32774131261768,6,4.0,7349
12.328193921857075,6,2.0,7469
12.328276453475878,6,7.0,6612
12.328467847150602,1,3.0,8005
12.329088937377424,7,11.0,3892
12.329188440769471,13,3.0,-2754
12.329300679207781,9,19.0,4733
12.329824097280706,1,2.0,8006
12.330066232629314,13,2.0,-3033
12.330102523454611,13,1.0,-3065
12.330267207649417,13,1.0,-2616
12.330590387850854,8,14.0,5593
12.330676010510487,7,6.0,4545
12.33070839381223,13,3.0,-3052
12.330999673359193,6,1.0,7813
12.331410779152245,6,1.0,7427
12.33198979669185,1,3.0,8007
12.332108385794925,6,1.0,7570
12.332235004438873,6,6.0,7932
12.332391160962706,6,1.0,7944
12.332561164908107,6,1.0,7981
12.332929007597347,17,24.0,-35
12.332997479083712,7,1.0,6859
12.33310605800617,14,4.0,-2723
12.333899711765422,5,4.0,0
12.334130549659157,7,9.0,7276
12.334159137964393,5,4.0,0
12.33427933607389,9,4.0,5699
12.334340518167302,13,6.0,-2136
12.334607501843934,6,7.0,5061
12.335385147138384,5,2.0,0
12.336113007311743,11,59.0,7692
12.336392383711532,1,3.0,8008
12.336490802974605,13,4.0,-2405
12.336490802974605,17,4.0,-2405
12.336529232139247,6,6.0,7870
12.336637083662815,7,4.0,7081
12.336788014369551,7,8.0,6729
12.337197619498204,7,5.0,5349
12.337325762070442,13,1.0,-3009
12.337882254963581,13,3.0,-2270
12.338006165316997,5,3.0,0
12.338751211138375,7,2.0,4458
12.339124040821995,13,1.0,-2252
12.339653536387202,9,3.0,5463
12.33974707167938,13,2.0,-2717
12.33974707167938,17,2.0,-2717
12.340007839305361,14,2.0,-2769
12.341582984812339,5,8.0,0
12.341666458584765,7,1.0,7033
12.3417322028437,13,2.0,-2539
12.341899903978616,7,3.0,7429
12.341997546625826,6,11.0,7700
12.34234407210218,14,26.0,-2655
12.342387135680838,7,15.0,6782
12.342547990599682,6,2.0,7903
12.343055029993227,7,3.0,3875
12.343584447914763,13,1.0,-2497
12.344937218792529,5,2.0,0
12.345004983216702,14,1.0,-2890
12.345175706357121,14,4.0,-2203
12.345641995317418,13,22.0,-2545
12.345693763867523,7,2.0,6486
12.3457083945708,5,2.0,0
12.345710222090124,14,6.0,-2246
12.345792623074075,13,2.0,-2478
12.34583219841215,1,8.0,8009
12.346580350962217,14,4.0,-3090
12.346580350962217,17,4.0,-3090
12.347354760133491,6,2.0,6461
12.34863315035596,14,11.0,-2288
12.34863315035596,17,11.0,-2288
12.349007842069689,7,2.0,7618
12.34951712508951,7,2.0,6104
12.349940549334374,6,5.0,7077
12.350222108261047,6,7.0,7274
12.35032782119904,13,1.0,-2300
12.35032782119904,17,1.0,-2300
12.350328382427596,6,5.0,7964
12.35034871787412,6,5.0,7294
12.351411467419458,13,2.0,-2110
12.351928966986682,4,6.0,8010
12.353320108750072,5,3.0,0
12.353334728831785,7,33.0,3048
12.353384827320149,5,2.0,0
12.353923113673856,1,4.0,8011
12.353939386409081,113,59.0,-2142
12.35410392120816,6,2.0,5578
12.354471372605035,5,6.0,0
12.355672222425024,14,6.0,-2689
12.355753247870929,7,1.0,6695
12.356152847612469,5,10.0,0
12.356297882363306,17,1.0,-173
12.356459980086715,6,2.0,3296
12.356878320848034,7,5.0,3978
12.35729952840145,5,1.0,0
12.357867899669483,14,2.0,-2914
12.357867899669483,17,2.0,-2914
12.358466567526712,7,5.0,5973
12.35934887017545,13,4.0,-3034
12.3601638942581,7,29.0,3962
12.36028518586931,7,2.0,6018
12.360908907263628,6,3.0,6418
12.361041262884308,13,1.0,-2335
12.36118854104502,5,2.0,0
12.361634083606107,6,9.0,5439
12.361760627926955,7,1.0,4816
12.362151110913961,14,2.0,-2410
12.362459446011146,13,11.0,-2646
12.362493819379555,17,2.0,-490
12.362751725045008,17,1.0,-1591
12.363083546242567,7,5.0,7148
12.363580032016946,6,3.0,7044
12.364076533296412,7,14.0,762
12.364212509109967,5,8.0,0
12.364214847348167,7,4.0,5385
12.364867751104535,6,3.0,7894
12.365107401018124,7,2.0,6614
12.365174849637075,5,1.0,0
12.365704760719183,5,4.0,0
12.366272420410038,8,41.0,6248
12.366492683414194,13,5.0,-2464
12.367740589952332,14,3.0,-2145
12.367855561004477,14,27.0,-2269
12.368553401252797,14,7.0,-2984
12.368553401252797,17,7.0,-2984
12.368665078562652,14,1.0,-2962
12.368665078562652,17,1.0,-2962
12.368833202447002,7,5.0,5689
12.36895498945873,5,4.0,0
12.369807677728502,7,1.0,5420
12.370253677171986,4,2.0,8012
12.370301202647438,7,2.0,7507
12.371090282819095,6,17.0,7665
12.371184943547147,13,1.0,-2347
12.371184943547147,17,1.0,-2347
12.37174028085214,6,6.0,7963
12.37204810936607,3,3.0,8013
12.372206169021016,6,1.0,7672
12.37264344520205,1,7.0,8014
12.372665368863323,6,1.0,6855
12.373712289442663,7,2.0,5069
12.373780118933396,7,2.0,7221
12.373880803616746,7,1.0,6983
12.374422481906125,6,2.0,7039
12.374850451873995,5,1.0,0
12.375058249613776,6,2.0,7689
12.375276634983294,10,21.0,7962
12.375357547887358,1,1.0,8015
12.37545508221483,6,3.0,7991
12.37574363224456,9,3.0,3745
12.376183094260247,7,3.0,5778
12.376649050100117,9,2.0,4493
12.37697654454577,14,16.0,-3008
12.377334750700875,13,8.0,-2290
12.377386615525896,5,3.0,0
12.377672186042439,13,1.0,-2451
12.377672186042439,17,1.0,-2451
12.37772447341772,1,2.0,8016
12.378209526327822,7,4.0,7453
12.378293129222344,2,25.0,8017
12.378304227209865,14,3.0,-2393
12.379120237939665,1,2.0,8018
12.3793654375537,14,1.0,-2658
12.379540135203062,16,59.0,1390
12.379973936293855,5,5.0,0
12.380088102194094,14,1.0,-2206
12.380092719961247,6,2.0,7695
12.380831110659322,9,6.0,3610
12.381421449656706,13,14.0,-2571
12.381578621356246,13,1.0,-2587
12.381731402365206,13,1.0,-2316
12.38176449715115,7,1.0,6230
12.381800997668867,5,2.0,0
12.38188111576048,10,13.0,7842
12.3818926576844,8,1.0,7594
12.381896876910817,6,2.0,7979
12.382067447874725,1,3.0,8019
12.382684282877033,7,2.0,4412
12.383032941967933,5,6.0,0
12.38305708777721,1,5.0,8020
12.384886450088832,7,4.0,6493
12.384929797771079,5,1.0,0
12.38509451365438,17,6.0,-1238
12.385133031759676,6,8.0,6845
12.385535243088484,5,4.0,0
12.385730643703706,1,2.0,8021
12.386215151591113,6,5.0,7721
12.386702142196672,13,2.0,-2724
12.386728122353718,13,1.0,-2391
12.387021205602942,1,2.0,8022
12.387155756567864,7,3.0,2475
12.387365715879877,6,4.0,7995
12.38757761721052,6,3.0,7545
12.388579109778037,8,4.0,6290
12.388580793000306,13,2.0,-2176
12.388751722066052,16,39.0,610
12.388925345565319,13,2.0,-2529
12.389517747533459,13,2.0,-2143
12.3895314976704,6,3.0,7630
12.389550867437695,7,8.0,6243
12.39002974137395,5,3.0,0
12.390174344729894,1,2.0,8023
12.390550689109475,7,1.0,6822
12.390746615631132,1,5.0,8024
12.390784619829116,9,1.0,5293
12.390784619829116,16,1.0,5293
12.390801605865585,14,7.0,-2641
12.391015298002449,13,2.0,-2714
12.391157689402164,14,2.0,-3137
12.391541897629356,5,1.0,0
12.391755871976239,6,1.0,7989
12.391824142124353,14,4.0,-2774
12.39210090499136,7,5.0,7341
12.39242997771342,7,3.0,6337
12.393573862191216,7,2.0,6756
12.394089603207375,1,7.0,8025
12.394118237965118,5,1.0,0
12.394209775750609,5,3.0,0
12.394410187541048,6,3.0,7001
12.394588894719076,113,43.0,-2322
12.394746416840658,6,12.0,7285
12.395189968941532,6,1.0,7971
12.395247004099302,7,3.0,5974
12.396419032284447,1,3.0,8026
12.396576464163353,5,12.0,0
12.396943034987855,7,4.0,6165
12.39702462412917,10,42.0,7598
12.397269726390945,6,4.0,6578
12.397287994502754,7,4.0,6534
12.397450873850685,7,16.0,3237
12.397848418977008,9,52.0,3836
12.398051959802155,14,1.0,-2662
12.39868392448536,6,18.0,6366
12.39881909106823,9,13.0,3591
12.399462590530959,1,1.0,8027
12.399642681620728,7,1.0,6548
12.400281018764323,6,2.0,7256
12.40074842689017,6,8.0,7859
12.401561594196826,6,2.0,8021
12.401925979565572,113,59.0,-2637
12.402041634951647,13,1.0,-2475
12.402296942042087,7,12.0,6339
12.402557040948516,13,7.0,-2617
12.40258704108676,6,2.0,7966
12.402819569685994,7,4.0,5064
12.402852030119018,8,3.0,7491
12.403212393352693,9,18.0,4850
12.403708302382233,14,6.0,-2682
12.403708302382233,17,6.0,-2682
12.403893985046707,8,2.0,4232
12.404294150623105,14,2.0,-2778
12.405580624260535,8,1.0,7191
12.4059340856285,6,4.0,7633
12.406025295402795,7,6.0,7546
12.406203331824136,5,2.0,0
12.406851620846773,13,1.0,-2472
12.406948680139912,1,1.0,8028
12.407300751991498,14,2.0,-3011
12.407321140558704,6,5.0,7814
12.407420113881024,5,4.0,0
12.407463147311303,7,4.0,6806
12.407558061117937,14,1.0,-2759
12.407558061117937,17,1.0,-2759
12.407936083422104,16,52.0,2542
12.40837590891381,17,1.0,-423
12.409131285810743,9,1.0,5929
12.40960787280088,5,7.0,0
12.409764783938087,13,2.0,-2426
12.410464698765118,8,11.0,5834
12.410796760818949,13,1.0,-2932
12.410796760818949,17,1.0,-2932
12.411392195793233,1,3.0,8029
12.411396054311492,7,37.0,5925
12.411441315505126,1,3.0,8030
12.411447430866755,13,1.0,-2299
12.411539591774217,7,6.0,7097
12.411708758193075,6,4.0,7617
12.411973243905894,1,4.0,8031
12.412078288957762,13,1.0,-2111
12.412455694269596,7,7.0,5996
12.413122274742875,9,13.0,3049
12.413479148784791,5,4.0,0
12.413687874084324,9,30.0,6152
12.414502631463137,8,15.0,4799
12.41464713107584,6,3.0,7957
12.414680222263252,13,3.0,-2670
12.414680222263252,17,3.0,-2670
12.414846613118831,13,4.0,-2973
12.41504696887642,6,6.0,7385
12.415183806370315,13,1.0,-2812
12.41555147975317,13,1.0,-2789
12.415669265112824,6,4.0,7909
12.415895584566048,7,2.0,4511
12.415907856232474,13,2.0,-2241
12.41606373479113,7,1.0,5085
12.41630012177385,5,2.0,0
12.416302193207116,13,1.0,-2434
12.416476479579272,14,1.0,-2648
12.416619818229435,13,2.0,-2785
12.41698051404585,6,34.0,6463
12.418099612746728,13,21.0,-2231
12.418615169761441,1,2.0,8032
12.41883283955391,13,1.0,-2907
12.418975095605138,7,9.0,5132
12.418975095605138,16,9.0,5132
12.419167018189361,5,3.0,0
12.419263760112392,7,15.0,2900
12.421585043526987,14,2.0,-2503
12.421777200873924,7,29.0,7037
12.422344795564793,1,12.0,8033
12.423189282082555,7,1.0,7358
12.423202643987636,14,2.0,-2218
12.423345692329349,7,3.0,6691
12.423574538197121,9,3.0,6228
12.423801923345815,13,4.0,-2202
12.424260413859574,13,8.0,-2985
12.424768511414714,13,10.0,-2245
12.42482208128112,14,2.0,-3044
12.424894237419446,7,5.0,5812
12.425324309320496,6,4.0,7902
12.425546105673936,7,6.0,5926
12.425882254127885,16,1.0,159
12.426020271395055,7,7.0,6027
12.42640118794407,14,3.0,-2650
12.426401265587133,6,2.0,7485
12.42649402543626,7,2.0,5478
12.426842968591735,7,6.0,7096
12.42720294468727,8,3.0,7470
12.428003334279998,13,5.0,-2399
12.428667259418301,17,2.0,-937
12.428963640397733,5,4.0,0
12.429022943550386,13,1.0,-2258
12.429345250103118,7,3.0,7360
12.43058108220528,6,2.0,7424
12.430893884440156,7,12.0,6395
12.431244324198268,7,7.0,2480
12.431461002854988,1,2.0,8034
12.431500511928723,14,3.0,-2905
12.432453656601917,7,43.0,1150
12.433181267078563,5,2.0,0
12.433314972116179,14,4.0,-3074
12.433314972116179,17,4.0,-3074
12.433727953699185,13,1.0,-2291
12.433840419205254,13,4.0,-2220
12.434350751836622,7,1.0,5596
12.434507500826022,7,3.0,7450
12.435518260844951,13,5.0,-2216
12.435518260844951,17,5.0,-2216
12.435699172696728,13,4.0,-2942
12.435699172696728,17,4.0,-2942
12.435713742629542,113,51.0,-3127
12.43660311998844,7,2.0,6802
12.436650647548731,7,3.0,2860
12.436795387891179,14,2.0,-2533
12.436858497950764,1,2.0,8035
12.437384528198162,13,2.0,-2740
12.437384528198162,17,2.0,-2740
12.437751089392169,6,9.0,4877
12.438195530934186,13,2.0,-2179
12.438210470970715,13,4.0,-2438
12.438531886099788,8,5.0,6211
12.439345141803178,13,2.0,-2935
12.439588859942997,9,2.0,5461
12.439654117299519,13,3.0,-2212
12.43979911721812,7,7.0,4608
12.440056296855223,5,2.0,0
12.440279067050339,6,5.0,7999
12.440573077501911,8,2.0,6025
12.44086326867313,16,9.0,3132
12.441229257694028,4,5.0,8036
12.441529050063107,13,1.0,-2449
12.44165953057444,13,2.0,-2926
12.44165953057444,17,2.0,-2926
12.442182352838774,5,7.0,0
12.44255927368202,13,1.0,-2635
12.442599323336134,17,8.0,-748
12.44289074083657,1,1.0,8037
12.443471752191307,7,4.0,6813
12.443806157542284,7,2.0,3461
12.443836203985677,14,8.0,-3021
12.443887315203002,7,1.0,7327
12.443887315203002,16,1.0,7327
12.444919412296755,7,18.0,5497
12.446077840324893,14,2.0,-3073
12.446408771910194,13,6.0,-2966
12.446587887364016,1,2.0,8038
12.447113869711792,7,2.0,7409
12.447208148313614,13,12.0,-2585
12.447222148330166,6,5.0,6728
12.447407657952374,7,1.0,6968
12.447731325660193,9,10.0,7472
12.448365726935076,7,2.0,3214
12.448515423243478,9,5.0,5959
12.448784639743499,13,5.0,-2432
12.449689031631033,7,2.0,5015
12.450280608983396,7,1.0,4902
12.450316673847603,13,3.0,-2959
12.450318453804423,13,2.0,-2853
12.450433811729614,17,1.0,-913
12.45049810259154,8,4.0,7093
12.450742945029226,13,4.0,-2229
12.450775363618007,6,4.0,6281
12.450958777203615,14,7.0,-3070
12.451562138620956,14,7.0,-2806
12.452010820968438,7,21.0,3952
12.452396796697412,1,4.0,8039
12.452633460595331,7,1.0,7303
12.452645943576279,113,59.0,-2969
12.452778644342635,14,2.0,-2752
12.453209760348718,1,2.0,8040
12.453592967396478,7,5.0,4345
12.453974452539025,14,5.0,-2809
12.454169196660878,14,3.0,-2385
12.454329688351963,8,9.0,5641
12.455222184364523,13,1.0,-2188
12.455893241277096,6,2.0,7724
12.456119427698225,5,3.0,0
12.456146238094297,7,3.0,4436
12.456476179351226,13,6.0,-2321
12.457304931396788,7,3.0,6255
12.457443176310347,5,1.0,0
12.459012016452188,6,1.0,7950
12.459746795942849,6,3.0,4642
12.460078601494343,7,3.0,7101
12.460322001926317,13,3.0,-3122
12.460487218375745,13,1.0,-2583
12.460607639988513,7,5.0,7369
12.460686228568928,13,3.0,-2328
12.460796866588367,7,1.0,6661
12.46085920657926,13,2.0,-2578
12.46108435093015,113,33.0,-2140
12.461871668757443,14,2.0,-2705
12.462068730820596,7,8.0,7009
12.462310005383268,7,2.0,6677
12.46256033889056,14,2.0,-2908
12.462590034597154,17,3.0,-685
12.462994858580352,7,1.0,7684
12.463406401106877,7,1.0,4876
12.463894040374583,13,4.0,-2507
12.464178655611407,8,3.0,5221
12.464655938967006,6,1.0,7473
12.464868465026127,8,4.0,4768
12.464951099248585,6,9.0,7330
12.465258284765918,7,2.0,5524
12.46532558059152,13,1.0,-2527
12.465558894569332,13,2.0,-2157
12.465665302578932,13,2.0,-2117
12.465674304928788,13,2.0,-2961
12.465674304928788,17,2.0,-2961
12.465711209632417,7,1.0,6222
12.466817532244553,7,2.0,6335
12.466952156179241,7,2.0,5731
12.467004769348769,1,2.0,8041
12.467005600723168,14,7.0,-2612
12.467282233255585,13,1.0,-2953
12.468654930494917,17,2.0,-1485
12.469418777873825,13,2.0,-2960
12.470088200599431,7,11.0,6386
12.470501354002076,13,3.0,-2815
12.470501354002076,17,3.0,-2815
12.47050189610106,17,2.0,-1969
12.470778093636248,6,2.0,7003
12.470813429066022,6,3.0,5404
12.471723124806141,7,2.0,7121
12.471737520255296,5,1.0,0
12.471814871234935,13,2.0,-2292
12.471895235474879,5,4.0,0
12.472502423340277,7,7.0,6586
12.472877076478163,14,37.0,-2817
12.47288183212792,7,7.0,6657
12.473110812347645,5,1.0,0
12.473120829343067,13,1.0,-2499
12.474206750033373,13,1.0,-2990
12.474793813783279,7,1.0,7439
12.474840832160382,7,1.0,6305
12.474938862953787,7,2.0,5649
12.475500874967246,14,9.0,-2999
12.475500874967246,17,9.0,-2999
12.476041942441803,5,1.0,0
12.476077344708589,6,6.0,6347
12.476312576153276,7,1.0,6084
12.476735450436264,5,16.0,0
12.477081081383181,10,19.0,7897
12.477204956606245,6,1.0,7364
12.477590985864893,14,1.0,-2409
12.477711944896809,5,1.0,0
12.478249193125801,14,1.0,-2414
12.478436915651567,14,2.0,-2521
12.478523935395941,13,1.0,-2686
12.479362498143534,1,4.0,8042
12.479442007477504,7,9.0,6466
12.480064159692567,6,1.0,7839
12.481282975709716,6,1.0,7876
12.481423014412501,9,5.0,7006
12.481770108208586,14,5.0,-3071
12.481838828606557,7,5.0,5033
12.481849368582033,5,5.0,0
12.482009243705011,16,4.0,4870
12.482080174409601,1,3.0,8043
12.48250834491568,14,1.0,-2495
12.483151747226872,14,7.0,-2590
12.483174595609675,9,1.0,6580
12.483336029293804,7,14.0,5231
12.484595913308668,14,3.0,-2693
12.484753549752567,7,4.0,4306
12.484846257821193,7,1.0,5174
12.485564867182887,7,2.0,7284
12.485575026765384,14,2.0,-2411
12.48579654686869,13,7.0,-2868
12.48579654686869,17,7.0,-2868
12.485834197129854,1,1.0,8044
12.485850711749398,13,1.0,-2749
12.486058762641157,7,5.0,4795
12.486325796214317,6,1.0,6437
12.486345178966527,16,6.0,1190
12.486407290518661,11,2.0,7201
12.486482520184696,13,1.0,-2217
12.487292275746494,6,4.0,7895
12.487402377975974,14,2.0,-2894
12.487680625528784,7,7.0,6420
12.487804881260146,13,1.0,-2343
12.487804881260146,17,1.0,-2343
12.487838607014522,6,1.0,7841
12.488454007173095,13,2.0,-3003
12.488801671372055,13,1.0,-2389
12.488894522239987,7,24.0,6533
12.489752659527992,13,3.0,-3152
12.489893665795634,14,10.0,-2579
12.489893665795634,17,10.0,-2579
12.490188890401527,7,4.0,7304
12.490469692981012,9,6.0,7455
12.490779855563392,1,2.0,8045
12.491188514667925,7,5.0,6028
12.491282589901912,17,3.0,-795
12.491292602750896,9,3.0,7082
12.491451573175482,14,1.0,-2412
12.491677137945251,9,1.0,6832
12.49177731065913,7,2.0,5532
12.491970633703342,7,6.0,3140
12.492263450882163,6,4.0,7426
12.492574164580834,14,1.0,-2467
12.493062437651568,14,2.0,-2836
12.493139999737167,7,1.0,6647
12.49492828929403,6,3.0,7645
12.49499217567127,16,48.0,1629
12.494992940199658,14,3.0,-2420
12.495073381505033,1,6.0,8046
12.496585747323923,7,19.0,5348
12.49664104368615,5,2.0,0
12.497410761318731,5,2.0,0
12.497421441956654,7,2.0,3024
12.497844028484545,7,3.0,6564
12.498039579048534,6,13.0,1985
12.498501329992674,9,3.0,7471
12.49870260703462,7,15.0,6302
12.499326295674253,13,2.0,-2528
12.499437340350454,6,17.0,7150
12.4995554145668,9,1.0,4778
12.499584032048176,7,2.0,7122
12.499799825623441,9,4.0,6481
12.49997100918347,7,6.0,7457
12.500079835362948,13,6.0,-2880
12.500393555818599,5,4.0,0
12.500636380098399,6,1.0,7398
12.500690263279877,9,8.0,4719
12.500966692304258,5,1.0,0
12.50135259771426,1,30.0,8047
12.502085896060448,13,2.0,-2276
12.502199219667222,7,5.0,3270
12.50223657195639,14,4.0,-2108
12.502790729636551,13,7.0,-2127
12.503081109013568,6,4.0,6886
12.503099454850691,7,5.0,6349
12.503917188142097,6,3.0,7380
12.504134257221313,7,2.0,7313
12.504438423563842,13,2.0,-2720
12.504438423563842,17,2.0,-2720
12.504528873688479,7,8.0,4964
12.504564090273474,1,3.0,8048
12.50474808512278,13,2.0,-3064
12.505199140664665,1,3.0,8049
12.505250006263454,7,3.0,5317
12.505412281158415,5,1.0,0
12.505651999736232,13,6.0,-2924
12.505651999736232,17,6.0,-2924
12.505841398381445,7,4.0,4261
12.505862358674802,6,6.0,7977
12.506195481538711,13,20.0,-2201
12.506195481538711,17,20.0,-2201
12.506643922664216,13,2.0,-2904
12.506643922664216,17,2.0,-2904
12.506914423240778,7,11.0,6020
12.507241238045953,14,2.0,-2591
12.50751833570397,13,7.0,-2649
12.507644045974295,7,8.0,6295
12.508321886349764,6,1.0,7936
12.50864125886667,6,3.0,7729
12.508931574218474,13,2.0,-2955
12.50929888946842,5,1.0,0
12.509863808950284,5,5.0,0
12.51020037601803,7,4.0,7690
12.510352514548174,6,8.0,7777
12.510697112637686,7,1.0,5454
12.510843260550148,14,1.0,-2931
12.511254915336071,14,1.0,-3124
12.511273293033627,17,4.0,-954
12.511357787119012,7,1.0,6452
12.51183628733424,7,1.0,6123
12.512078597606154,13,1.0,-2743
12.512135120931905,9,3.0,6974
12.512855824273753,9,3.0,4091
12.512982136520327,7,45.0,4827
12.513053537639868,7,6.0,6618
12.513283982461033,14,3.0,-2147
12.513622372308696,1,2.0,8050
12.513896361581732,14,4.0,-2825
12.514379055709547,14,3.0,-2350
12.514432131711981,7,2.0,7206
12.514791472260058,5,1.0,0
12.514817427587827,13,3.0,-2128
12.515379020974446,5,15.0,0
12.515627617793127,13,1.0,-2673
12.516489339796014,14,2.0,-2219
12.517406499436952,6,1.0,5902
12.517462640910008,6,4.0,7879
12.517462799683852,6,2.0,7356
12.517539503718568,11,35.0,6771
12.517939948055087,13,2.0,-2582
12.518533742390744,14,2.0,-2352
12.518533742390744,17,2.0,-2352
12.518838836072943,5,9.0,0
12.519556618285673,13,1.0,-2448
12.519556618285673,17,1.0,-2448
12.519865023517205,14,1.0,-2468
12.519865023517205,17,1.0,-2468
12.519936038941466,1,2.0,8051
12.519941272534101,17,1.0,-48
12.520017460303823,113,40.0,-2888
12.52168900060205,7,29.0,4843
12.5220752648033,5,1.0,0
12.522154148180771,6,3.0,7428
12.5221679779136,13,1.0,-2552
12.522355512885634,13,1.0,-3113
12.523319521107794,13,6.0,-2119
12.523332894312599,7,5.0,6898
12.523786777929233,5,2.0,0
12.523883618384664,6,10.0,7887
12.524447089053753,13,1.0,-3097
12.524559241442347,6,7.0,7492
12.52478135542462,7,3.0,6513
12.52485293480209,13,2.0,-2415
12.525644015820578,7,3.0,7377
12.525996019308046,14,1.0,-2738
12.525996019308046,17,1.0,-2738
12.526253872159339,9,2.0,5646
12.526405104663745,5,23.0,0
12.526667847356855,7,2.0,6807
12.526957083019088,13,9.0,-2354
12.527146537506686,6,28.0,6721
12.52767132013703,13,13.0,-2260
12.527987540561663,1,8.0,8052
12.528095615942092,13,1.0,-2656
12.528192006817171,7,2.0,6687
12.528226646206157,7,1.0,5772
12.528250393863463,5,1.0,0
12.52829289102534,13,11.0,-2651
12.528675480828,5,3.0,0
12.529465335873507,4,3.0,8053
12.529857281757275,13,2.0,-2103
12.529860955536304,13,3.0,-2205
12.529860955536304,17,3.0,-2205
12.53010628934532,9,28.0,4032
12.530189575475122,1,1.0,8054
12.530225574723493,5,4.0,0
12.53050927332886,13,6.0,-2580
12.53050927332886,17,6.0,-2580
12.53085394908129,1,3.0,8055
12.531059129076203,6,17.0,5544
12.531326517718652,7,1.0,4465
12.53136416374149,13,1.0,-2576
12.53136416374149,17,1.0,-2576
12.53157688863393,1,2.0,8056
12.531917417006827,14,4.0,-2279
12.531917417006827,17,4.0,-2279
12.53213913420394,13,1.0,-2512
12.532156095787073,14,1.0,-3025
12.53238223944246,6,1.0,7928
12.532516563511924,6,3.0,7770
12.532889713365297,14,1.0,-2210
12.532998550800045,6,7.0,7113
12.533042343214529,17,5.0,-980
12.533097192864746,1,6.0,8057
12.533199674150115,13,1.0,-2302
12.533199841011774,10,41.0,7742
12.533525847527239,8,59.0,6863
12.533609519808733,7,3.0,7237
12.533675482622444,7,5.0,6588
12.534386715929834,14,15.0,-3038
12.53442637485983,6,2.0,7973
12.535224403304188,13,2.0,-2876
12.535314977726324,14,6.0,-3095
12.535314977726324,17,6.0,-3095
12.53545868385197,7,3.0,5939
12.536624044858025,7,9.0,7124
12.537443835126636,13,2.0,-2772
12.537443835126636,17,2.0,-2772
12.537817441063035,13,2.0,-2124
12.53825533993324,5,3.0,0
12.538512523750924,7,10.0,6144
12.538609300213864,1,6.0,8058
12.53963230627891,5,4.0,0
12.539679432604963,13,1.0,-2936
12.539711204529333,13,2.0,-2722
12.539786779507937,14,1.0,-2154
12.54041549142773,1,2.0,8059
12.540569416335321,6,10.0,6387
12.540942721801102,5,3.0,0
12.541353686301871,9,52.0,674
12.541449875248402,7,12.0,7317
12.541648421835884,6,2.0,8000
12.541724156981358,7,1.0,7582
12.542021271930823,17,4.0,-1613
12.54225974338302,9,19.0,5313
12.542810619642996,13,4.0,-2972
12.543286983986295,7,1.0,7611
12.543578328654547,7,4.0,4497
12.543655423670291,1,5.0,8060
12.543744788713107,13,1.0,-2770
12.545061316007317,7,5.0,5882
12.54554895619215,9,1.0,7191
12.545880037266215,13,9.0,-2560
12.546350106512225,6,3.0,7547
12.546560401864353,13,3.0,-2261
12.546679521377836,7,11.0,6223
12.546765472372885,6,2.0,7753
12.547033434584812,17,1.0,-78
12.547329578198973,1,1.0,8061
12.547694425515985,1,1.0,8062
12.547982806224399,6,12.0,7413
12.548593778343959,13,1.0,-2242
12.549535667071098,7,25.0,5410
12.549574738847406,7,13.0,6774
12.549838176032612,14,7.0,-2755
12.549838176032612,17,7.0,-2755
12.550376410536286,7,1.0,6569
12.550717398394866,5,49.0,0
12.550754175839675,8,1.0,7944
12.550942529099569,6,1.0,4646
12.551147083726947,2,16.0,8063
12.551238689612523,7,1.0,7058
12.551430689917659,14,3.0,-3010
12.551830927892588,1,2.0,8064
12.552280589463452,6,4.0,7788
12.552591664981355,7,5.0,7765
12.552830511123211,13,2.0,-2443
12.553122884706315,6,3.0,8019
12.553654368612003,14,1.0,-3035
12.55399345341728,7,9.0,5424
12.554361430706056,13,4.0,-2106
12.554442675206138,6,2.0,7637
12.554651038864993,14,2.0,-3102
12.55510479813348,5,46.0,0
12.555346005591067,7,4.0,7131
12.555768662319728,7,1.0,3517
12.556045744323011,6,1.0,7856
12.556275165171142,7,4.0,4609
12.556991516238787,5,4.0,0
12.557035526419268,7,6.0,4825
12.557996749288558,7,2.0,6465
12.558467968878011,13,2.0,-2643
12.558845943979161,14,3.0,-2737
12.559189053864499,13,2.0,-2224
12.559189053864499,17,2.0,-2224
12.559428144140298,6,5.0,7357
12.559862428766325,5,2.0,0
12.559927806813008,7,5.0,6830
12.559986043783244,9,4.0,7093
12.560030643221271,7,3.0,6871
12.560073256802905,6,2.0,4479
12.560491240876502,13,1.0,-2679
12.560718805053375,13,1.0,-2422
12.561257981772506,10,3.0,8013
12.561815073697451,13,1.0,-3107
12.561840495166194,13,2.0,-2830
12.561840495166194,17,2.0,-2830
12.562227948703075,13,2.0,-2341
12.563003750339487,14,2.0,-2459
12.563169040998883,13,1.0,-2550
12.56339895339861,10,6.0,8010
12.563492696016546,14,3.0,-2233
12.563653222999715,8,3.0,7044
12.563729706933097,6,1.0,7486
12.564086848875478,13,1.0,-2622
12.5643357779874,14,5.0,-2453
12.56440504109433,1,2.0,8065
12.564430294121674,1,13.0,8066
12.565431664034579,5,2.0,0
12.565571146484192,5,6.0,0
12.566183418870281,6,5.0,7301
12.566220131665158,7,11.0,6555
12.566367088577021,5,7.0,0
12.566480292755374,14,3.0,-2735
12.566526386316802,6,4.0,7050
12.566579552508303,7,2.0,7116
12.56684524501166,7,2.0,5652
12.56689663425283,13,2.0,-2378
12.567587497566453,6,50.0,3599
12.567936605013605,7,1.0,5100
12.568369361561663,1,8.0,8067
12.56871751923223,9,2.0,5500
12.568760072812484,13,1.0,-2490
12.568928594087392,13,1.0,-2796
12.569020382214848,6,46.0,4474
12.569204676818583,13,2.0,-2183
12.570025534749568,5,4.0,0
12.570546728730253,14,8.0,-2207
12.570803747537505,14,4.0,-2795
12.571878676210066,9,18.0,2296
12.572393243469243,8,2.0,6703
12.572482318443141,1,2.0,8068
12.572571435884807,5,1.0,0
12.572768629306125,6,4.0,8011
12.573353915357615,113,47.0,-2423
12.573370091259163,13,7.0,-3022
12.573619794402173,113,60.0,-2336
12.573658246500832,6,7.0,7912
12.57370281205537,7,3.0,5904
12.573762095129169,13,5.0,-2130
12.573762095129169,17,5.0,-2130
12.574348750443612,14,29.0,-2542
12.57455644484243,14,2.0,-2427
12.574631342105928,13,49.0,-2286
12.574784199176623,7,6.0,3154
12.574784199176623,16,6.0,3154
12.574863920263278,13,6.0,-2479
12.575247592527084,7,53.0,2478
12.575592291027483,1,1.0,8069
12.576319971394405,13,1.0,-2214
12.576319971394405,17,1.0,-2214
12.576918972242225,4,3.0,8070
12.576970457265631,14,1.0,-2392
12.57697930422955,13,1.0,-3108
12.577444765333006,5,3.0,0
12.578099490456252,5,3.0,0
12.57813451594057,6,2.0,8059
12.578269533206281,13,1.0,-2534
12.578296008793181,6,2.0,6648
12.578469691440214,5,4.0,0
12.579424347879304,7,4.0,7646
12.57949783802049,5,2.0,0
12.579726132673208,8,2.0,5380
12.579862228071667,7,8.0,5177
12.579896009174918,6,3.0,7741
12.580132946288362,7,2.0,7143
12.580332436776125,17,8.0,-916
12.581506644942667,13,4.0,-2874
12.581823115298166,4,20.0,8071
12.581870942175028,6,6.0,7933
12.582104006859534,1,2.0,8072
12.582314791032717,13,3.0,-3051
12.582437090595217,5,5.0,0
12.582538176697817,7,2.0,6079
12.583010505826438,7,4.0,6188
12.583723593270722,1,4.0,8073
12.583772134293177,14,4.0,-2346
12.583772134293177,17,4.0,-2346
12.58384570993781,7,51.0,2694
12.583891682884751,7,4.0,5692
12.583939539063154,14,6.0,-2674
12.583939539063154,17,6.0,-2674
12.584115121831811,1,6.0,8074
12.58412357336069,13,4.0,-2798
12.58463093663172,1,1.0,8075
12.584737344105182,5,4.0,0
12.58473949970821,7,5.0,1619
12.58483759767098,1,1.0,8076
12.584850099409952,7,2.0,4369
12.585115777386811,7,7.0,4737
12.585830516337541,5,4.0,0
12.586798625644043,6,7.0,6637
12.586877201376304,13,2.0,-3106
12.587059599025297,6,1.0,7767
12.5872112815324,6,2.0,6058
12.587618799053471,13,1.0,-2211
12.587618799053471,17,1.0,-2211
12.587762350692495,13,29.0,-2558
12.587762350692495,17,29.0,-2558
12.587952700466692,1,2.0,8077
12.588613633990606,6,2.0,8034
12.588768864165477,7,2.0,6641
12.588823514350032,7,2.0,4276
12.589140503246785,7,9.0,7394
12.589195139534816,5,2.0,0
12.58929239962683,1,5.0,8078
12.590339760274121,7,3.0,6731
12.59058339873851,13,2.0,-3036
12.590746390691416,1,2.0,8079
12.5911496954229,14,2.0,-3046
12.591159201905082,7,3.0,6189
12.591316250556176,7,1.0,7041
12.591533693958272,13,6.0,-3032
12.591608766110614,5,3.0,0
12.592117849260392,1,3.0,8080
12.592264527531995,7,56.0,3900
12.592547603174603,7,30.0,6402
12.592562549437204,1,3.0,8081
12.592775116277622,11,1.0,7031
12.593006922229996,1,1.0,8082
12.59506676613913,7,11.0,4606
12.595427378171578,2,14.0,8083
12.596029194388212,13,2.0,-2509
12.596222206850078,1,2.0,8084
12.596379139808503,7,3.0,7012
12.596559505949559,6,38.0,7935
12.596745111061121,7,3.0,5032
12.597047055424582,5,5.0,0
12.597576647934233,8,6.0,7002
12.597825970453012,13,2.0,-2639
12.598153347041668,6,2.0,3759
12.598478793110663,13,14.0,-2524
12.598478793110663,17,14.0,-2524
12.599058342532246,7,2.0,6191
12.599198341938873,7,2.0,6071
12.599637830071384,14,3.0,-2249
12.599637830071384,17,3.0,-2249
12.59968401585233,14,3.0,-2401
12.59968401585233,17,3.0,-2401
12.599709092915559,16,1.0,6891
12.60006716075208,7,5.0,7178
12.60020650499175,14,9.0,-2313
12.600325028121455,13,1.0,-2213
12.60044035504265,7,1.0,5654
12.600746473808027,7,5.0,3981
12.600779752163882,7,2.0,7640
12.601907788546804,1,2.0,8085
12.602247235279222,14,3.0,-2975
12.602792068956676,7,2.0,7395
12.603026386676635,8,3.0,6213
12.603114813594882,6,2.0,7985
12.603816961690763,6,4.0,7809
12.603919000495408,113,36.0,-2698
12.604053559522509,1,2.0,8086
12.604107081704187,17,1.0,-773
12.604330649018273,13,9.0,-2977
12.60446965241395,5,12.0,0
12.604505029381379,17,3.0,-383
12.604920024727212,17,1.0,-2067
12.60492190843138,6,1.0,8028
12.605349650940482,7,1.0,6846
12.606252272857907,14,7.0,-3120
12.606731525606515,14,4.0,-2911
12.607149725101744,13,8.0,-2562
12.607149725101744,17,8.0,-2562
12.607396542164864,6,2.0,7092
12.607583849929116,14,1.0,-2121
12.607664571218208,13,3.0,-2701
12.608198697599882,14,29.0,-2983
12.608198697599882,17,29.0,-2983
12.608664413636696,6,1.0,8082
12.608919049581106,13,1.0,-3047
12.60960115014885,6,12.0,5168
12.610440090715231,16,5.0,3107
12.610693444240667,14,3.0,-2398
12.611057910624943,5,3.0,0
12.611405793748107,9,6.0,4489
12.61143964134462,13,3.0,-2808
12.611663223117977,7,1.0,6239
12.6117600258223,13,11.0,-2731
12.611873914627637,7,9.0,5475
12.611914791771937,14,1.0,-3000
12.612063676986859,5,2.0,0
12.612819446452592,7,1.0,6606
12.612874187079726,13,3.0,-2763
12.612874187079726,17,3.0,-2763
12.61290262328148,8,1.0,6397
12.613107914565791,7,4.0,4331
12.613294644362174,5,1.0,0
12.613769123097638,9,1.0,5089
12.613897088214124,5,1.0,0
12.613954220096348,5,2.0,0
12.614825812212338,6,2.0,7130
12.61520160531551,9,8.0,7074
12.615225945187607,7,1.0,7014
12.615534324190806,14,3.0,-2182
12.615937071505698,13,1.0,-2943
12.615958226870271,5,2.0,0
12.616160500476594,1,2.0,8087
12.616545247656937,14,4.0,-2869
12.616802625464986,17,3.0,-580
12.61691049691163,13,1.0,-2363
12.617231414874242,14,2.0,-2408
12.617231414874242,17,2.0,-2408
12.617236664619506,5,3.0,0
12.617608626866705,7,2.0,7312
12.617845935846066,13,1.0,-2277
12.61816325841892,6,6.0,7850
12.618352946417703,13,1.0,-2956
12.6184706291169,13,3.0,-2446
12.619340734286403,9,2.0,7477
12.61960469761181,14,6.0,-2171
12.620079487038439,6,33.0,7698
12.621004299198356,9,2.0,5693
12.621624212512778,7,2.0,6689
12.62175242089616,9,7.0,5598
12.621982882264804,5,10.0,0
12.622375559561066,16,56.0,2260
12.622434420632374,13,3.0,-3079
12.622434420632374,17,3.0,-3079
12.622498678814688,6,2.0,7106
12.622623713626636,13,1.0,-2123
12.623063699668728,6,8.0,7992
12.623347774956649,6,2.0,8022
12.623701934000227,6,19.0,777
12.623723796940082,6,3.0,6063
12.623903886993716,13,2.0,-2792
12.623929705948333,9,3.0,4083
12.62434288784341,7,3.0,7415
12.62459343903834,7,1.0,7526
12.624676611130031,5,1.0,0
12.624702932012715,14,1.0,-2821
12.625434904623763,5,2.0,0
12.62557548168713,13,3.0,-2844
12.625906245706211,13,1.0,-2381
12.626089546230542,7,1.0,7623
12.62681879236933,5,1.0,0
12.62713608809686,13,3.0,-2750
12.627510001211833,13,1.0,-2710
12.627702199706162,6,11.0,7474
12.628014710217812,5,2.0,0
12.629494042507336,13,2.0,-2746
12.629497217350181,14,12.0,-2131
12.629497217350181,17,12.0,-2131
12.629578033626036,17,7.0,-1034
12.62988630438712,14,1.0,-2921
12.62999469099238,1,2.0,8088
12.630113063317745,9,8.0,5640
12.630624651329105,1,7.0,8089
12.631150999530115,13,2.0,-2532
12.631168511810568,6,6.0,7945
12.631780449874245,13,1.0,-2458
12.631780449874245,17,1.0,-2458
12.632474867533979,7,2.0,7218
12.63261144963529,7,6.0,6716
12.632744724184736,13,1.0,-2767
12.633230232489552,1,1.0,8090
12.633638875140718,7,24.0,4122
12.634448690594674,7,7.0,5958
12.63453034175186,7,10.0,7476
12.634822595958218,16,7.0,3436
12.634967100863104,1,8.0,8091
12.635221702229035,7,1.0,5445
12.635566847474196,1,6.0,8092
12.636075275589484,7,16.0,6145
12.636445373003117,13,1.0,-2104
12.636587384868605,2,4.0,8093
12.637281785554277,14,4.0,-3141
12.637281785554277,17,4.0,-3141
12.637711789378532,5,7.0,0
12.63772243013296,14,4.0,-2120
12.638472663623903,7,47.0,6868
12.63909967345788,7,42.0,1560
12.63965312273632,14,1.0,-2428
12.639819562687443,9,2.0,3316
12.63984810381733,1,1.0,8094
12.640161388095565,6,41.0,7045
12.640228260476423,14,3.0,-2450
12.640435963609832,5,1.0,0
12.64069119340128,17,3.0,-321
12.640829174605841,7,6.0,6117
12.641263972974262,13,6.0,-2228
12.64126949809952,8,3.0,5214
12.641503521150359,9,1.0,6149
12.641650301883361,113,35.0,-2613
12.64207170947542,7,2.0,4538
12.64232831269061,6,2.0,7954
12.642395559164596,7,6.0,6518
12.642602464501824,7,2.0,3137
12.642761495642121,6,1.0,8094
12.64344923271206,14,1.0,-2979
12.643987102007197,13,1.0,-2192
12.644085582983971,13,1.0,-3045
12.644141300463446,6,2.0,6916
12.644406839363025,5,1.0,0
12.644634015330988,7,16.0,7063
12.644751405292075,6,1.0,6298
12.64524513888109,5,2.0,0
12.645510062279113,1,3.0,8095
12.645924474746181,7,1.0,2189
12.646228561822701,7,3.0,7513
12.646551757870538,13,1.0,-3040
12.646652660973524,8,2.0,7310
12.646935858429872,13,3.0,-2390
12.646992573892764,8,12.0,5575
12.647468723347266,16,10.0,3274
12.647625176575945,8,2.0,7846
12.647670946255202,7,3.0,7053
12.647975862544476,1,3.0,8096
12.648003711410537,5,9.0,0
12.648399568193847,5,12.0,0
12.648781800964604,8,2.0,5998
12.648982797226227,13,2.0,-2287
12.649516149490154,14,1.0,-2294
12.649516149490154,17,1.0,-2294
12.650076691270986,7,2.0,6668
12.650903761178093,5,4.0,0
12.651048230974437,13,4.0,-2952
12.651048230974437,17,4.0,-2952
12.651188970203032,1,5.0,8097
12.651835091837613,113,50.0,-2791
12.652031739523347,6,1.0,8003
12.652212326699356,1,4.0,8098
12.654363370859034,9,2.0,6703
12.654688329223191,9,2.0,7468
12.654806487055952,6,1.0,7220
12.655609657668679,2,57.0,8099
12.656137270426242,13,5.0,-2831
12.656137270426242,17,5.0,-2831
12.656347015962679,6,1.0,8037
12.65657280356244,9,3.0,6749
12.656823794612567,13,1.0,-2967
12.65687762274199,7,2.0,4950
12.657033463541655,14,4.0,-2823
12.657149871320003,6,3.0,7128
12.658026282217397,6,6.0,7754
12.659082781022189,5,1.0,0
12.659385172725013,7,47.0,4239
12.659901362897834,113,34.0,-2199
12.659902599936673,13,2.0,-2308
12.660484279374103,13,2.0,-3112
12.661062553198573,16,5.0,5539
12.661168581509509,7,6.0,4585
12.661196186638449,14,2.0,-2356
12.661271114000595,14,7.0,-2345
12.661619937279768,5,3.0,0
12.661626940718879,8,2.0,4479
12.661838308607729,5,13.0,0
12.66232326316582,13,1.0,-2301
12.662908057234668,13,3.0,-2726
12.663963397040101,17,2.0,-1764
12.663999902502631,14,1.0,-2500
12.663999902502631,17,1.0,-2500
12.664155538284511,8,1.0,7250
12.664174904325808,14,2.0,-2866
12.664174904325808,17,2.0,-2866
12.664223147400438,7,2.0,6333
12.664523536599031,14,4.0,-2780
12.664523536599031,17,4.0,-2780
12.664792327383939,13,1.0,-2169
12.665095743468484,9,1.0,5189
12.665101812284986,7,1.0,7008
12.665421158574603,7,42.0,1401
12.6656050533848,7,4.0,6388
12.665930186428836,14,2.0,-2628
12.66635829988981,7,12.0,5274
12.666497726029096,14,1.0,-2567
12.66655620014728,16,31.0,1947
12.666779740156448,17,2.0,-280
12.666949759781888,7,5.0,5898
12.667576791494415,7,1.0,3711
12.667849035647329,13,5.0,-2982
12.668023841800009,7,10.0,6754
12.668187633820512,7,2.0,5802
12.668409398129889,13,3.0,-2181
12.668742129919409,8,1.0,7321
12.668990998661254,13,4.0,-2951
12.669015378436812,7,3.0,5201
12.669087707722092,14,2.0,-2762
12.669087707722092,17,2.0,-2762
12.66918110468939,7,7.0,7062
12.669779180786055,13,1.0,-2581
12.669790433218695,14,5.0,-2348
12.670080601853673,8,1.0,6566
12.671126195494612,13,1.0,-2703
12.672430680945448,13,8.0,-2266
12.672841150961574,9,4.0,5867
12.673474922655798,7,43.0,3609
12.673748318397873,16,13.0,2058
12.673913194696594,13,4.0,-2882
12.673982889687801,14,4.0,-3128
12.674018715104147,16,4.0,745
12.67403004702104,8,16.0,6408
12.6743939365633,14,4.0,-2310
12.67466868039297,7,4.0,4025
12.674896817540459,13,3.0,-2194
12.675550780122567,14,58.0,-2522
12.675939646596351,13,2.0,-2716
12.676211907037821,13,1.0,-2489
12.676672683973162,6,2.0,7969
12.67705611159141,14,6.0,-2626
12.67705611159141,17,6.0,-2626
12.677133358375272,1,1.0,8100
12.67773756268254,6,4.0,6240
12.678085866151362,6,28.0,5637
12.678183543134569,7,5.0,6711
12.678192137911545,1,2.0,8101
12.680054634011405,9,1.0,6915
12.680434414756744,7,1.0,6849
12.680824654815954,13,1.0,-3132
12.681255686907122,14,3.0,-3091
12.681817220280378,8,10.0,5846
12.681982852511648,7,1.0,6232
12.682443564106137,7,4.0,7617
12.682589965510697,6,4.0,6735
12.682973602237404,13,2.0,-2595
12.682973602237404,17,2.0,-2595
12.683147413380272,7,2.0,6203
12.683387924007592,5,1.0,0
12.683578297612346,4,24.0,8102
12.683631709139998,8,54.0,720
12.6837466260373,17,6.0,-1861
12.683955647810249,13,3.0,-2929
12.684042869101507,13,2.0,-2974
12.684042869101507,17,2.0,-2974
12.684476117603984,7,29.0,2145
12.68451543937997,5,30.0,0
12.685104650990045,14,6.0,-3117
12.685259562110527,7,3.0,7242
12.685347522313364,6,3.0,8095
12.685439397395058,3,16.0,8103
12.685503993259315,1,1.0,8104
12.68572864051288,13,1.0,-3023
12.68619489031769,5,1.0,0
12.686399238176982,7,6.0,3942
12.68660536171991,7,7.0,6274
12.6868095315221,13,1.0,-2981
12.68757353584531,14,2.0,-2909
12.687675426093426,14,19.0,-2901
12.687675426093426,17,19.0,-2901
12.687791273409228,7,4.0,5900
12.688060012270963,7,1.0,6930
12.688888337124096,5,5.0,0
12.689128914040248,7,7.0,5884
12.689354140348458,7,41.0,4282
12.689649146986595,4,1.0,8105
12.689855124805867,7,6.0,7132
12.69051476470822,13,1.0,-3147
12.690534434958154,13,1.0,-2382
12.690586003835232,14,3.0,-2863
12.691343616611576,6,5.0,7544
12.691503189817977,16,42.0,668
12.691743277530522,6,2.0,8084
12.692243777919986,7,9.0,5595
12.692683214657274,5,3.0,0
12.692870761087944,6,3.0,7372
12.69291435955757,17,3.0,-1057
12.69376732782232,13,1.0,-2221
12.694120328169483,6,5.0,7499
12.69412628220025,13,2.0,-3142
12.694933489002645,5,2.0,0
12.694979434638865,7,1.0,6745
12.695051337931249,7,1.0,7417
12.69526223633774,6,5.0,7282
12.695465014143728,13,2.0,-2577
12.696008644049567,14,2.0,-2198
12.696387271147767,7,1.0,6254
12.696828073169735,17,3.0,-1178
12.696943905613914,14,3.0,-2452
12.696943905613914,17,3.0,-2452
12.697655606117422,13,2.0,-2804
12.697655606117422,17,2.0,-2804
12.697976863704996,5,2.0,0
12.697989491826217,13,3.0,-2597
12.698327375672909,6,10.0,7488
12.698882311729854,5,3.0,0
12.698951521423636,6,5.0,7832
12.69902016014662,13,1.0,-2728
12.69902016014662,17,1.0,-2728
12.699037218253022,7,10.0,7396
12.699388982795783,13,1.0,-3144
12.699651999168697,6,12.0,8033
12.700238746983866,1,1.0,8106
12.700491604227032,13,1.0,-2175
12.700491604227032,17,1.0,-2175
12.700773231762307,6,2.0,8068
12.700814786844134,14,4.0,-3016
12.701153065740172,7,5.0,7716
12.70138205379793,1,6.0,8107
12.701409427637998,7,1.0,6482
12.701547406195319,1,48.0,8108
12.701641735813064,14,3.0,-3101
12.701709739457915,1,4.0,8109
12.70257640036791,14,1.0,-2832
12.70352305950985,9,2.0,7247
12.703607992954838,7,2.0,7075
12.705092912111397,6,5.0,7929
12.705801554671623,8,1.0,6972
12.706280026718677,5,4.0,0
12.707356776502907,13,1.0,-2970
12.707356776502907,17,1.0,-2970
12.707804261283476,7,6.0,6508
12.708228543376059,6,5.0,7918
12.708250421408302,14,6.0,-2603
12.708529563343811,5,7.0,0
12.708777636357985,1,10.0,8110
12.709453285318551,9,2.0,5963
12.70982384155534,16,55.0,387
12.70993006119604,6,15.0,7023
12.710310714460663,9,9.0,5226
12.710502577339494,6,34.0,6464
12.710511402851058,5,2.0,0
12.71104380477743,13,2.0,-2320
12.71126361646887,5,2.0,0
12.71131086701793,13,3.0,-3133
12.71137487344637,7,3.0,4913
12.711483259385535,13,1.0,-2596
12.71160258744479,7,2.0,3456
12.711898226502749,13,1.0,-2950
12.712031496907498,13,2.0,-2715
12.712132438355347,13,1.0,-2444
12.712158210382043,14,1.0,-2151
12.712158210382043,17,1.0,-2151
12.712424103647443,14,3.0,-2547
12.714012590160205,7,1.0,595
12.716039505559941,13,2.0,-2822
12.716391724069691,5,3.0,0
12.717270396730955,17,2.0,-325
12.717334250399794,6,2.0,7885
12.71783012971391,13,1.0,-2691
12.71783012971391,17,1.0,-2691
12.718028680425737,13,1.0,-2388
12.718111788200794,7,14.0,5557
12.718379930787435,9,7.0,6760
12.718460854944531,14,1.0,-2338
12.718460854944531,17,1.0,-2338
12.718697315300517,3,31.0,8111
12.718832484665924,5,1.0,0
12.719052272975599,13,2.0,-2678
12.719195109732167,7,3.0,6273
12.72001884759305,5,2.0,0
12.720137508106,5,2.0,0
12.720207458700967,14,1.0,-2630
12.72030823440145,9,6.0,5841
12.72051182538875,7,10.0,4910
12.7205887931749,5,1.0,0
12.721012171626864,6,2.0,7210
12.721512666943562,13,2.0,-2906
12.721512666943562,17,2.0,-2906
12.721758622433605,13,1.0,-2687
12.72253439430673,6,5.0,7489
12.722871844426269,1,2.0,8112
12.723038573663693,7,2.0,6596
12.72356763095086,14,4.0,-3143
12.72356763095086,17,4.0,-3143
12.723848871465847,7,1.0,5254
12.724456553923499,1,2.0,8113
12.724524275018148,9,2.0,7232
12.72467592852663,13,5.0,-2980
12.724799885831516,6,7.0,8025
12.724871575382375,13,2.0,-2113
12.724892540687138,1,1.0,8114
12.724931617627414,13,2.0,-2466
12.725536663445661,16,4.0,2915
12.7255409818812,5,2.0,0
12.726838808024732,5,2.0,0
12.726843951490041,5,1.0,0
12.727063652483853,7,1.0,7119
12.727326555742172,7,10.0,5362
12.727868246654154,7,2.0,6171
12.72801316824371,1,15.0,8115
12.728049806581872,1,1.0,8116
12.729030116674473,9,9.0,5495
12.729280597595753,14,9.0,-3004
12.729976172215196,7,1.0,3166
12.730056791717875,13,1.0,-2433
12.730056791717875,17,1.0,-2433
12.73046596509873,8,1.0,6850
12.73058705255631,13,2.0,-2253
12.730806342056358,13,1.0,-2162
12.730894600988979,6,4.0,7295
12.731805189515562,14,33.0,-2387
12.731805189515562,17,33.0,-2387
12.731822298806675,5,1.0,0
12.732350763814495,7,3.0,7318
12.732443717276585,6,30.0,8047
12.732612206207842,5,2.0,0
12.73321512013607,10,12.0,7802
12.734267072877186,14,4.0,-2739
12.734833397148043,13,2.0,-2374
12.735594203909137,13,1.0,-2271
12.736039557675486,13,13.0,-3078
12.736261580503879,5,14.0,0
12.736905381458332,6,4.0,7976
12.73710682404284,9,32.0,6247
12.737253083522662,9,2.0,6860
12.737659117605473,7,9.0,6583
12.737985526221996,6,2.0,2395
12.73805934147061,5,14.0,0
12.738159224087546,7,9.0,7532
12.738312122333001,7,4.0,7521
12.738351389386102,7,4.0,4058
12.738424925100716,5,3.0,0
12.73863613625973,13,3.0,-3146
12.738885549660356,7,1.0,4402
12.739027836153339,6,6.0,7589
12.739891365883103,6,1.0,7734
12.73999782637295,7,2.0,6746
12.740327547127931,13,2.0,-2916
12.740427462893715,13,3.0,-2994
12.740427462893715,17,3.0,-2994
12.741660852239402,14,1.0,-2492
12.741676770986246,17,1.0,-1244
12.742280878938464,5,8.0,0
12.743528003442368,14,2.0,-2885
12.74361829277435,7,1.0,6678
12.74394656982068,1,6.0,8117
12.74418174098933,9,10.0,2805
12.744640471717464,13,1.0,-2337
12.74494698656398,1,1.0,8118
12.74561606537296,10,2.0,8012
12.745722227363395,13,2.0,-2551
12.745722227363395,17,2.0,-2551
12.746350436216193,1,7.0,8119
12.746350713930287,14,1.0,-2557
12.746351923567943,7,1.0,7083
12.746517878774368,13,1.0,-3042
12.746517878774368,17,1.0,-3042
12.748195907073612,7,3.0,7171
12.748360443567949,7,5.0,7091
12.748512450641314,13,15.0,-2149
12.74861105400836,7,52.0,6565
12.748937009969707,7,7.0,7195
12.749054938654517,9,1.0,4935
12.74905811848731,6,6.0,7686
12.749098443362186,8,9.0,7974
12.749417635998254,13,1.0,-3048
12.74975637315016,5,1.0,0
12.750166386674884,7,3.0,5981
12.750236247383667,6,3.0,7913
12.750348171190673,6,2.0,7549
12.750438586256944,5,5.0,0
12.750451291895521,5,2.0,0
12.750716801666316,9,6.0,5919
12.750805902537582,13,1.0,-3028
12.75084938720472,9,2.0,6505
12.751008749128804,7,11.0,7279
12.75131935500979,13,3.0,-2945
12.751637181425076,14,1.0,-2839
12.751928286128845,6,2.0,6902
12.752019537114583,7,5.0,7325
12.7521032436746,6,2.0,7418
12.752277179149932,6,3.0,7583
12.75244756880177,5,2.0,0
12.752498167694075,13,2.0,-2520
12.752573524180672,13,1.0,-2771
12.752573524180672,17,1.0,-2771
12.752722867790062,13,1.0,-2397
12.752969585001694,13,2.0,-2761
12.753223191360766,1,5.0,8120
12.75339211979883,6,3.0,8007
12.753787670413375,13,2.0,-3114
12.753787670413375,17,2.0,-3114
12.754112961530916,14,3.0,-2998
12.754112961530916,17,3.0,-2998
12.754577759032825,17,1.0,-369
12.754695364828756,6,2.0,5405
12.754948462863666,5,1.0,0
12.754964390864078,5,4.0,0
12.755282374825125,13,26.0,-2506
12.75550839179786,7,3.0,6594
12.756916949573023,13,1.0,-2156
12.757370520692723,13,1.0,-2857
12.757616176856494,8,4.0,6929
12.758782065769434,7,8.0,3078
12.758840417813815,13,1.0,-2285
12.758840417813815,17,1.0,-2285
12.758914385824893,13,2.0,-2369
12.759698477760814,7,1.0,5312
12.760261649982034,7,19.0,5934
12.760421814891417,7,4.0,7331
12.761188590402819,13,1.0,-3029
12.761188590402819,17,1.0,-3029
12.761192380868673,14,2.0,-2862
12.76137306263727,7,3.0,5991
12.761407896359243,6,2.0,7961
12.761606039366843,5,1.0,0
12.761805169146854,7,6.0,6688
12.761981555043073,6,4.0,7419
12.762382766252465,14,3.0,-2473
12.762382766252465,17,3.0,-2473
12.762456424727198,7,10.0,7517
12.763639963266144,16,9.0,977
12.763753556822044,14,5.0,-2736
12.763842989658743,14,4.0,-2280
12.763868376663641,17,2.0,-94
12.763890405536529,14,2.0,-2668
12.763890405536529,17,2.0,-2668
12.764037976041257,1,2.0,8121
12.764134627598544,9,2.0,2437
12.76433867475116,14,5.0,-2236
12.764676463160743,6,1.0,8027
12.764856928520395,1,1.0,8122
12.765225612329221,1,2.0,8123
12.765237471831034,14,4.0,-2537
12.765306908575955,5,3.0,0
12.765983518164617,14,2.0,-2864
12.766185947452957,9,3.0,6208
12.766479141576154,1,6.0,8124
12.766606362089469,14,1.0,-2209
12.766846796175694,14,7.0,-3139
12.766879726579996,6,1.0,8062
12.76736269346811,5,53.0,0
12.768239424536851,13,2.0,-3096
12.768457482234584,7,2.0,7196
12.768655129794945,13,5.0,-2633
12.768757675162332,6,5.0,6099
12.769341602993984,5,2.0,0
12.770622187783005,7,2.0,7209
12.770711532197677,14,2.0,-2871
12.770711532197677,17,2.0,-2871
12.771293026549971,6,2.0,7730
12.77190351070299,1,5.0,8125
12.771955601779608,7,12.0,5853
12.772213942209417,13,1.0,-2925
12.772213942209417,17,1.0,-2925
12.772398617661203,14,1.0,-2174
12.772574119147327,7,8.0,7693
12.773371536308382,13,1.0,-2263
12.774290845726847,13,1.0,-2709
12.774982085661025,13,3.0,-3080
12.774982085661025,17,3.0,-3080
12.775060518333543,13,1.0,-2941
12.775546627865863,7,1.0,6396
12.775658558342931,8,1.0,5205
12.775890071497747,7,7.0,7619
12.776187645203747,13,1.0,-2326
12.776244457162294,13,2.0,-2963
12.778481009856085,7,5.0,5801
12.778498505670443,7,1.0,6497
12.77924288713718,13,2.0,-2608
12.779599227126766,7,6.0,7353
12.779651311480649,16,34.0,2582
12.779940070316782,6,1.0,7919
12.78010192888416,5,4.0,0
12.780989449682142,6,1.0,7691
12.781040909868109,13,11.0,-3062
12.781849390618861,7,18.0,3338
12.78221943997588,5,10.0,0
12.78226784810764,9,5.0,2208
12.782550927829826,13,3.0,-2794
12.782850524884386,7,9.0,6172
12.782916405146402,14,17.0,-2403
12.783139290661168,6,1.0,8054
12.783212068911695,8,6.0,4394
12.78330396830941,14,3.0,-2604
12.783698709785613,13,2.0,-2573
12.783698709785613,17,2.0,-2573
12.78383321334432,14,2.0,-2141
12.78383321334432,17,2.0,-2141
12.783869556279798,7,3.0,7922
12.783948805578975,1,3.0,8126
12.784101244215787,7,8.0,6034
12.78411564866285,7,2.0,6102
12.784443910609376,5,4.0,0
12.784561616163643,6,16.0,7812
12.784573409052921,6,1.0,7480
12.785145782403518,10,5.0,7543
12.785500666338685,13,3.0,-2445
12.785500666338685,17,3.0,-2445
12.785709123742953,14,4.0,-3129
12.786661107957261,17,2.0,-1559
12.787533754480288,6,7.0,6235
12.787656325879635,9,2.0,6075
12.788442585986939,7,46.0,4272
12.78849435752254,7,2.0,7761
12.788629072838695,5,3.0,0
12.78925237106714,13,1.0,-2481
12.789404544303519,6,4.0,8031
12.789491190305016,13,3.0,-3007
12.789855748871357,7,1.0,3305
12.789936892941114,9,1.0,7452
12.790526679838099,7,4.0,7363
12.790550034901411,13,1.0,-2138
12.790562226812325,14,8.0,-2248
12.790809291695469,13,1.0,-2756
12.790865833275681,9,5.0,4045
12.791265357277354,13,1.0,-2940
12.791658408143386,7,8.0,5442
12.791702689346874,14,6.0,-2517
12.791983798198503,7,2.0,6492
12.792017946246403,13,2.0,-2593
12.792531332976083,5,3.0,0
12.792674004113074,14,1.0,-3111
12.792815435490734,7,1.0,5864
12.792915781933011,13,13.0,-2570
12.793224089713606,14,4.0,-2373
12.793441937918868,7,2.0,4629
12.793492943585917,13,5.0,-2697
12.793989029526568,1,3.0,8127
12.79415761957104,13,1.0,-2362
12.794378061588757,13,1.0,-2305
12.794741082946025,6,2.0,5011
12.79515654832785,6,5.0,5321
12.795952507534228,14,1.0,-2513
12.795952507534228,17,1.0,-2513
12.796162973506812,13,2.0,-2484
12.796346950645312,7,9.0,6054
12.797160828737477,14,3.0,-2223
12.797210303003629,1,2.0,8128
12.797831234182203,5,6.0,0
12.797929112258732,7,12.0,6635
12.798881868786701,5,21.0,0
12.7995068192495,13,1.0,-3135
12.7995068192495,17,1.0,-3135
12.799790444648696,7,5.0,7175
12.799885648372406,7,18.0,6442
12.800445284735327,14,4.0,-2867
12.800579517240507,7,2.0,5265
12.800790403318729,8,16.0,7812
12.80095556344935,14,3.0,-2359
12.801357600417338,6,2.0,7498
12.802380426395318,5,1.0,0
12.803478165015125,7,3.0,6573
12.803489184453959,7,4.0,5831
12.80415816209944,8,1.0,4832
12.804667316204432,7,2.0,7129
12.80484004925038,16,24.0,1617
12.80509229362933,13,3.0,-2250
12.805198790053602,13,1.0,-2846
12.806644805995868,6,2.0,7264
12.807553353083938,7,5.0,6083
12.807692774338602,7,1.0,3648
12.807712343095519,13,1.0,-2912
12.807819582257572,5,1.0,0
12.807894852802695,13,1.0,-2575
12.808168388941635,13,1.0,-2112
12.808375698237084,8,4.0,5704
12.809378351187599,8,2.0,7795
12.809419683163009,14,1.0,-2858
12.809434741330104,13,4.0,-2899
12.809434741330104,17,4.0,-2899
12.809667596934695,9,2.0,7393
12.810054461529786,6,3.0,7888
12.810083643827408,7,12.0,6724
12.810237969958258,1,3.0,8129
12.810708552356319,8,3.0,6389
12.811258560098384,13,1.0,-2753
12.811309391303118,13,2.0,-2886
12.811480779185828,13,1.0,-2178
12.81205974847558,6,2.0,7808
12.812217991045472,17,5.0,-1915
12.812272109282421,13,1.0,-2232
12.812415446536738,7,5.0,4176
12.812475777313603,5,4.0,0
12.81267079316562,13,2.0,-2938
12.81304962229331,7,14.0,5301
12.813080315718398,14,2.0,-2594
12.813193281424628,9,2.0,4232
12.81328818614821,6,4.0,7774
12.813810729670344,13,1.0,-2873
12.813872746332242,2,4.0,8130
12.814283597912825,6,2.0,8112
12.814673410827597,7,5.0,6062
12.814798701238555,7,1.0,6947
12.815101368523269,7,5.0,4558
12.815453859424881,16,3.0,3141
12.815793693131958,5,6.0,0
12.815849697685685,7,4.0,6576
12.816091321922961,14,4.0,-3075
12.816091321922961,17,4.0,-3075
12.816411416839536,7,18.0,6719
12.816726288048864,13,1.0,-2964
12.818948229127187,13,5.0,-2917
12.818948229127187,17,5.0,-2917
12.819676433516644,1,1.0,8131
12.820220103793545,14,2.0,-2561
12.820437469545515,5,2.0,0
12.821230144537033,6,11.0,7851
12.821231816332315,13,1.0,-2725
12.821231816332315,17,1.0,-2725
12.821367790557169,7,3.0,3394
12.821412003553394,5,6.0,0
12.821444357436874,5,3.0,0
12.821453225887831,14,8.0,-2273
12.821657416538848,7,1.0,7514
12.821759927537885,13,4.0,-3149
12.821759927537885,17,4.0,-3149
12.822031791021413,14,1.0,-2189
12.822347011117108,13,1.0,-2663
12.82248209646227,13,39.0,-2996
12.822865804539902,13,1.0,-2549
12.823164279166281,14,42.0,-2640
12.82346592963071,7,5.0,5019
12.82346799514005,14,1.0,-2477
12.82346799514005,17,1.0,-2477
12.8236191482485,7,4.0,6907
12.825847060030423,5,2.0,0
12.825999559136925,13,1.0,-2988
12.826168256710382,13,1.0,-2834
12.826295546166497,14,2.0,-3100
12.82656560677834,13,2.0,-2325
12.82656560677834,17,2.0,-2325
12.82682649745699,13,1.0,-2254
12.827270174019311,14,3.0,-2129
12.827270174019311,17,3.0,-2129
12.827435143823713,5,4.0,0
12.827518277845874,13,1.0,-2933
12.8276659193442,13,1.0,-3041
12.827722509939381,6,4.0,8039
12.82791637171125,5,8.0,0
12.827985773475486,7,6.0,7272
12.828060869164801,5,1.0,0
12.82871207426955,5,4.0,0
12.828745248154325,6,2.0,6320
12.82897948477514,7,47.0,2762
12.829089170499179,5,6.0,0
12.829517901203058,14,3.0,-2690
12.829517901203058,17,3.0,-2690
12.829602807557373,6,7.0,6132
12.829723334455945,7,10.0,6663
12.830230294780145,5,2.0,0
12.830346859962683,13,1.0,-3153
12.830346859962683,17,1.0,-3153
12.830375850347002,13,3.0,-2166
12.830375850347002,17,3.0,-2166
12.830604555226214,1,11.0,8132
12.830649035069822,9,3.0,1819
12.830961301201292,14,1.0,-2493
12.830961301201292,17,1.0,-2493
12.831399078184958,7,1.0,5213
12.831616575346285,9,2.0,6633
12.832133074027922,7,37.0,6007
12.832133074027922,16,37.0,6007
12.832248558332612,10,11.0,7803
12.83235929573586,5,2.0,0
12.832429133512909,13,20.0,-2139
12.832935893833758,13,1.0,-3099
12.834471988848986,5,3.0,0
12.834577464173744,13,2.0,-2480
12.834612977443559,1,8.0,8133
12.834900851984653,7,2.0,5966
12.834914585975259,7,31.0,5039
12.835027814356588,14,1.0,-2239
12.835027814356588,17,1.0,-2239
12.835058026967157,5,6.0,0
12.835748991732906,7,6.0,6899
12.837069305210226,6,2.0,8006
12.837366502305402,7,2.0,7010
12.837467372631131,6,5.0,7260
12.837712509239761,14,6.0,-2555
12.837712945042037,9,2.0,6750
12.837751363971554,6,3.0,7883
12.838254460479812,6,7.0,8089
12.838398965715323,8,5.0,4692
12.838445846248213,13,2.0,-2465
12.838445846248213,17,2.0,-2465
12.838737663462643,7,2.0,7350
12.838792139453695,13,1.0,-2544
12.839268397401488,6,2.0,7982
12.839517048920285,6,3.0,7408
12.839592966339936,14,1.0,-2939
12.839622211835463,7,1.0,6355
12.839812802543587,1,3.0,8134
12.839867033488558,1,1.0,8135
12.839944152992835,13,2.0,-3002
12.839976737997466,5,2.0,0
12.840073836705386,17,2.0,-1379
12.840204223741708,3,7.0,8136
12.840386937885897,6,9.0,7914
12.840518194270901,13,1.0,-2196
12.841010112601152,7,3.0,6065
12.841284483669908,6,2.0,7568
12.841634529651689,7,9.0,6314
12.841952803490393,6,14.0,8083
12.842694047324242,7,22.0,6515
12.84271213319976,113,41.0,-2887
12.842776449120066,13,1.0,-2377
12.843024214817689,1,30.0,8137
12.843331652028732,6,6.0,8092
12.843340961849766,7,1.0,3907
12.843509686944454,16,17.0,177
12.84417978014361,14,1.0,-2204
12.845261699775932,9,3.0,6662
12.84547803012085,7,4.0,6267
12.845566246382726,13,1.0,-2824
12.845845948630622,14,1.0,-3150
12.845845948630622,17,1.0,-3150
12.845972901975005,13,2.0,-2164
12.845972901975005,17,2.0,-2164
12.846039233063287,7,39.0,7537
12.846496577330974,7,4.0,6272
12.847246713535183,7,1.0,6365
12.847894451271292,7,5.0,7355
12.848012219338099,7,2.0,4471
12.848114360527417,7,2.0,6190
12.84834048569414,13,1.0,-2268
12.84834048569414,17,1.0,-2268
12.8487365567744,1,8.0,8138
12.848965261919634,14,2.0,-2790
12.848965261919634,17,2.0,-2790
12.849280209312253,13,1.0,-2850
12.849407314467452,13,1.0,-2910
12.849407314467452,17,1.0,-2910
12.849556055410227,13,6.0,-2208
12.849841523480409,7,24.0,5297
12.850318619738466,7,2.0,7013
12.85056377931461,5,1.0,0
12.850599518071558,14,5.0,-2548
12.850821668630816,7,3.0,6192
12.850978483979155,5,28.0,0
12.851198726009649,7,4.0,5233
12.851748174950853,13,19.0,-2554
12.851837040787384,7,15.0,7016
12.851872445925835,8,4.0,7553
12.85226766558169,13,1.0,-2786
12.852911619296364,1,2.0,8139
12.853290787204653,13,1.0,-3005
12.853452451912313,13,56.0,-2541
12.853452451912313,17,56.0,-2541
12.85375303632015,7,25.0,5715
12.85475483449744,13,11.0,-2572
12.855105634940221,5,3.0,0
12.855151176821074,7,6.0,5031
12.855474247246327,1,1.0,8140
12.85593184472109,13,3.0,-2116
12.856205582389878,17,1.0,-441
12.856953387022479,13,1.0,-2875
12.85761383497099,7,13.0,7387
12.858177317629885,13,2.0,-2538
12.858582022564356,17,2.0,-524
12.859189576629381,9,3.0,5941
12.859622826297663,9,5.0,7467
12.859628138638328,14,1.0,-3069
12.859628138638328,17,1.0,-3069
12.860295844986645,13,2.0,-2461
12.860299266540112,14,1.0,-2566
12.86039450185735,6,3.0,6826
12.86053847695182,14,2.0,-2902
12.86053847695182,17,2.0,-2902
12.860632705503644,5,2.0,0
12.861011827445614,14,5.0,-2197
12.861398175982337,6,1.0,7458
12.861439059783866,13,7.0,-2903
12.861478201580596,14,4.0,-2671
12.861478201580596,17,4.0,-2671
12.861504789307187,8,2.0,4247
12.861730909366157,7,7.0,3129
12.862157025532929,9,17.0,6412
12.86223591278886,9,3.0,5285
12.862524652845693,1,8.0,8141
12.862606574856073,5,2.0,0
12.863793991776028,13,2.0,-2855
12.864028377977466,7,5.0,7344
12.864523140081962,5,1.0,0
12.864659557423126,13,3.0,-2158
12.864722208931777,5,2.0,0
12.864747633761457,13,2.0,-2540
12.865071587873109,14,4.0,-2511
12.865482072960583,1,1.0,8142
12.865939789768904,5,11.0,0
12.866384798961736,7,3.0,7173
12.866459199186972,5,6.0,0
12.866475791777434,7,6.0,4757
12.867279161775569,11,11.0,7511
12.867337567802448,1,10.0,8143
12.867697862656193,13,2.0,-3020
12.867770959091104,13,5.0,-2631
12.867937921108428,8,10.0,7211
12.86797134540512,14,2.0,-3066
12.86797134540512,17,2.0,-3066
12.86867596582675,13,2.0,-2600
12.868818569634627,14,2.0,-2508
12.86914363312978,5,2.0,0
12.869546365348604,14,5.0,-3116
12.870335832348484,9,2.0,7343
12.870509749656678,5,1.0,0
12.870523446499597,5,6.0,0
12.87097971191511,13,3.0,-2486
12.87114851422489,13,2.0,-2193
12.871241076841443,7,16.0,5851
12.87148778534238,7,6.0,5947
12.872261488979731,7,5.0,5322
12.872617999274606,13,1.0,-2898
12.872617999274606,17,1.0,-2898
12.873436031545307,7,10.0,7238
12.873486248038123,16,5.0,1966
12.874026848233537,9,4.0,6290
12.874680141518951,6,2.0,8050
12.875053554883362,7,1.0,7004
12.87563194408522,6,1.0,8044
12.876321720248917,6,3.0,8043
12.876453833911972,6,10.0,8110
12.876457058567738,14,4.0,-2243
12.876457058567738,17,4.0,-2243
12.876504597803168,14,1.0,-2264
12.87653339882057,6,1.0,7441
12.876546433672274,6,6.0,8107
12.876676988513093,7,2.0,5741
12.877304332209972,1,1.0,8144
12.877421224151599,5,1.0,0
12.877725770857595,13,2.0,-2251
12.87804861505978,7,32.0,6714
12.878345513478758,7,50.0,3805
12.878396020240757,6,5.0,7837
12.878435792125144,13,1.0,-2440
12.878658397583703,6,2.0,7169
12.878877618301654,14,2.0,-2282
12.878954730175748,5,60.0,0
12.880557656047548,5,24.0,0
12.88094261443399,5,1.0,0
12.880960055262896,9,3.0,3241
12.88117255568987,8,4.0,6077
12.881207022977536,14,4.0,-2366
12.881312756257103,6,3.0,7748
12.881421685683792,4,2.0,8145
12.881482988923334,14,5.0,-2768
12.881482988923334,17,5.0,-2768
12.881926185641868,13,1.0,-2327
12.882076341305932,10,14.0,7860
12.882904733590404,7,6.0,6665
12.883149102031123,7,8.0,5184
12.8835972410449,5,1.0,0
12.883807569193339,13,1.0,-2133
12.884373277411626,5,3.0,0
12.884904420221444,7,2.0,7048
12.885114497066533,13,3.0,-2334
12.885546321329642,7,9.0,7586
12.885756971355448,14,29.0,-2525
12.885848200535413,7,4.0,5314
12.885973948656684,13,3.0,-2135
12.886196414312462,13,1.0,-2265
12.886376549793454,13,2.0,-2609
12.886376549793454,17,2.0,-2609
12.886796356155646,7,7.0,6851
12.886936165837199,1,4.0,8146
12.88712266843184,6,1.0,8106
12.887219354641816,5,2.0,0
12.887536424702008,13,1.0,-2185
12.887898629502116,9,4.0,4768
12.888157226900823,14,15.0,-2934
12.888253550564377,13,1.0,-2615
12.888279064784513,10,20.0,8071
12.888929451394135,6,1.0,7292
12.888980495978178,5,1.0,0
12.889181439512509,14,6.0,-2845
12.889193360748532,6,1.0,6520
12.8893392957645,7,13.0,5051
12.889416064773153,14,1.0,-2498
12.889416064773153,17,1.0,-2498
12.889516393785938,1,3.0,8147
12.88954549936906,7,3.0,6996
12.889712527390737,1,1.0,8148
12.88993628916196,7,4.0,5901
12.892133564514713,5,4.0,0
12.893129912249643,13,2.0,-2881
12.893461492801505,7,20.0,6939
12.89361984598784,10,31.0,8111
12.893935648478084,7,6.0,6563
12.894174762492687,7,1.0,7443
12.894284335269978,5,4.0,0
12.894712913640744,13,1.0,-3077
12.89488140289534,16,1.0,6943
12.895136359711609,6,2.0,7562
12.895352857018402,9,25.0,6900
12.895550956547634,1,23.0,8149
12.895852494482465,7,5.0,7738
12.895916393384747,14,3.0,-2505
12.895916393384747,17,3.0,-2505
12.896247938282844,9,1.0,3780
12.896344178015788,8,7.0,5694
12.896506394268608,13,4.0,-2284
12.897049625105664,14,2.0,-2187
12.897049625105664,17,2.0,-2187
12.897542567974725,6,7.0,7815
12.897591397996194,7,1.0,6251
12.89770066729861,5,1.0,0
12.897849728970538,6,1.0,7862
12.898002680388887,7,6.0,7397
12.898020138174521,13,1.0,-2278
12.898313662023224,5,4.0,0
12.898351273707025,7,3.0,7099
12.898573844055683,7,2.0,7496
12.899017303254691,6,1.0,7823
12.899187025913577,13,5.0,-2923
12.899296179207754,14,1.0,-2654
12.899296179207754,17,1.0,-2654
12.900105949458595,8,21.0,6484
12.900429506330838,7,3.0,3678
12.900975264048942,9,16.0,6408
12.901370594098017,5,1.0,0
12.901372016430189,13,3.0,-2897
12.901372016430189,17,3.0,-2897
12.90143335073609,8,1.0,7404
12.901758465278455,7,33.0,4349
12.902582214884676,6,1.0,8100
12.90296105210085,13,8.0,-2340
12.903281635460097,5,2.0,0
12.903506323674238,7,4.0,7073
12.905400875527599,113,51.0,-2669
12.905678472874799,6,5.0,7673
12.90609981426741,5,3.0,0
12.906522086723466,7,1.0,5153
12.906613885900413,6,3.0,7781
12.906668630492817,5,2.0,0
12.907582308241471,5,1.0,0
12.907649484892728,1,1.0,8150
12.907721014066167,14,1.0,-2827
12.907901818608256,9,4.0,6769
12.908135967087768,14,2.0,-2741
12.908135967087768,17,2.0,-2741
12.908148971512727,7,3.0,7634
12.908180142182928,7,2.0,1647
12.908423732939216,7,1.0,7610
12.90880422759303,1,2.0,8151
12.909361990347053,7,5.0,6323
12.909642208246169,5,4.0,0
12.909750614045288,1,4.0,8152
12.910241962287751,7,1.0,7194
12.910479994348853,9,5.0,5055
12.911011842840125,14,7.0,-2757
12.911011842840125,17,7.0,-2757
12.911181186431167,13,2.0,-2442
12.911375713511449,5,5.0,0
12.911570833487703,1,10.0,8153
12.911882145342675,13,3.0,-2360
12.911882145342675,17,3.0,-2360
12.91208346482236,113,54.0,-2706
12.912090609679488,9,1.0,3622
12.912124438337582,7,2.0,7298
12.912414496299846,8,2.0,7424
12.912994709833141,7,1.0,7392
12.91319189028728,6,2.0,7811
12.914395398994175,6,1.0,8131
12.914535471825248,13,1.0,-3119
12.914983435891228,8,1.0,7936
12.915337451180092,7,1.0,5739
12.915808108198924,1,1.0,8154
12.916463647810144,7,7.0,7025
12.917431095770166,16,53.0,1060
12.917532446591771,14,1.0,-2618
12.91766918550896,6,2.0,8064
12.917823495592497,7,1.0,5414
12.917850664067942,7,13.0,4283
12.917875396710098,6,2.0,7923
12.917972267920895,14,2.0,-2742
12.918217381708153,13,1.0,-3054
12.918546948061621,9,3.0,5163
12.918574830716938,14,4.0,-2255
12.918795508175222,6,7.0,5083
12.9210128487868,14,2.0,-2514
12.921119942744522,13,3.0,-2430
12.921121331622262,13,9.0,-3087
12.921259935024835,5,2.0,0
12.922474310298062,14,2.0,-2629
12.922493836630688,13,1.0,-2332
12.923425260450339,17,1.0,-1632
12.924338535858368,9,5.0,6211
12.924633854404203,7,2.0,4868
12.924938868444956,10,1.0,7988
12.924976014402143,7,5.0,2735
12.925110987433321,7,1.0,5663
12.925341326356023,14,5.0,-2238
12.92550878914869,6,1.0,7958
12.925670634121209,13,1.0,-2195
12.925678238043897,13,1.0,-2404
12.926004350885936,9,5.0,7139
12.926216014288954,7,6.0,7518
12.926257554123456,13,2.0,-2318
12.926257554123456,17,2.0,-2318
12.926440429736372,13,4.0,-2944
12.926571378664601,16,18.0,3738
12.926588522896903,14,3.0,-3110
12.926588522896903,17,3.0,-3110
12.926678017351554,7,4.0,6674
12.927023420011633,9,11.0,5664
12.927280671413515,5,53.0,0
12.927600946934541,14,3.0,-2456
12.928186491570234,7,2.0,7208
12.928462629469323,6,8.0,8138
12.928628216402915,1,1.0,8155
12.9288059830132,14,3.0,-2895
12.92886243831993,8,5.0,7721
12.929288955838155,1,2.0,8156
12.930159787972583,7,3.0,6957
12.930493027535723,7,2.0,6748
12.931145879749073,1,2.0,8157
12.931150642943578,7,4.0,7054
12.931464849153727,7,1.0,4837
12.932634074675365,14,1.0,-3026
12.933388998387876,13,1.0,-2711
12.933522457860665,8,8.0,6016
12.933820926980209,13,2.0,-2172
12.933870805970233,9,6.0,4683
12.936351476293941,5,4.0,0
12.936391566868526,7,11.0,5581
12.937432333304695,6,3.0,8030
12.937475398604557,113,56.0,-2588
12.937613611741854,1,1.0,8158
12.937682120877673,5,2.0,0
12.937753848318057,6,7.0,7983
12.939217654715195,13,1.0,-2665
12.940052174605773,7,3.0,6961
12.94020537083523,13,2.0,-2659
12.940440187053728,14,2.0,-2913
12.940515715213111,13,4.0,-2170
12.94052360159044,14,3.0,-2879
12.940698589852252,13,1.0,-2946
12.940698589852252,17,1.0,-2946
12.940819585718865,6,4.0,7262
12.941664171330443,1,2.0,8159
12.941817111827314,13,2.0,-2872
12.941817111827314,17,2.0,-2872
12.942034133776623,7,2.0,6781
12.942112021736317,9,6.0,6547
12.94211689762971,7,1.0,6921
12.943497606637344,113,38.0,-2365
12.943672057523107,14,2.0,-3109
12.943672057523107,17,2.0,-3109
12.943885858778442,13,1.0,-2957
12.943885858778442,17,1.0,-2957
12.943895188339745,7,2.0,5854
12.943962861208869,13,6.0,-2134
12.944273986270366,7,12.0,6516
12.945062916974926,5,3.0,0
12.945270878886534,7,8.0,6893
12.945616943583756,13,1.0,-2642
12.945616943583756,17,1.0,-2642
12.94567796612056,13,1.0,-2592
12.945745000003066,7,2.0,7406
12.945944685054164,14,5.0,-2167
12.946321688527208,5,3.0,0
12.94649030568083,13,2.0,-3151
12.94655281542556,13,14.0,-2190
12.946903578948852,13,4.0,-2773
12.948210600377157,8,4.0,7157
12.948320332894363,8,4.0,7378
12.94866942444605,1,3.0,8160
12.94872018143325,13,1.0,-2470
12.948901173649935,14,3.0,-2283
12.948901173649935,17,3.0,-2283
12.94938210177891,7,1.0,6876
12.949382313551805,13,1.0,-2531
12.949630737557221,7,5.0,2047
12.949690890544128,14,4.0,-2429
12.949690890544128,17,4.0,-2429
12.949810675329399,13,5.0,-2419
12.950210777055432,13,2.0,-2460
12.95054256616247,1,2.0,8161
12.95079075467425,13,1.0,-2351
12.951096818384322,7,4.0,4520
12.951567389883024,13,1.0,-2621
12.951797816412201,6,1.0,8154
12.952853787834206,7,2.0,6161
12.953420398365704,13,9.0,-3012
12.953420398365704,17,9.0,-3012
12.953437407596299,16,2.0,3523
12.953464000848022,6,21.0,5342
12.953802133272035,5,2.0,0
12.954099614690753,13,2.0,-2367
12.954351815485374,14,5.0,-2482
12.954351815485374,17,5.0,-2482
12.955523253749227,113,56.0,-2883
12.955643879495748,14,5.0,-2692
12.955727007012827,6,2.0,8072
12.955824149158245,13,12.0,-3024
12.956036976272133,1,9.0,8162
12.956531849141186,1,5.0,8163
12.956540559563434,13,8.0,-2856
12.957016016129167,13,2.0,-2819
12.957016016129167,17,2.0,-2819
12.957386030352366,13,3.0,-2173
12.957685764380281,5,1.0,0
12.958436311681748,7,2.0,7685
12.95851658478049,17,5.0,-1604
12.958595229788571,7,2.0,6862
12.958874110262343,14,50.0,-2645
12.959144764012741,7,1.0,6455
12.95944648533214,13,1.0,-2306
12.95968720939818,14,1.0,-2491
12.96027519161291,9,2.0,6044
12.960327035085001,13,3.0,-2783
12.960327035085001,17,3.0,-2783
12.961278752054284,7,6.0,4766
12.962332498008,7,8.0,6670
12.963147442848662,10,12.0,7943
12.96364092097375,9,11.0,5834
12.964266578997663,7,5.0,7333
12.964362689881861,17,1.0,-112
12.964563075595013,13,1.0,-2732
12.965274528492461,7,3.0,7161
12.96531952423161,7,1.0,6549
12.96575248547672,5,5.0,0
12.965788510742433,14,1.0,-2751
12.966089868251206,13,1.0,-3093
12.966115895213715,13,2.0,-2237
12.967975264776776,7,3.0,7186
12.96816436795818,7,2.0,5164
12.96816436795818,16,2.0,5164
12.968475599279003,5,2.0,0
12.968525264909893,7,10.0,7772
12.968656026170597,5,8.0,0
12.968754833285717,16,57.0,872
12.968789477430064,1,6.0,8164
12.969207533917144,7,5.0,7307
12.969498911273206,113,35.0,-2200
12.969691062701004,6,2.0,8018
12.970095524109057,14,3.0,-2329
12.970095524109057,17,3.0,-2329
12.970109319813401,7,2.0,7015
12.970616802513494,13,2.0,-2256
12.970616802513494,17,2.0,-2256
12.97062153825086,7,4.0,4664
12.971240073802898,7,6.0,7076
12.972650370334852,13,2.0,-2632
12.97274815392629,6,9.0,8162
12.972987693564018,14,3.0,-2105
12.973576559524497,8,1.0,6773
12.974197591820909,6,6.0,7884
12.974493180920215,5,8.0,0
12.974912020679398,6,2.0,8121
12.975951723964146,1,15.0,8165
12.976214275146459,13,5.0,-2835
12.976214275146459,17,5.0,-2835
12.976243018185587,7,7.0,6045
12.976384990040275,8,17.0,7776
12.976395230340444,9,4.0,7378
12.976685222650865,14,7.0,-2634
12.977232852650141,6,6.0,5962
12.977400707446233,9,1.0,6197
12.977470767840098,6,7.0,7790
12.977529514673433,14,2.0,-2289
12.977745575647523,7,5.0,6924
12.978413011636983,113,31.0,-3001
12.978477572369405,8,3.0,7581
12.978872269871292,9,1.0,6890
12.97915317553048,14,1.0,-2293
12.97917670396393,7,1.0,7174
12.979364586893311,6,6.0,7140
12.979611442316717,13,3.0,-2396
12.980229629693616,13,5.0,-2995
12.980678459996424,7,6.0,5299
12.982043622689105,13,3.0,-3088
12.982110868662387,7,1.0,4454
12.982814519771274,7,3.0,5416
12.983468381342783,7,4.0,7216
12.983512513096604,7,10.0,7887
12.984069134659013,14,1.0,-2708
12.984069134659013,17,1.0,-2708
12.984170716040774,1,8.0,8166
12.984284348512237,6,2.0,8035
12.985084105810806,13,4.0,-2488
12.985480014388438,8,3.0,7556
12.985726575150908,2,6.0,8167
12.985893693665913,9,5.0,3781
12.98605013024944,13,6.0,-2971
12.98605013024944,17,6.0,-2971
12.98612993932086,14,1.0,-3121
12.986130807898586,13,6.0,-2353
12.98667564127023,5,1.0,0
12.986829954949785,1,4.0,8168
12.986932821476874,13,2.0,-2565
12.986986380751661,6,3.0,3916
12.987310708463392,6,7.0,6959
12.987523022872947,1,4.0,8169
12.987640064537239,17,2.0,-473
12.98773975943809,8,2.0,6319
12.987775036966747,6,1.0,8158
12.988144436377326,5,1.0,0
12.988811641149764,13,11.0,-2718
12.988965270083273,7,1.0,7376
12.989835318678535,7,9.0,7786
12.98990025623303,15,3.0,-392
12.989920755436101,1,5.0,8170
12.989995096906387,14,26.0,-2274
12.990218408717288,9,2.0,6319
12.99029238573756,14,2.0,-2620
12.99029238573756,17,2.0,-2620
12.990378239781442,7,1.0,7042
12.990483062385842,9,9.0,5641
12.990900050832412,13,8.0,-3018
12.991266187182024,7,2.0,4789
12.991308166543583,6,6.0,6284
12.991471410487303,9,2.0,7300
12.991536251599166,8,3.0,3916
12.992131030465634,9,5.0,3707
12.992169353683774,13,1.0,-2833
12.99258233314343,7,7.0,6234
12.993071126445486,7,6.0,5946
12.993334956410196,6,2.0,8077
12.993367385872592,1,2.0,8171
12.993459777184516,13,1.0,-3014
12.99349084897832,1,10.0,8172
12.994104735443214,7,27.0,6068
12.994383685078693,7,7.0,6092
12.994404528990403,13,2.0,-2295
12.994421040963939,6,1.0,7747
12.995994874851277,1,1.0,8173
12.997465360602547,13,6.0,-2180
12.998016296541564,13,1.0,-2563
12.998432338019587,7,5.0,6796
12.999101611571573,7,3.0,7018
12.999446883610979,6,3.0,7085
12.99956904709186,8,1.0,5490
13.000556803888752,5,2.0,0
13.00147484271876,7,1.0,6550
13.001638415260866,13,3.0,-3576
13.00168939418705,6,3.0,8127
13.00242423848514,6,4.0,7647
13.002603635873477,5,2.0,0
13.002757530728587,4,14.0,8174
13.003072469218633,7,1.0,6630
13.00372713346972,14,3.0,-3247
13.00388595738503,18,,0
13.003894621894343,101,4.0,8175
13.005709648386485,9,1.0,4832
13.005868976391664,7,5.0,6728
13.006334891441423,5,3.0,0
13.006455423678212,6,6.0,7831
13.006872399758217,18,,0
13.00690848867923,101,1.0,8176
13.007543065652559,7,8.0,7454
13.007999447283138,113,23.0,-3292
13.008172598475694,7,2.0,4647
13.008967826384156,5,4.0,0
13.00963664151609,7,1.0,7971
13.00965646216903,9,39.0,4808
13.00990032518881,1,2.0,8177
13.010895329239164,7,1.0,4706
13.011129214703354,7,5.0,2611
13.011170322467942,5,4.0,0
13.012380998874637,13,1.0,-3669
13.012643494855613,6,4.0,7996
13.012789119206854,8,1.0,7115
13.01357286111487,18,,0
13.013592658216506,101,2.0,8178
13.014124056154682,14,1.0,-3239
13.014818961630422,8,4.0,7192
13.015243845741193,13,5.0,-3562
13.015374912401777,7,9.0,6098
13.015726099781556,5,3.0,0
13.016045400885325,7,3.0,5527
13.016512077703284,7,2.0,7180
13.016666977208192,9,9.0,6693
13.01780860327452,5,2.0,0
13.018025927632834,6,4.0,7857
13.018256036873773,7,9.0,7440
13.019300911066459,1,1.0,8179
13.019925274036282,8,3.0,7460
13.020469529773168,8,6.0,7088
13.020684077519341,7,2.0,5045
13.020777721967239,16,52.0,1624
13.02096801545665,9,1.0,7250
13.021685870586246,7,3.0,5738
13.022245047455803,14,8.0,-3590
13.022452868327797,14,2.0,-3657
13.022649041936065,18,,0
13.022875905231315,103,55.0,8180
13.023040030828474,15,1.0,-20
13.023104838775694,8,7.0,7702
13.023424497578214,7,11.0,7230
13.023879369286677,1,5.0,8181
13.024320928108985,5,1.0,0
13.024653781436388,7,7.0,7599
13.024732960996408,6,5.0,7924
13.02525917285028,5,7.0,0
13.025883688852309,6,55.0,7906
13.02639109742549,8,3.0,6341
13.026538382594174,7,11.0,7700
13.026541996701962,5,2.0,0
13.027723842468301,5,5.0,0
13.028259043288145,7,1.0,6800
13.02849416313207,16,3.0,5347
13.028933982486599,9,4.0,7553
13.029042724452593,1,4.0,8182
13.029056803311391,7,2.0,6708
13.02920028518706,16,14.0,103
13.029946850918064,9,4.0,5704
13.030326551856195,1,1.0,8183
13.030642802992498,6,2.0,7438
13.031855643826644,7,6.0,6168
13.032402281200039,7,1.0,7794
13.032633790499753,6,3.0,7852
13.032978323719702,6,4.0,7965
13.033167743882723,15,1.0,-771
13.033679750543364,1,2.0,8184
13.034438921583323,9,4.0,7533
13.034858907889982,7,2.0,7979
13.034980467435325,7,11.0,5155
13.035300278386512,5,1.0,0
13.035820959834487,13,12.0,-3256
13.036621907504376,13,3.0,-3232
13.037425563552427,14,5.0,-3180
13.037547001676934,13,2.0,-3227
13.038210861249215,7,4.0,5246
13.038726825586402,7,3.0,2840
13.038865589167907,9,2.0,6954
13.040165681787915,7,7.0,5921
13.040165681787915,16,7.0,5921
13.040241645608933,7,4.0,6702
13.040348871761381,13,1.0,-3516
13.040811600133,5,2.0,0
13.041018323344023,14,2.0,-3155
13.041077086979776,7,2.0,6744
13.04137083204186,6,3.0,6559
13.04203820945666,13,2.0,-3419
13.04213911482235,5,3.0,0
13.042155486744937,13,1.0,-3367
13.042512889397262,7,7.0,7056
13.044985782352125,9,15.0,6344
13.045321574000448,1,4.0,8185
13.045767402932668,5,5.0,0
13.046416801226087,13,4.0,-3327
13.047181675204463,7,3.0,6001
13.048013976769273,10,14.0,8174
13.048349168376715,6,1.0,6343
13.048512388443829,6,4.0,5956
13.04878192331711,6,2.0,8101
13.049022780169137,6,2.0,7726
13.04928781250827,7,1.0,6870
13.049411905837822,1,2.0,8186
13.049470305011711,5,6.0,0
13.04964523084184,5,5.0,0
13.05036217443453,6,13.0,4392
13.051469216518521,13,2.0,-3671
13.051814228613093,8,2.0,6909
13.052995955240208,5,2.0,0
13.05302291939742,5,1.0,0
13.053096025635076,6,2.0,8177
13.053220375716982,5,4.0,0
13.053722326966355,6,4.0,7764
13.053804319621067,5,3.0,0
13.054515426071704,7,4.0,4086
13.05469953517242,14,1.0,-3326
13.055357193298255,13,3.0,-3532
13.056342049896541,7,1.0,6879
13.056478940178568,13,2.0,-3231
13.056716517912621,7,3.0,6755
13.056883929153782,7,32.0,6003
13.056940139207425,7,9.0,7187
13.05695100419678,1,1.0,8187
13.057106985136135,7,2.0,3590
13.057302902611156,7,7.0,6553
13.057746228055342,16,37.0,4119
13.05864636224394,6,3.0,8081
13.058955038155194,13,5.0,-3474
13.059977348000595,5,4.0,0
13.06027519490053,6,1.0,8148
13.060421427426158,7,2.0,2173
13.060828070390544,14,3.0,-3476
13.060892194034201,10,7.0,8136
13.061711927066444,7,5.0,6699
13.062008360367251,13,4.0,-3236
13.062498114035996,5,13.0,0
13.062767008298108,6,1.0,7676
13.063441556089975,13,4.0,-3545
13.064355867259133,9,3.0,5214
13.064373659335446,5,1.0,0
13.064623633233868,6,7.0,7578
13.064696893422784,7,4.0,6856
13.065522331994075,6,4.0,8182
13.066160790745066,15,1.0,-693
13.066612477989596,6,2.0,7347
13.067286809078903,7,2.0,5013
13.067308439717245,6,2.0,6710
13.067559493293075,5,6.0,0
13.067662731596275,5,1.0,0
13.067801286374596,13,2.0,-3645
13.0685540423834,1,11.0,8188
13.069402291471535,1,5.0,8189
13.070038408593502,1,11.0,8190
13.07007835410985,7,3.0,7590
13.070504361582932,7,6.0,5408
13.07100616300425,1,4.0,8191
13.071065340496839,6,1.0,8069
13.071092349500628,7,5.0,7098
13.072069122217414,13,1.0,-3425
13.07256275307951,7,2.0,6496
13.072932287900269,7,13.0,7464
13.073505684987095,1,1.0,8192
13.07369015739961,1,6.0,8193
13.073756652316664,14,5.0,-3368
13.074749775270503,1,6.0,8194
13.074863268647425,5,3.0,0
13.074965160485657,6,1.0,8140
13.0752186278636,6,2.0,8157
13.075243795097744,8,22.0,7156
13.075370862869603,6,2.0,7433
13.075465455137293,9,4.0,7510
13.075591566217087,13,11.0,-3597
13.075611069165046,13,1.0,-3579
13.075926376689344,7,3.0,6632
13.076198587578576,13,1.0,-3528
13.07623320168214,14,1.0,-3211
13.077632997330209,14,1.0,-3463
13.077915635532982,7,1.0,7059
13.077931008726711,6,2.0,7864
13.078314794471838,7,44.0,6198
13.078322271147538,7,2.0,7172
13.078450425750749,6,8.0,6148
13.079139032891707,6,3.0,7925
13.080457025792413,5,2.0,0
13.080539458510344,8,6.0,5635
13.080903912256948,13,2.0,-3182
13.081195617899475,6,2.0,8156
13.081240817633706,14,13.0,-3222
13.081378139715936,13,9.0,-3505
13.081701697813,13,2.0,-3294
13.082083843914955,13,1.0,-3428
13.08218958829422,13,2.0,-3444
13.082231994413778,7,13.0,7863
13.082264820479365,10,36.0,7889
13.082873394254118,13,3.0,-3254
13.084207663154574,7,8.0,7095
13.084285822962672,13,11.0,-3494
13.084349175678387,14,2.0,-3198
13.08479800326712,6,4.0,8098
13.085585693901697,14,3.0,-3510
13.086342870226291,11,9.0,6407
13.086638356783684,6,1.0,7956
13.087062610158299,7,1.0,7213
13.087123814540284,7,10.0,7855
13.088227270221875,7,3.0,7375
13.088530968143136,9,14.0,5593
13.0894385095669,1,7.0,8195
13.089928140739648,16,2.0,2190
13.089973722106024,7,1.0,7656
13.090606502421634,9,7.0,3551
13.091080683603172,1,3.0,8196
13.091779879316848,7,1.0,7691
13.092772560277744,8,2.0,5346
13.093318752291546,13,2.0,-3160
13.093414088858081,7,1.0,7743
13.094179740985181,13,1.0,-3443
13.095036581181615,6,6.0,7881
13.095244746521875,14,7.0,-3432
13.095539593199932,6,6.0,8046
13.095844315197354,5,2.0,0
13.096147921601652,6,3.0,7662
13.097152667050203,14,6.0,-3612
13.097378463290541,5,2.0,0
13.097827962343864,14,1.0,-3293
13.09894604646597,14,4.0,-3265
13.100941834004221,9,12.0,4129
13.101232529439942,14,3.0,-3573
13.101340475761349,13,5.0,-3451
13.101699076360994,1,1.0,8197
13.101888471499318,5,4.0,0
13.102454491878186,5,1.0,0
13.102769700864929,14,10.0,-3167
13.102873891110699,13,2.0,-3521
13.102914797092044,7,4.0,7459
13.103599838329922,6,3.0,7649
13.104828923979232,6,7.0,7374
13.104958639431535,10,1.0,8105
13.105289111498513,9,1.0,6932
13.10538474544623,14,1.0,-3281
13.10662434700839,13,2.0,-3169
13.106812751690837,13,3.0,-3194
13.109481588080415,13,2.0,-3436
13.109541352596365,13,4.0,-3192
13.109541352596365,17,4.0,-3192
13.110725185154717,13,2.0,-3659
13.110796219663472,1,2.0,8198
13.110974949748748,7,5.0,4942
13.111374681298495,13,2.0,-3291
13.11160246868152,1,1.0,8199
13.111848962154125,5,1.0,0
13.112825722190777,5,10.0,0
13.112902711750827,7,1.0,6256
13.114040392113692,5,4.0,0
13.114078312148026,13,14.0,-3184
13.11446956000817,7,5.0,7357
13.114550141672494,15,1.0,-542
13.114987884933662,6,25.0,6120
13.11541086025035,7,4.0,5343
13.115760690925383,13,4.0,-3498
13.115874714535412,6,5.0,8189
13.11621929277085,5,1.0,0
13.116321143466665,7,3.0,7311
13.116491897361417,1,5.0,8200
13.11760998044976,6,2.0,4450
13.117969788908228,7,4.0,7431
13.118026455756679,17,1.0,-2244
13.11805736040852,1,8.0,8201
13.118325657426839,5,1.0,0
13.118364980693855,7,3.0,7614
13.119273672277531,13,2.0,-3461
13.119938263854507,13,7.0,-3424
13.119938263854507,17,7.0,-3424
13.120583361824888,17,1.0,-2413
13.121041465484643,7,2.0,6986
13.121281893922843,7,2.0,6649
13.121982493162928,7,4.0,7688
13.122189087490687,14,5.0,-3457
13.122213210224944,1,8.0,8202
13.122403392847522,14,1.0,-3458
13.122638012959978,6,2.0,7628
13.123653459839256,5,4.0,0
13.123907346232164,5,4.0,0
13.124479645777939,9,1.0,7944
13.124562938490948,14,5.0,-3289
13.124931610577962,17,6.0,-18
13.126076879524554,17,1.0,-1304
13.126538935817635,6,6.0,8057
13.12728393388321,6,8.0,2288
13.127715639946635,5,3.0,0
13.127754492066996,7,4.0,7758
13.127768665383186,14,1.0,-3332
13.128968977713793,17,57.0,-2122
13.129588009856004,7,1.0,5696
13.130022183204803,5,5.0,0
13.130322500182602,5,5.0,0
13.130368777069226,6,2.0,8161
13.13092121617115,1,1.0,8203
13.131357044730322,6,3.0,8055
13.131486933279191,7,4.0,7309
13.131602585897296,17,6.0,-132
13.13175998759104,1,2.0,8204
13.13208943544821,7,2.0,6976
13.132496313912526,13,1.0,-3556
13.132496313912526,17,1.0,-3556
13.132622230592482,6,1.0,7874
13.132889740451763,7,22.0,6195
13.132892138171066,8,6.0,6261
13.132934608502778,13,3.0,-3431
13.133377164021798,8,1.0,7078
13.13391440238841,7,1.0,6883
13.134074707398586,6,4.0,6176
13.135911772870108,14,2.0,-3539
13.136307327345124,2,18.0,8205
13.136426239546742,13,6.0,-3314
13.137044694962368,1,1.0,8206
13.137069173232602,6,9.0,7165
13.13777813681653,13,1.0,-3508
13.1378885269745,7,3.0,6609
13.138330070092668,6,1.0,8206
13.138360968760036,13,15.0,-3658
13.13843929395442,6,3.0,8048
13.13851155010047,3,34.0,8207
13.13865914971735,7,6.0,4867
13.13884403419137,14,1.0,-3311
13.138908953120154,5,20.0,0
13.13911245317881,13,1.0,-3554
13.13957388262828,17,12.0,-2721
13.13969636286813,6,1.0,7984
13.140325334971362,5,7.0,0
13.140446766372232,5,4.0,0
13.140573815924851,1,7.0,8208
13.140712224617232,6,1.0,6453
13.14072497489402,4,2.0,8209
13.141085213847763,14,1.0,-3214
13.14158358757589,5,3.0,0
13.142237339541262,5,4.0,0
13.142446857915619,5,4.0,0
13.142790960294995,7,1.0,7271
13.142841222898818,14,2.0,-3542
13.142841222898818,17,2.0,-3542
13.143941648602064,7,1.0,5427
13.143971208651127,7,8.0,7719
13.14454163237323,16,2.0,5702
13.144682150403328,5,2.0,0
13.144708763461226,7,2.0,7580
13.144738470105128,15,1.0,-435
13.144808428579358,7,4.0,4967
13.145138417217767,13,2.0,-3453
13.14572859606977,7,3.0,7607
13.147210623699404,6,3.0,5918
13.14828914226541,9,8.0,5988
13.148442343356866,5,1.0,0
13.14847999141844,1,1.0,8210
13.149273354983146,14,9.0,-3351
13.149316643282603,8,2.0,7418
13.149414699336923,6,2.0,8204
13.149802128709357,17,1.0,-2918
13.149969284168938,6,9.0,6740
13.150521666548624,9,6.0,7002
13.150969759733185,1,3.0,8211
13.151083151297787,11,3.0,8013
13.151107764042113,8,5.0,7267
13.152009990399858,5,7.0,0
13.152657825136227,14,11.0,-3338
13.15345639446964,14,4.0,-3491
13.153493369277125,5,1.0,0
13.153683823351459,17,4.0,-1836
13.154402668080285,14,11.0,-3411
13.154826462297038,14,1.0,-3397
13.156262971670328,7,1.0,5435
13.157338276169714,4,33.0,8212
13.157344312171547,1,6.0,8213
13.157452228741601,7,16.0,5677
13.157936037076734,5,1.0,0
13.158336952840873,5,7.0,0
13.158594256050971,14,4.0,-3159
13.158873210000063,1,8.0,8214
13.15970602055664,7,2.0,6166
13.16010061734774,7,3.0,7509
13.160676250480584,16,40.0,2016
13.16101757886168,7,3.0,7051
13.16122241218438,7,3.0,6445
13.16135554909308,7,35.0,5276
13.161575811579846,7,1.0,6279
13.161695013179788,17,1.0,-1137
13.16196476852824,5,1.0,0
13.162055307048279,5,4.0,0
13.162538611992886,7,3.0,3754
13.162746439628313,7,6.0,4388
13.162750960514567,7,1.0,7723
13.162761964001486,6,1.0,5457
13.162779645325376,5,1.0,0
13.162851789156779,6,43.0,3604
13.163612393957031,6,2.0,8085
13.164011293575422,9,1.0,7078
13.16468170087919,14,1.0,-3555
13.164925726693964,5,2.0,0
13.165036953575221,7,9.0,3333
13.165227131769543,7,1.0,6608
13.165491801384464,6,5.0,7523
13.1658175855403,7,4.0,6763
13.165958830586288,8,1.0,6097
13.16646493786682,14,2.0,-3203
13.16646493786682,17,2.0,-3203
13.167072069072049,14,4.0,-3251
13.167459282979472,5,3.0,0
13.167741520489976,13,1.0,-3334
13.167973329151517,17,1.0,-2782
13.16840508428435,16,7.0,1026
13.16842013960022,1,4.0,8215
13.168438437197912,7,7.0,6031
13.16882953410473,16,5.0,88
13.169444490583698,5,3.0,0
13.171072533638661,15,1.0,-918
13.171316716614962,9,8.0,7269
13.172306383273986,14,1.0,-3567
13.17271153054831,6,1.0,8179
13.173112698148115,1,2.0,8216
13.173136295435363,14,9.0,-3205
13.173369034229207,11,5.0,7722
13.174345679371267,7,8.0,7652
13.17460998538339,13,1.0,-3328
13.17501495062114,14,2.0,-3298
13.17501495062114,17,2.0,-3298
13.175909974213193,8,6.0,4779
13.176042546112313,1,7.0,8217
13.176082556907035,1,4.0,8218
13.176800945532598,13,3.0,-3267
13.177280112749184,13,6.0,-3596
13.17763531853944,6,6.0,8117
13.177820923323333,7,12.0,5305
13.17839042220803,13,18.0,-3264
13.17839042220803,17,18.0,-3264
13.178476773988598,16,36.0,1469
13.179354929043276,13,3.0,-3543
13.179786756889342,13,6.0,-3325
13.179837516082724,14,3.0,-3404
13.180667110655966,7,1.0,7308
13.181009103507991,1,2.0,8219
13.182022958158415,13,3.0,-3393
13.182206505015243,13,2.0,-3302
13.182362560284462,7,9.0,7168
13.182628871072948,7,17.0,4088
13.182845339710578,6,2.0,7868
13.183255606438314,1,1.0,8220
13.18370274651127,17,4.0,-2339
13.184627972786792,7,4.0,7314
13.185410587901679,14,11.0,-3531
13.186335051663832,17,3.0,-537
13.186343930640824,6,2.0,7603
13.186627874151053,6,1.0,7622
13.18708895561737,7,1.0,7402
13.187141406318869,13,3.0,-3606
13.187368837678516,13,4.0,-3282
13.187574191184586,13,3.0,-3533
13.188444806751725,6,5.0,6837
13.188726038098956,7,1.0,7038
13.189337782083157,7,17.0,6312
13.18970621716866,7,5.0,7571
13.190259702965577,13,2.0,-3486
13.190259702965577,17,2.0,-3486
13.190486435285724,7,2.0,6713
13.1911334953501,5,4.0,0
13.192163570142547,6,1.0,7759
13.192317409798243,13,2.0,-3347
13.192465386263986,7,1.0,7624
13.192869081848617,11,5.0,7506
13.192968596161139,7,15.0,4644
13.193081283931276,7,1.0,7950
13.193235197504073,1,4.0,8221
13.193430625829992,5,1.0,0
13.193458693723802,1,7.0,8222
13.194262012440811,1,2.0,8223
13.194623469954756,6,1.0,8155
13.194717549691575,6,3.0,7955
13.194991685689317,14,2.0,-3201
13.194991685689317,17,2.0,-3201
13.19526318720191,13,1.0,-3481
13.19526318720191,17,1.0,-3481
13.195422915991925,6,3.0,7948
13.195530095124651,17,43.0,-859
13.196118118721232,4,13.0,8224
13.196226999785603,13,1.0,-3337
13.197100916371806,14,1.0,-3154
13.197100916371806,17,1.0,-3154
13.197201559019199,6,1.0,8114
13.197795952383046,9,2.0,4247
13.197863203950416,14,9.0,-3437
13.197931378670233,17,4.0,-1282
13.19805688512405,7,2.0,6696
13.198289926447242,7,1.0,6922
13.199416108764861,6,13.0,7997
13.199511123407042,8,5.0,2515
13.200039452316304,7,28.0,5637
13.200039452316304,16,28.0,5637
13.20004383817345,113,23.0,-3422
13.200668074269842,7,3.0,7296
13.201156034195865,5,12.0,0
13.20164943478647,13,3.0,-3584
13.20164943478647,17,3.0,-3584
13.201697634720109,7,5.0,7067
13.202047120617234,8,19.0,777
13.202149768974683,14,22.0,-3339
13.202967478169523,6,7.0,7720
13.203005525124858,8,4.0,7796
13.203449602092586,13,2.0,-3644
13.203672203469015,16,18.0,1160
13.203847110652193,5,4.0,0
13.204243857025233,7,4.0,6457
13.205111289583431,3,4.0,8225
13.205541451550863,1,7.0,8226
13.206356390282604,7,3.0,7560
13.206902533675178,5,2.0,0
13.207199738932447,15,3.0,-757
13.207377947013043,3,56.0,8227
13.20738462263791,5,2.0,0
13.209365668883944,14,3.0,-3262
13.209619751113465,14,11.0,-3175
13.210212919452843,5,1.0,0
13.210397551978533,9,2.0,6874
13.210919527145236,5,5.0,0
13.211719617574524,6,5.0,8097
13.211729198743475,9,12.0,6156
13.212697846782476,1,3.0,8228
13.212829230876912,15,4.0,-782
13.213792531226881,13,3.0,-3322
13.214116263345387,8,2.0,3759
13.214640189804443,1,1.0,8229
13.214872167309178,8,1.0,7981
13.216499608336944,14,2.0,-3465
13.217932565507311,6,4.0,6572
13.218228146697683,14,12.0,-3277
13.218381730830963,5,2.0,0
13.218451998139688,6,10.0,7007
13.218639504158434,6,6.0,8074
13.219091992480175,7,1.0,6993
13.219184132769335,14,1.0,-3500
13.219227294890906,6,6.0,8213
13.219435511515112,7,1.0,7940
13.219736074096694,5,4.0,0
13.219789794131557,1,1.0,8230
13.220027415714185,6,7.0,7946
13.22030166497071,5,3.0,0
13.22034688564545,1,2.0,8231
13.220511417495356,5,1.0,0
13.22082911729454,13,1.0,-3172
13.22116752962398,16,6.0,3431
13.221479685768168,7,3.0,5351
13.22195525551399,6,1.0,7746
13.222341464556878,7,3.0,7800
13.222535866291008,1,5.0,8232
13.223098447995055,13,2.0,-3617
13.223922338676006,7,2.0,7335
13.22394594976964,7,18.0,7160
13.224076332918411,13,2.0,-3364
13.224082534983484,7,3.0,4605
13.224371978485449,1,2.0,8233
13.224537952133394,13,1.0,-3593
13.224667966351946,15,1.0,-603
13.225154400005476,7,3.0,6311
13.225600245052414,14,2.0,-3195
13.226189135807205,17,7.0,-188
13.226214899595035,1,3.0,8234
13.226243753647266,13,1.0,-3626
13.22628152671414,13,5.0,-3246
13.226698996203703,6,3.0,8147
13.22676358744092,14,4.0,-3324
13.226948374931148,16,3.0,803
13.227563822001478,13,2.0,-3527
13.227563822001478,17,2.0,-3527
13.228102645545693,7,3.0,5765
13.228225376094318,7,2.0,7293
13.228445340080043,6,5.0,7680
13.228488553759489,7,3.0,7515
13.228641600429247,7,7.0,6718
13.228999156469126,1,1.0,8235
13.229217088486214,13,1.0,-3183
13.229530462336987,7,28.0,6282
13.229695878140415,16,2.0,5976
13.229760973537473,5,16.0,0
13.230228903286568,6,9.0,7920
13.230256352206009,16,4.0,911
13.230268073474678,5,4.0,0
13.231206396186867,7,2.0,7365
13.231324619809278,7,6.0,2745
13.231512582175947,6,7.0,7703
13.23158765058977,6,3.0,6792
13.231649722783605,7,2.0,6979
13.231805216117023,5,2.0,0
13.232254406611627,7,6.0,7104
13.233407385145377,1,6.0,8236
13.233651923417241,7,2.0,7949
13.23406637055023,8,14.0,4990
13.23498831779955,5,3.0,0
13.235014787772426,7,9.0,6815
13.235598503718244,6,2.0,7829
13.2357338093626,10,8.0,7657
13.236317097231948,1,7.0,8237
13.236606524073776,7,8.0,3497
13.236711875479278,8,2.0,7838
13.237216628626298,13,3.0,-3420
13.237831655791416,17,1.0,-2661
13.2379242223506,17,8.0,-459
13.238042547786327,3,42.0,8238
13.238284161531034,5,4.0,0
13.238833025042666,16,5.0,2166
13.238930970471571,13,5.0,-3348
13.238930970471571,17,5.0,-3348
13.238954808356556,5,2.0,0
13.238957031639327,10,16.0,8103
13.239040474658687,8,3.0,8043
13.23919165164162,14,1.0,-3575
13.239943527402723,8,6.0,7831
13.240199626753522,6,5.0,8200
13.240203415314653,1,2.0,8239
13.240245196917078,13,1.0,-3622
13.240460924356052,13,1.0,-3220
13.240927269511856,7,1.0,6046
13.241092552871688,1,2.0,8240
13.24120564161386,14,4.0,-3594
13.24313521241936,6,2.0,7947
13.243401940893524,3,52.0,8241
13.243525742927327,11,57.0,7249
13.24483464275512,7,2.0,6469
13.24483464275512,16,2.0,6469
13.246653462562076,8,2.0,5355
13.24678902251652,13,6.0,-3447
13.247012912147927,7,11.0,5922
13.248323720343983,5,4.0,0
13.248804583203032,1,1.0,8242
13.24901106587254,6,6.0,8167
13.249152488625693,13,3.0,-3156
13.249152488625693,17,3.0,-3156
13.250346323275611,7,1.0,5361
13.250544008654165,5,52.0,0
13.250555573759689,17,1.0,-1230
13.250717804370339,7,4.0,6655
13.251092116366747,1,3.0,8243
13.25121549621609,6,29.0,7621
13.251547588929478,17,1.0,-2760
13.25244242209403,6,1.0,6611
13.252710057516566,13,6.0,-3536
13.253058100219327,7,1.0,7111
13.253682674950765,16,8.0,2111
13.255153066968656,6,4.0,7261
13.25534745476121,6,1.0,7970
13.256761926468364,5,9.0,0
13.256901206642091,7,2.0,7456
13.257814350396263,5,4.0,0
13.258544399676683,14,2.0,-3538
13.258740822380714,7,2.0,6216
13.258743180384043,9,1.0,6850
13.259328782671687,5,3.0,0
13.259585969338987,5,1.0,0
13.26060430397881,14,2.0,-3507
13.260661073745503,5,1.0,0
13.260868198710432,6,18.0,6682
13.260915226111752,7,1.0,6685
13.260992250922031,6,6.0,8058
13.261639299924507,14,8.0,-3652
13.261825482654265,5,3.0,0
13.261923506360118,8,4.0,5042
13.261944092674025,7,4.0,7909
13.262008408810024,5,1.0,0
13.262265174775827,6,3.0,5372
13.262832998269504,6,2.0,8040
13.262960326492792,8,2.0,8178
13.263425332809796,7,3.0,6734
13.263957463688822,6,4.0,7833
13.264923390569981,7,35.0,5954
13.264926896207015,1,1.0,8244
13.26578183505537,5,11.0,0
13.26592821498732,9,15.0,4799
13.266686040689272,6,7.0,6163
13.266878795025082,14,3.0,-3530
13.266878795025082,17,3.0,-3530
13.267794352276145,7,14.0,6470
13.267853089629517,1,8.0,8245
13.26850728961749,7,7.0,7635
13.268523914976107,1,2.0,8246
13.268642150032044,13,4.0,-3166
13.270132943994703,6,5.0,6869
13.27054837699099,13,8.0,-3517
13.270692802616747,14,1.0,-3492
13.271124498730506,5,6.0,0
13.271240965560082,7,3.0,2926
13.272960767187145,13,1.0,-3429
13.273339359040113,17,1.0,-2624
13.274250524060022,15,3.0,-341
13.274355169281977,6,1.0,7022
13.274824606969645,7,5.0,6640
13.275362370810386,5,1.0,0
13.27597347354713,1,10.0,8247
13.276022993137435,5,1.0,0
13.276187031931979,14,3.0,-3670
13.276456032896458,8,1.0,7334
13.276542606229595,13,10.0,-3526
13.27688644808337,7,1.0,7448
13.277258326355389,7,2.0,7412
13.277935220969258,17,31.0,-303
13.2780627365236,7,6.0,7704
13.278263798984284,6,1.0,3426
13.278584231769077,13,3.0,-3450
13.278704048806194,13,2.0,-3208
13.278764719195028,6,5.0,7728
13.279247610468857,8,2.0,8000
13.279467391418278,5,2.0,0
13.279645134465234,8,3.0,6418
13.279883391110916,14,4.0,-3399
13.279883391110916,17,4.0,-3399
13.281362424166273,8,2.0,8040
13.281575698307611,5,19.0,0
13.281703214373401,13,17.0,-3287
13.281769464950166,14,13.0,-3635
13.282038499366061,13,2.0,-3651
13.282063464648243,16,1.0,2826
13.282387555155397,8,3.0,8127
13.282514679778508,5,6.0,0
13.282723599749481,7,3.0,7305
13.28276879669437,11,42.0,7598
13.282780725436647,13,2.0,-3496
13.284001329666232,14,8.0,-3209
13.284272460115252,6,1.0,8142
13.284594726828308,8,2.0,7592
13.285659647895152,7,8.0,6692
13.28585694812291,6,3.0,8080
13.285966529869704,8,33.0,4945
13.286010151757969,14,2.0,-3462
13.286472398673991,1,5.0,8248
13.287073051605335,14,1.0,-3225
13.287073051605335,17,1.0,-3225
13.287760414698273,14,1.0,-3611
13.287760414698273,17,1.0,-3611
13.28803904647197,14,4.0,-3470
13.288125916977801,17,6.0,-993
13.288357328375131,8,9.0,7065
13.289177745290914,13,4.0,-3391
13.289364148897265,1,2.0,8249
13.289868348423687,7,5.0,6811
13.290139314985598,13,1.0,-3480
13.290324562729005,6,1.0,7938
13.290572520698374,6,4.0,7757
13.29071515807308,5,30.0,0
13.290812177815607,4,1.0,8250
13.291442431215604,1,2.0,8251
13.29200970148395,8,1.0,4157
13.292258143493747,13,1.0,-3243
13.292279424610102,6,1.0,8197
13.292325110616524,7,2.0,4173
13.292376530331623,1,4.0,8252
13.292850557009,7,13.0,7373
13.293656142387638,13,1.0,-3430
13.29431849906679,13,5.0,-3618
13.294680602545005,9,3.0,5169
13.294851288823446,6,2.0,7917
13.295171997228882,9,7.0,5793
13.296157552035188,8,4.0,6944
13.296569590297924,6,1.0,7910
13.297008012421275,5,9.0,0
13.297138419080845,7,4.0,7245
13.297176724027649,5,3.0,0
13.298464087974299,7,13.0,7591
13.298892437448842,13,4.0,-3449
13.298968667804656,6,3.0,6494
13.299252718769072,7,20.0,5876
13.299781649618728,13,11.0,-3212
13.299781649618728,17,11.0,-3212
13.299800845159007,6,1.0,8187
13.300047797887638,9,2.0,6658
13.300143549726913,13,60.0,-3295
13.300143549726913,17,60.0,-3295
13.300339918127221,6,2.0,7328
13.300375346207328,6,2.0,6124
13.302676898427462,6,11.0,4451
13.302678362085947,6,3.0,7907
13.303041737628416,5,6.0,0
13.303125634778498,8,3.0,7762
13.303151816139348,5,1.0,0
13.303368788823487,7,5.0,6798
13.304454862190845,6,3.0,7848
13.304626035351891,14,3.0,-3313
13.304955941702026,16,1.0,1780
13.304976992774098,5,9.0,0
13.305909491674292,13,3.0,-3396
13.306407584886113,14,3.0,-3296
13.307140368473181,14,2.0,-3637
13.307257671757267,7,1.0,8037
13.307353287081893,13,10.0,-3249
13.307353287081893,17,10.0,-3249
13.307951348169958,8,1.0,7565
13.308465895221465,17,1.0,-3094
13.30865574442826,13,1.0,-3162
13.309323392781193,7,3.0,7959
13.309532669334201,7,16.0,7539
13.310055248904902,10,3.0,7998
13.310162845448659,1,4.0,8253
13.310555278353279,7,22.0,7434
13.310590690752015,7,6.0,4216
13.310709925351345,7,1.0,7674
13.311051751896988,6,3.0,5417
13.311177319107054,14,1.0,-3186
13.311266914721422,1,11.0,8254
13.311344103538566,7,2.0,6751
13.311816941363018,6,16.0,8063
13.312745727742227,6,2.0,3386
13.312858662060464,7,2.0,6430
13.31304428190455,7,1.0,4317
13.314107395678043,9,20.0,4413
13.314833939813216,9,1.0,6397
13.315161353640693,13,1.0,-3402
13.315511443697401,5,7.0,0
13.31551316593086,14,29.0,-3394
13.316632438143625,4,6.0,8255
13.31666028153709,14,1.0,-3605
13.316781760078381,1,2.0,8256
13.317146204179494,13,1.0,-3360
13.31723397324812,5,13.0,0
13.318064604138215,1,12.0,8257
13.318279670018935,7,28.0,6721
13.318279670018935,16,28.0,6721
13.318434405310764,7,17.0,6393
13.318601190595956,7,2.0,3135
13.318669305809179,1,4.0,8258
13.320328391411785,7,13.0,5207
13.320873170253883,5,40.0,0
13.321173164256649,1,2.0,8259
13.321489471047128,13,1.0,-3610
13.322038532759974,8,5.0,6889
13.32250407637545,7,2.0,6262
13.322866697560107,5,1.0,0
13.323647674893577,7,1.0,6541
13.323807651555343,14,2.0,-3190
13.323850767739689,7,3.0,7991
13.324372135829268,7,9.0,3853
13.324889863616614,7,1.0,7588
13.325311922393205,13,2.0,-3286
13.32532703267523,7,6.0,6530
13.325442118321588,7,2.0,6768
13.325671591495572,5,1.0,0
13.326422191730634,14,2.0,-3512
13.32728931085761,5,1.0,0
13.328199023253996,5,1.0,0
13.328612530999209,7,1.0,7193
13.328673433579066,5,1.0,0
13.329073185969433,9,8.0,6371
13.329548558254873,17,1.0,-1948
13.330134341903607,8,2.0,7438
13.330200602745975,1,2.0,8260
13.330283970488189,8,2.0,6227
13.330313283676194,13,2.0,-3178
13.330616944243848,9,10.0,7211
13.330634106020064,7,2.0,3964
13.330868012758305,14,11.0,-3456
13.331379247369178,7,5.0,7277
13.331660306780249,13,1.0,-3435
13.331865847446602,7,17.0,7167
13.332958589948245,8,1.0,7780
13.333066921792692,7,7.0,7066
13.334206578713053,8,2.0,6058
13.334277412898823,7,7.0,4183
13.334309943034055,13,3.0,-3189
13.334350394847949,7,1.0,7593
13.334384645993946,8,6.0,6864
13.33460263528199,5,1.0,0
13.334757255086325,5,1.0,0
13.334777726296801,12,20.0,8071
13.334960701729994,1,6.0,8261
13.335483653658574,1,8.0,8262
13.335553017432465,6,3.0,8211
13.335898527940321,15,1.0,-250
13.3359545023147,5,3.0,0
13.33603497308244,5,3.0,0
13.336081254751072,8,10.0,7951
13.336792246383027,6,5.0,8232
13.337446308848742,15,2.0,-58
13.337994310979205,15,3.0,-382
13.338031926703724,14,2.0,-3268
13.338031926703724,17,2.0,-3268
13.338193662125244,15,3.0,-60
13.33847558438558,7,1.0,6804
13.338816258252368,13,1.0,-3502
13.338825445194132,13,1.0,-3378
13.339404348558322,17,3.0,-1423
13.339418873059454,7,1.0,7806
13.339959607065502,1,3.0,8263
13.340537703009232,13,2.0,-3418
13.34182382005085,14,1.0,-3372
13.341834588006709,6,4.0,6956
13.342739028625925,6,2.0,6770
13.342775599023115,15,6.0,-147
13.343416834484847,14,1.0,-3660
13.343600504115443,13,1.0,-3344
13.343615003451598,6,2.0,8216
13.343683679031924,5,1.0,0
13.343723120769331,11,16.0,6758
13.344168522272625,9,5.0,6889
13.344543512572697,13,1.0,-3561
13.346010673929376,1,8.0,8264
13.347162361940116,7,3.0,7315
13.347211121956828,7,2.0,6512
13.347591919140951,7,20.0,7324
13.34937593782141,5,3.0,0
13.35005252425495,13,2.0,-3221
13.350273929702196,8,2.0,7829
13.350388587013986,5,1.0,0
13.350432306900943,13,1.0,-3340
13.350432306900943,17,1.0,-3340
13.350853627387524,13,1.0,-3385
13.350911447749448,13,9.0,-3237
13.351053805841783,13,1.0,-3403
13.35137965499705,7,1.0,2576
13.351459062336348,7,1.0,7834
13.351612722807882,9,14.0,4990
13.353254690127793,14,3.0,-3305
13.356340686976052,14,6.0,-3349
13.35657277641577,1,5.0,8265
13.35669643144819,16,2.0,1586
13.35801253633717,7,12.0,4387
13.358037978393323,6,3.0,8005
13.358872928781526,7,5.0,6087
13.359092996264543,6,2.0,8256
13.35912787901686,3,37.0,8266
13.35970170298016,1,20.0,8267
13.360306797902314,7,1.0,6447
13.360376779973508,9,5.0,2515
13.360524751099147,8,1.0,8176
13.36086092840825,9,2.0,7592
13.361756603145801,13,1.0,-3270
13.361798591378761,13,4.0,-3163
13.361946188516933,13,1.0,-3446
13.362163154179088,1,3.0,8268
13.362244359412118,14,3.0,-3628
13.362857909384012,13,2.0,-3663
13.362857909384012,17,2.0,-3663
13.363151378138072,5,2.0,0
13.363201418083621,13,1.0,-3275
13.363201418083621,17,1.0,-3275
13.363308504830531,5,1.0,0
13.363620429034135,13,5.0,-3245
13.363951921830187,17,3.0,-62
13.364581001150885,7,3.0,6477
13.364581001150885,16,3.0,6477
13.365418615486167,6,5.0,8078
13.365453956660918,5,3.0,0
13.365925690467224,6,2.0,8198
13.366378857303062,1,3.0,8269
13.366823389815583,5,1.0,0
13.366958176708886,17,3.0,-486
13.366979262256429,6,1.0,7937
13.367130548496869,13,1.0,-3477
13.367229944177192,15,11.0,-331
13.368068103797608,15,2.0,-219
13.368783164860933,1,3.0,8270
13.369128022536135,17,8.0,-1557
13.369393883501674,8,3.0,7907
13.370637604093643,13,2.0,-3354
13.370637604093643,17,2.0,-3354
13.372128159317098,7,2.0,7969
13.37230523087085,7,1.0,4012
13.372709259565735,16,1.0,3417
13.372826376923863,13,2.0,-3568
13.373410052841837,8,2.0,6367
13.374849292647255,113,41.0,-3614
13.374861123661644,5,1.0,0
13.374940479364216,8,6.0,6843
13.375351592457653,8,12.0,6973
13.377137183691536,17,2.0,-753
13.377297546704801,9,2.0,6599
13.377626533860937,5,1.0,0
13.377726144866154,13,2.0,-3377
13.378451481555544,8,8.0,6148
13.378745904325873,7,11.0,3995
13.379065116310384,6,1.0,8061
13.379229064849348,7,8.0,6759
13.380320908250152,13,8.0,-3215
13.381875170882406,7,1.0,7659
13.382548847958894,5,7.0,0
13.382716214351472,113,41.0,-3616
13.383251681653237,8,4.0,7916
13.383311310177668,17,2.0,-804
13.38374646293439,7,7.0,7687
13.384086667778195,8,3.0,6659
13.384224577370128,15,1.0,-125
13.385003899295373,11,15.0,6966
13.385974672317175,16,13.0,5275
13.386093340538455,5,2.0,0
13.386728122353718,17,1.0,-2391
13.387774030444099,7,8.0,6404
13.387997963414545,9,1.0,6972
13.388909225375892,6,6.0,8194
13.388923991467289,6,4.0,7383
13.389352354122249,7,12.0,6926
13.389714833541918,6,10.0,8172
13.390051380477646,14,2.0,-3540
13.39097953344697,7,5.0,6780
13.391015298002449,17,2.0,-2714
13.391537274162665,9,1.0,5205
13.391941251779826,1,11.0,8271
13.391973474959011,8,7.0,5061
13.392391788942918,7,3.0,7442
13.393648735229803,7,6.0,5249
13.394267934013127,5,3.0,0
13.395129081265695,6,7.0,8014
13.39530924323706,6,2.0,6372
13.39570893909256,7,9.0,6041
13.396114540817658,9,10.0,7951
13.396357071453734,5,1.0,0
13.396680339181245,9,2.0,6590
13.398123000577218,13,2.0,-3303
13.398515144132356,13,2.0,-3583
13.398580647459845,9,4.0,6929
13.398726293728915,5,1.0,0
13.398934187751966,9,7.0,6946
13.399384095448045,13,5.0,-3386
13.399725199403713,5,4.0,0
13.399746004404594,4,3.0,8272
13.400291574779672,5,2.0,0
13.400523583069571,6,10.0,6575
13.401643105210622,10,24.0,8102
13.401686760203265,6,2.0,8219
13.402293979122577,5,6.0,0
13.402426427094547,5,3.0,0
13.402573483093958,8,5.0,836
13.403987286039303,9,5.0,4209
13.403999254008,14,2.0,-3592
13.404181601648629,5,2.0,0
13.40428500084072,1,4.0,8273
13.404372642512877,14,3.0,-3329
13.40455341427354,17,12.0,-1127
13.405739273615538,5,1.0,0
13.405841761325181,12,55.0,8180
13.405910226743783,17,1.0,-1565
13.406024614292868,8,1.0,8197
13.406264577318042,6,8.0,7231
13.408253000391847,7,4.0,7886
13.408538616140616,13,1.0,-3587
13.408692233021224,7,16.0,7787
13.408976870314115,5,1.0,0
13.409717418624199,7,2.0,6503
13.411070539586632,7,1.0,7071
13.411369937191552,6,3.0,4776
13.411530609483862,6,2.0,7669
13.411904111854401,14,1.0,-3655
13.411987322263835,14,3.0,-3641
13.412201031751602,5,1.0,0
13.41305206184996,5,1.0,0
13.41397639588486,13,1.0,-3582
13.414134202851386,14,1.0,-3604
13.414134202851386,17,1.0,-3604
13.414180240147264,1,5.0,8274
13.415632297922757,6,2.0,7878
13.415745775556664,1,3.0,8275
13.416947923915005,6,1.0,7597
13.417958599176234,13,3.0,-3493
13.417958599176234,17,3.0,-3493
13.418567572291346,13,4.0,-3297
13.418567572291346,17,4.0,-3297
13.419108327459996,13,7.0,-3229
13.421266913947179,7,2.0,7487
13.421845021238447,7,5.0,7302
13.422763970490832,14,5.0,-3504
13.423390263914735,14,1.0,-3170
13.423390263914735,17,1.0,-3170
13.423843397514943,1,1.0,8276
13.424588587859144,5,1.0,0
13.424743686320777,14,2.0,-3623
13.425194586800547,7,2.0,6951
13.426219135861084,13,1.0,-3619
13.426219135861084,17,1.0,-3619
13.42693871260778,7,1.0,3630
13.427071733645903,14,8.0,-3654
13.427116363676642,6,2.0,8086
13.428525453049671,17,3.0,-729
13.42934981596351,13,5.0,-3499
13.42940122638086,6,2.0,8056
13.429666215188616,13,1.0,-3511
13.430216719808083,5,7.0,0
13.430920159353702,7,36.0,4212
13.432107072612823,6,2.0,8041
13.43434657670301,7,3.0,7203
13.434407358698667,13,10.0,-3520
13.434975027749893,5,5.0,0
13.435054130463968,13,53.0,-3433
13.435187366168549,13,2.0,-3312
13.43527256264364,6,3.0,7840
13.436097463327217,5,9.0,0
13.436564326183925,13,2.0,-3497
13.43697603012214,9,4.0,6892
13.436992712021613,7,1.0,6896
13.437002386557667,7,2.0,7199
13.43721719714724,6,4.0,7793
13.437250755785453,8,10.0,8172
13.438268971470897,9,9.0,7057
13.438355512304511,5,2.0,0
13.438401803225464,6,3.0,7036
13.438443286367301,6,6.0,7854
13.439700674672537,7,6.0,6288
13.440238728678642,10,34.0,8207
13.440691706856374,7,1.0,7364
13.440990315305896,7,4.0,8011
13.441367254983374,2,2.0,8277
13.444082915109067,7,3.0,7559
13.444195178839768,14,1.0,-3553
13.444495748234838,1,2.0,8278
13.44556294289289,7,1.0,7338
13.446134916975671,6,4.0,8273
13.44661411381313,5,3.0,0
13.447687893360438,1,2.0,8279
13.448079475872575,5,1.0,0
13.448284286402277,13,14.0,-3442
13.449050772514848,9,6.0,5635
13.449276005901021,6,3.0,8228
13.449593558139465,5,8.0,0
13.450402558674078,6,1.0,8122
13.450490884971074,8,12.0,5128
13.451411171104905,7,3.0,7280
13.451679115428819,15,1.0,-153
13.451756655003889,6,2.0,8051
13.452981222152811,7,1.0,6602
13.452981222152811,16,1.0,6602
13.453950415332166,7,13.0,7366
13.4541750227482,14,9.0,-3467
13.454401360343141,1,4.0,8280
13.454749674212895,5,6.0,0
13.45660414531223,8,1.0,5997
13.457137853947708,9,2.0,7034
13.457221049039834,5,3.0,0
13.458800449424261,13,2.0,-3472
13.45938862677039,6,1.0,7384
13.45984131963551,7,4.0,7627
13.460279563070017,1,3.0,8281
13.46030083491806,14,17.0,-3609
13.460648788750866,1,3.0,8282
13.461985659842165,14,3.0,-3304
13.462282504142557,7,2.0,4544
13.462843974966207,9,12.0,6973
13.463532956924679,6,5.0,7017
13.463682711939077,7,1.0,7100
13.463950970347119,9,3.0,6615
13.464376760281308,6,7.0,8226
13.46466697218382,7,5.0,7769
13.464981408234909,1,2.0,8283
13.46500147903358,7,1.0,5902
13.465383468421864,1,5.0,8284
13.466787727467905,5,2.0,0
13.466953504657408,15,1.0,-564
13.467033147171833,9,1.0,4157
13.467999626147368,14,4.0,-3580
13.468100837242766,14,2.0,-3398
13.468145514088604,15,10.0,-552
13.46872521481892,6,13.0,7707
13.469372296695049,14,4.0,-3550
13.469888240270526,15,8.0,-754
13.47030841489022,9,6.0,6348
13.470397664627592,13,2.0,-3514
13.471143005752293,16,54.0,1621
13.47155864349682,9,6.0,7088
13.47167351501965,9,4.0,5318
13.471750092757265,5,2.0,0
13.472459298693787,6,1.0,8203
13.472625784715538,16,20.0,4947
13.472878634803813,5,7.0,0
13.47377054996048,13,7.0,-3238
13.474021711377432,7,5.0,6524
13.474230641506528,1,10.0,8285
13.474805962499937,7,18.0,7163
13.475927705420288,5,12.0,0
13.476033095970498,6,3.0,6743
13.476139042530344,1,1.0,8286
13.47614998303979,13,1.0,-3650
13.47634991023849,1,1.0,8287
13.47639646543529,16,3.0,98
13.476503021377042,1,10.0,8288
13.476841278221606,17,3.0,-477
13.478503050644779,7,1.0,7278
13.479065816633316,14,2.0,-3631
13.479287691633369,14,7.0,-3469
13.47949537178106,13,5.0,-3646
13.479645962847936,7,4.0,5771
13.479691592376382,13,2.0,-3241
13.479739240425463,13,5.0,-3365
13.479739240425463,17,5.0,-3365
13.479950838318636,6,3.0,3855
13.480754934018337,1,1.0,8289
13.480900924321976,13,3.0,-3438
13.481025237510197,1,13.0,8290
13.48169743907638,6,1.0,4420
13.481770108208586,17,5.0,-3071
13.481875597870001,13,7.0,-3598
13.482238242618632,6,5.0,7613
13.48228133424455,7,9.0,5150
13.482695925342712,7,6.0,6842
13.482833131016026,5,1.0,0
13.482870948564551,6,6.0,7792
13.482937709227985,13,3.0,-3560
13.483090436054818,13,3.0,-3252
13.483090436054818,17,3.0,-3252
13.484110196003,7,1.0,7275
13.484208460992765,13,1.0,-3199
13.484270376422218,7,1.0,8148
13.484554116465015,1,3.0,8291
13.485644671192846,7,20.0,7266
13.485929052126963,6,2.0,6398
13.485990234554928,9,1.0,5490
13.486373453948822,15,4.0,-842
13.486559438374321,13,5.0,-3197
13.486728662178255,6,2.0,8151
13.48674592341473,7,2.0,5753
13.487282710861093,7,4.0,7481
13.487365854039773,6,1.0,8210
13.487445005827293,5,2.0,0
13.488406372136422,7,8.0,6237
13.488748841698854,13,2.0,-3371
13.488748841698854,17,2.0,-3371
13.488754455707124,14,1.0,-3258
13.489206180390006,13,1.0,-3448
13.489960025348182,5,8.0,0
13.48998303119653,7,14.0,5523
13.490352221074922,5,1.0,0
13.491247043015443,7,8.0,6799
13.491656047988076,6,2.0,8279
13.491959410004311,5,2.0,0
13.492130234841841,14,2.0,-3416
13.492330639297258,7,18.0,6129
13.49254919288926,7,4.0,6931
13.492978813740388,6,5.0,7436
13.493063853085374,13,1.0,-3574
13.493946397378604,15,1.0,-708
13.494388828846152,5,2.0,0
13.494804993782205,7,3.0,7547
13.495437067890443,1,1.0,8292
13.496076653883847,1,1.0,8293
13.49705917316912,7,6.0,7207
13.497161725487054,6,1.0,8286
13.497626175992517,6,3.0,8270
13.497844028484545,16,3.0,6564
13.498182009469534,7,4.0,7349
13.498697341531315,7,3.0,7234
13.499070574188567,14,4.0,-3668
13.499070574188567,17,4.0,-3668
13.49914578247181,6,1.0,8289
13.499446743003604,6,3.0,7706
13.50003172012712,5,3.0,0
13.500384484371502,6,1.0,7717
13.500459185102645,7,2.0,7903
13.50047610924379,13,3.0,-3407
13.500886296005449,7,2.0,7345
13.501521565619404,14,1.0,-3412
13.502386923499428,6,1.0,8173
13.50285552403041,11,19.0,7897
13.50300672654809,7,1.0,7479
13.503462654537127,6,7.0,7960
13.503549395765786,5,2.0,0
13.503841761488975,15,2.0,-1012
13.504038482219139,7,2.0,5937
13.504769159440304,17,2.0,-205
13.505529343103946,5,2.0,0
13.505556401242897,7,1.0,7609
13.505704851125593,5,1.0,0
13.505743663728346,7,2.0,6474
13.506451945399409,13,1.0,-3401
13.50673512798687,7,11.0,7151
13.507002329671352,14,3.0,-3547
13.50775113873395,14,3.0,-3600
13.508107469477231,14,2.0,-3335
13.508790905877397,5,1.0,0
13.50881683738301,5,1.0,0
13.510557789242068,17,2.0,-786
13.510969767141436,6,2.0,7079
13.511018022102673,6,1.0,7306
13.511278069275171,5,4.0,0
13.511428226351379,13,3.0,-3309
13.51282885568882,6,4.0,8168
13.513799369192775,11,16.0,6881
13.51388109867851,13,1.0,-3559
13.514048990373501,5,3.0,0
13.514613413219625,7,7.0,4456
13.51492414248404,6,5.0,7828
13.515124834185128,8,4.0,7774
13.51564568594416,13,5.0,-3165
13.515646838195044,7,1.0,7411
13.516450970640374,113,51.0,-3343
13.516525339088133,13,1.0,-3350
13.516819906042318,7,5.0,6866
13.516919516472704,7,23.0,3403
13.516995813325622,5,3.0,0
13.517034706039523,14,1.0,-3193
13.51759485155775,9,6.0,4633
13.518017822954988,1,1.0,8294
13.519153374563958,14,2.0,-3308
13.519358813277103,13,4.0,-3248
13.519612795101494,17,2.0,-1200
13.519924050150443,1,2.0,8295
13.52089954321121,5,4.0,0
13.520908785488567,1,9.0,8296
13.520931380923614,6,40.0,7990
13.521845303059328,7,3.0,6644
13.522224645617683,13,2.0,-3301
13.522527042336032,8,5.0,6257
13.523431587154978,7,6.0,7337
13.524163989086984,6,8.0,8262
13.524512823070047,17,1.0,-1898
13.524909493724266,5,2.0,0
13.525168247986278,13,4.0,-3589
13.525168247986278,17,4.0,-3589
13.525755681485373,13,2.0,-3490
13.525755681485373,17,2.0,-3490
13.525807870204781,7,2.0,7569
13.527120247833668,5,3.0,0
13.52767132013703,17,13.0,-2260
13.52826367674772,5,4.0,0
13.528759602283108,5,2.0,0
13.529446574507418,5,1.0,0
13.52958505762775,13,1.0,-3224
13.52985071861411,13,3.0,-3588
13.52985071861411,17,3.0,-3588
13.530724152420984,7,1.0,8028
13.531858378532114,13,3.0,-3549
13.532300722422395,9,4.0,6944
13.532300722422395,16,4.0,6944
13.533157521670763,7,3.0,7326
13.533649754925666,7,18.0,5627
13.533916369516977,4,7.0,8297
13.534112749117542,16,1.0,4227
13.534143940244286,7,54.0,3450
13.534197268384554,13,1.0,-3483
13.534197268384554,17,1.0,-3483
13.534298805256244,6,25.0,6918
13.53519328121163,7,2.0,7469
13.536687857931511,5,1.0,0
13.537716145764014,15,1.0,-634
13.539349773117685,7,15.0,4994
13.539598295862469,7,1.0,6119
13.541363061028424,8,2.0,7654
13.541499360566343,9,13.0,7141
13.541845410182919,7,1.0,7862
13.542034574390668,14,8.0,-3581
13.542034574390668,17,8.0,-3581
13.542568630880867,8,2.0,7328
13.542792969083076,8,3.0,7733
13.542984717475699,7,2.0,7263
13.543873282730425,5,4.0,0
13.544041684196934,7,4.0,7542
13.544651958996408,5,2.0,0
13.544725320875504,7,7.0,7660
13.54516932418706,13,1.0,-3413
13.545689496953011,7,4.0,7137
13.546112830771325,9,1.0,5997
13.546208611669066,5,6.0,0
13.546444082461218,6,1.0,7616
13.547330273589562,14,18.0,-3171
13.547330273589562,17,18.0,-3171
13.547580390002048,1,1.0,8298
13.547816487351122,7,5.0,6581
13.548094727366646,13,2.0,-3279
13.54830469113799,7,3.0,7536
13.548448043814624,7,3.0,7336
13.548549798570352,8,1.0,7486
13.549352271081052,6,10.0,6266
13.549617881807135,7,1.0,7600
13.54967612730978,7,6.0,7069
13.549754835953026,1,2.0,8299
13.550805575944741,6,11.0,8190
13.551222832620374,7,1.0,8003
13.552261044884093,14,2.0,-3395
13.552261044884093,17,2.0,-3395
13.553311315400432,9,4.0,5042
13.554713400812352,7,1.0,6056
13.55537146884085,7,3.0,7265
13.557469553919113,5,2.0,0
13.557808405087087,6,1.0,8004
13.558322338661563,4,3.0,8300
13.55888338797347,13,1.0,-3639
13.559198191267152,14,4.0,-3240
13.559263257438475,7,3.0,6135
13.559841123338812,113,59.0,-3271
13.559884494743873,5,7.0,0
13.560292880786434,14,2.0,-3415
13.561628953687602,1,4.0,8301
13.561826740236445,7,2.0,7080
13.563200569673205,5,1.0,0
13.56349054519093,13,1.0,-3177
13.56349054519093,17,1.0,-3177
13.5640209641389,7,1.0,6450
13.565216712647912,5,4.0,0
13.565883382294185,7,9.0,5396
13.566527975700525,5,17.0,0
13.567304526371496,13,3.0,-3387
13.56744547764826,6,1.0,8135
13.567467207876863,8,2.0,6783
13.567591346378233,6,4.0,6788
13.567877272581592,14,2.0,-3333
13.567877272581592,17,2.0,-3333
13.568244842638519,17,1.0,-2026
13.568268412771042,13,1.0,-3389
13.568268412771042,17,1.0,-3389
13.568929586636756,17,6.0,-1919
13.569511948932668,7,51.0,7149
13.570711890402885,5,7.0,0
13.570875252818833,7,2.0,7540
13.570939768801143,6,2.0,7500
13.570996630340936,5,4.0,0
13.571736827949927,13,2.0,-3653
13.571736827949927,17,2.0,-3653
13.572031619836698,5,2.0,0
13.573472542640971,6,2.0,7596
13.574138322645776,6,1.0,7934
13.574399858360449,8,4.0,8098
13.575323892609703,6,13.0,8290
13.5762912117277,6,25.0,8017
13.576555538243337,7,1.0,6427
13.57667970804172,7,1.0,7841
13.576689402613738,7,4.0,7226
13.57760355821042,7,3.0,6917
13.577763485045097,7,2.0,4124
13.577990746679498,7,3.0,5803
13.578049991126656,7,1.0,7880
13.578049991126656,16,1.0,7880
13.57912872092969,13,1.0,-3288
13.57912872092969,17,1.0,-3288
13.580132946288362,16,2.0,7143
13.580305125640859,5,2.0,0
13.580334180170372,5,4.0,0
13.580474302068918,8,34.0,6464
13.581311796268999,14,8.0,-3667
13.581371016310783,6,6.0,7503
13.581450667202306,8,11.0,7474
13.581506644942667,17,4.0,-2874
13.581632530039077,5,1.0,0
13.583049389071267,13,12.0,-3168
13.583344109545113,9,6.0,4779
13.583579276321643,7,3.0,7086
13.58367828915921,14,4.0,-3595
13.583949518876546,7,24.0,6545
13.58412357336069,17,4.0,-2798
13.584237854045192,9,5.0,7721
13.584518786851081,14,4.0,-3601
13.584869637017253,7,2.0,7103
13.584920167366983,6,11.0,8271
13.586557508785175,13,3.0,-3216
13.58668444528153,17,4.0,-359
13.587117624659738,7,11.0,4665
13.587178647127162,13,2.0,-3621
13.587187297658568,7,4.0,7819
13.587721229895033,17,4.0,-1700
13.588406060722157,7,6.0,6981
13.589008587114332,6,5.0,7731
13.589065832555013,13,1.0,-3406
13.589122854627604,1,1.0,8302
13.59016836453369,7,2.0,7724
13.592073685557065,6,8.0,8264
13.592242118888926,9,2.0,7838
13.592371047879835,7,1.0,4646
13.592526706737235,9,2.0,7795
13.592614941560928,15,13.0,-161
13.593405638652351,13,1.0,-3471
13.594479743751263,13,5.0,-3218
13.595270118555197,7,10.0,6521
13.595318777678735,13,1.0,-3454
13.595318777678735,17,1.0,-3454
13.595410646762407,15,3.0,-595
13.596094404351712,11,34.0,7735
13.59635034877442,5,10.0,0
13.598034438985543,13,3.0,-3356
13.598502897173583,17,2.0,-501
13.599604370708605,6,1.0,8116
13.599659045587362,16,9.0,2127
13.599850398196883,7,3.0,8019
13.599869143700655,9,11.0,7508
13.600330310865463,5,3.0,0
13.60090564617467,5,3.0,0
13.601175484653826,13,1.0,-3408
13.601559467315516,5,4.0,0
13.601572765563601,1,4.0,8303
13.601747436861878,7,10.0,6904
13.601805739055727,7,1.0,7107
13.601819673818726,5,1.0,0
13.601973079490442,16,2.0,6741
13.602230139946434,1,2.0,8304
13.603440222575518,5,4.0,0
13.603672524732387,14,4.0,-3603
13.604719913293556,7,3.0,7551
13.604990412676354,13,1.0,-3219
13.60508290753347,8,1.0,7608
13.605572885334285,7,13.0,7061
13.607727756494786,14,1.0,-3388
13.607727756494786,17,1.0,-3388
13.607748504424409,9,4.0,6077
13.60778931516563,1,15.0,8305
13.60833483826952,17,21.0,-152
13.608564985514823,14,2.0,-3196
13.608564985514823,17,2.0,-3196
13.608998582077627,5,1.0,0
13.609072682654956,14,3.0,-3242
13.609072682654956,17,3.0,-3242
13.609344311499274,7,6.0,6517
13.609409833861484,1,2.0,8306
13.609442872651702,14,1.0,-3664
13.609492451670409,1,3.0,8307
13.610118377668824,5,7.0,0
13.610580233131897,9,3.0,7491
13.610716690120924,1,32.0,8308
13.610891975461913,5,3.0,0
13.612178413496991,6,2.0,7555
13.613429423271047,7,2.0,7240
13.613729238240454,13,1.0,-3310
13.613893770632174,6,2.0,8038
13.614259918226995,13,1.0,-3607
13.61460735077624,7,11.0,4760
13.614620767959945,17,1.0,-366
13.614834999700234,1,1.0,8309
13.614978839712276,7,3.0,7566
13.615026435147048,7,2.0,7210
13.615077322611114,7,1.0,852
13.615299868152317,7,2.0,7632
13.615614878001056,6,15.0,8305
13.617062598188058,5,1.0,0
13.617625498309815,7,2.0,6902
13.617653952943408,5,2.0,0
13.617965660949428,7,14.0,7682
13.618301892959487,7,2.0,7873
13.61842721856906,13,1.0,-3355
13.61867075578052,15,1.0,-952
13.618694632411279,6,4.0,8152
13.618897846779292,14,1.0,-3634
13.618946523958485,5,10.0,0
13.619017356628905,6,36.0,7710
13.61975585933172,6,2.0,8283
13.620449381448847,13,1.0,-3266
13.620734050379845,6,2.0,7882
13.620903593607068,6,13.0,8066
13.620986727276877,6,8.0,5983
13.621137522043657,7,10.0,6999
13.621676101412868,17,3.0,-27
13.621957134245404,1,1.0,8310
13.62195818070118,1,2.0,8311
13.62209012999751,5,2.0,0
13.6231132087113,7,4.0,7512
13.624666683667954,14,15.0,-3318
13.625118214754274,7,30.0,5978
13.627187963577484,7,1.0,6218
13.628881744674262,5,1.0,0
13.629312509668297,5,3.0,0
13.631980230680249,6,4.0,8042
13.632559202817234,7,3.0,7883
13.632977778762598,7,3.0,4899
13.633942168706547,13,6.0,-3627
13.634550510566829,13,1.0,-3341
13.634584544619905,10,4.0,7891
13.634719039739542,9,9.0,7974
13.63525232995185,1,1.0,8312
13.636409607463161,6,3.0,6962
13.6376795386234,1,1.0,8313
13.638285566468317,5,2.0,0
13.63832615520296,7,7.0,6467
13.638574811914028,5,1.0,0
13.639053278286301,14,2.0,-3485
13.639053278286301,17,2.0,-3485
13.639395634048181,1,2.0,8314
13.639856338407748,1,5.0,8315
13.640028871431035,5,4.0,0
13.641418536083764,6,2.0,8032
13.6415685790363,13,3.0,-3315
13.641845895043874,5,4.0,0
13.642856834844974,9,3.0,6341
13.64291520739299,7,2.0,5107
13.643314397041982,1,1.0,8316
13.643783089710428,9,2.0,6367
13.644191926341533,1,1.0,8317
13.644613960732778,7,8.0,7636
13.645135005563185,14,1.0,-3255
13.645182709081457,7,4.0,5140
13.645566754182042,5,4.0,0
13.64689960404244,15,1.0,-908
13.647888371764035,7,12.0,6690
13.64860557480234,9,1.0,7594
13.649388280458407,7,7.0,6558
13.650449805372235,7,7.0,7983
13.650985688772781,6,3.0,7241
13.65192119693467,1,2.0,8318
13.652413307723208,13,2.0,-3488
13.653089883646453,7,4.0,6271
13.653413210321357,2,7.0,8319
13.653833567776413,5,7.0,0
13.65453425395994,7,4.0,5887
13.654663839180072,9,3.0,6418
13.655101028092327,6,1.0,8104
13.655305862085834,5,2.0,0
13.655386899278598,17,3.0,-1482
13.656296692874779,9,6.0,6261
13.656597100216073,7,6.0,6425
13.65661471098176,13,2.0,-3656
13.657394147336985,6,3.0,7715
13.657903387493713,9,5.0,6791
13.658332723837429,7,9.0,7755
13.658445445410772,8,1.0,7348
13.658761420834555,7,10.0,7488
13.659329070975566,14,1.0,-3272
13.659983233163306,16,1.0,6537
13.660011533029174,7,6.0,7816
13.660091112657604,5,20.0,0
13.660173290045194,6,3.0,8029
13.66156862929545,13,1.0,-3283
13.66194018709652,15,3.0,-235
13.662180227845571,1,6.0,8320
13.662412367982133,13,2.0,-3336
13.662543646423643,5,6.0,0
13.662833473480823,15,7.0,-700
13.663517297958226,7,22.0,6233
13.663764529195156,5,4.0,0
13.663863125813041,7,2.0,4773
13.664113082252332,7,5.0,7294
13.664120835467285,7,39.0,5633
13.66487349197857,5,3.0,0
13.664887737253789,7,3.0,6706
13.665644261043916,9,1.0,7348
13.665763372065967,13,7.0,-3564
13.665769472280566,14,31.0,-3375
13.665769472280566,17,31.0,-3375
13.66589286167093,7,4.0,6767
13.66625442749386,13,4.0,-3204
13.66654860955711,13,2.0,-3210
13.666973083629168,13,2.0,-3290
13.667046449985556,7,10.0,7739
13.667278494282435,6,3.0,8269
13.667291293752015,14,2.0,-3191
13.667291293752015,17,2.0,-3191
13.668343479038453,14,5.0,-3434
13.668399128892428,13,1.0,-3608
13.66843471896176,7,2.0,5117
13.668633232584732,6,3.0,8234
13.66947122187595,13,3.0,-3649
13.66954495304655,7,5.0,6667
13.67052755209654,13,4.0,-3569
13.67105898467099,15,3.0,-56
13.671265295502678,7,10.0,5377
13.671950200943963,7,4.0,7782
13.672648091434775,13,2.0,-3392
13.672798375455734,7,4.0,6240
13.67292703585974,15,3.0,-1035
13.673114723337452,7,15.0,5713
13.673185241093256,7,5.0,5289
13.674025170773497,16,1.0,329
13.674076171003966,7,8.0,7159
13.675085393674198,15,2.0,-4
13.675146740338846,14,4.0,-3427
13.675147426844934,7,2.0,6568
13.675303822467377,6,4.0,8215
13.675327542545498,1,5.0,8321
13.675670543873405,1,3.0,8322
13.676349917223613,8,5.0,7964
13.676786873114333,5,5.0,0
13.677354687259609,5,3.0,0
13.677391858390916,13,5.0,-3321
13.678388235674987,14,6.0,-3636
13.679773905997074,5,4.0,0
13.679828651530544,5,3.0,0
13.680152582627958,5,1.0,0
13.681670298117204,7,8.0,6730
13.681975648037811,6,7.0,7072
13.682190716752647,7,16.0,4587
13.68239195336807,14,7.0,-3534
13.683971781751008,6,10.0,8285
13.684057098654206,7,3.0,6317
13.684394809245994,13,1.0,-3376
13.685543107390455,8,6.0,8057
13.685592350686855,14,4.0,-3455
13.685832219677762,16,3.0,6072
13.686613204273076,1,1.0,8323
13.6868095315221,17,1.0,-2981
13.686926529216219,7,47.0,5781
13.68731255192791,6,1.0,8276
13.68757353584531,17,2.0,-2909
13.688084911296645,9,3.0,6911
13.68870016512243,7,4.0,6727
13.688701571184883,1,2.0,8324
13.688765025106292,7,2.0,5756
13.68936749984287,16,2.0,3903
13.690173300752521,14,10.0,-3409
13.690271333406363,7,3.0,7630
13.69051476470822,17,1.0,-3147
13.690536423585694,7,4.0,7463
13.69058922187662,5,1.0,0
13.691015613957374,7,3.0,6301
13.691218129451507,13,5.0,-3479
13.691248015921836,17,1.0,-2061
13.691268041630593,7,1.0,7153
13.691434339215803,7,35.0,3878
13.692351016291958,7,9.0,6875
13.69297687729469,17,7.0,-512
13.694675996390561,7,3.0,7380
13.694869898523873,17,2.0,-1587
13.695106025565382,5,2.0,0
13.695574423571301,6,1.0,8302
13.695767397546142,6,1.0,7538
13.695934903389714,5,1.0,0
13.69652859122612,5,5.0,0
13.697031116158968,8,2.0,8034
13.69757945579,5,4.0,0
13.697722092752993,13,1.0,-3410
13.698601215807534,14,2.0,-3445
13.70020542996251,5,3.0,0
13.701745374883112,7,55.0,7906
13.701746302893108,6,5.0,7631
13.701914373466721,8,4.0,7879
13.702013648235157,7,5.0,4492
13.702151973088297,10,33.0,8212
13.703112173907444,5,2.0,0
13.703793610332092,7,3.0,6675
13.704597572603939,13,2.0,-3345
13.7053359478447,14,4.0,-3280
13.7053359478447,17,4.0,-3280
13.706506546142752,1,4.0,8325
13.708179549684475,7,9.0,6847
13.708219534429428,14,1.0,-3460
13.708219534429428,17,1.0,-3460
13.70837741702793,6,2.0,7668
13.708863719439224,8,2.0,8068
13.709013250118785,8,1.0,7956
13.709257190023889,16,11.0,1786
13.709868529217655,7,6.0,7931
13.710439951095344,8,6.0,7884
13.710803297643182,15,2.0,-968
13.71087347982086,13,2.0,-3578
13.712132438355347,17,1.0,-2444
13.7122821747846,13,1.0,-3495
13.712708167812558,7,14.0,6345
13.712709048519137,7,2.0,7047
13.713014439746377,13,2.0,-3440
13.71405313571839,113,43.0,-3278
13.714473229377504,5,4.0,0
13.715304976261267,1,5.0,8326
13.715744841113612,1,6.0,8327
13.715898431164508,5,3.0,0
13.71641288345241,5,3.0,0
13.717131769190823,6,1.0,8230
13.717448317458874,7,2.0,5945
13.718229603686243,13,6.0,-3572
13.718289050856132,13,3.0,-3630
13.719434387439867,1,3.0,8328
13.719740069937421,6,5.0,8274
13.719972236198934,5,3.0,0
13.720795344749531,5,5.0,0
13.721247211391688,13,2.0,-3548
13.721384139340632,6,1.0,8183
13.723493015133146,7,6.0,6392
13.7250164935633,17,2.0,-1718
13.725199680446414,13,2.0,-3632
13.725207358669373,1,1.0,8329
13.725409254160184,16,1.0,901
13.725713484975113,15,3.0,-261
13.726362758214044,11,4.0,7858
13.726596354720554,5,4.0,0
13.726844379042536,7,1.0,6819
13.726934838693023,6,1.0,7504
13.727289376836442,13,4.0,-3591
13.728001876988552,8,2.0,7730
13.729184285591103,1,7.0,8330
13.730331508295173,9,2.0,5355
13.730332960795371,1,1.0,8331
13.730398085686184,1,1.0,8332
13.730585635903932,13,2.0,-3161
13.730938061791873,13,1.0,-3633
13.73174558200059,113,56.0,-3503
13.732500550554105,5,2.0,0
13.732532890137255,16,29.0,842
13.732583420543893,5,2.0,0
13.732924509229681,16,27.0,3404
13.73308840205411,2,45.0,8333
13.733249741514834,6,5.0,7926
13.733367149778763,7,2.0,6557
13.734192834533193,9,13.0,7026
13.734380296670833,13,3.0,-3263
13.734735846886517,6,10.0,8153
13.735399042568233,13,1.0,-3673
13.73580630505065,6,3.0,6360
13.73687433036099,7,2.0,7370
13.73691399558638,6,1.0,7804
13.738204421555727,5,1.0,0
13.739313598403516,14,15.0,-3358
13.739456591700044,6,6.0,7820
13.739816240079234,13,1.0,-3648
13.740119145664963,6,7.0,7871
13.740477386277146,7,30.0,5774
13.740752481520708,7,2.0,5690
13.74140319078254,15,1.0,-291
13.74153712779333,13,6.0,-3473
13.7418919039228,5,8.0,0
13.74199378291481,13,1.0,-3551
13.742510802558616,13,10.0,-3537
13.742796951131064,14,4.0,-3558
13.743317056849355,7,1.0,8131
13.743645660768813,14,6.0,-3672
13.743961730851426,14,2.0,-3157
13.743961730851426,17,2.0,-3157
13.744160059037693,6,6.0,4978
13.74446730793469,13,2.0,-3599
13.74446730793469,17,2.0,-3599
13.744568380235147,7,2.0,7771
13.744835587099493,13,8.0,-3484
13.744835587099493,17,8.0,-3484
13.745318845757517,10,52.0,8241
13.74567360062258,1,2.0,8334
13.74658989621384,13,2.0,-3342
13.746743880465905,5,3.0,0
13.746936597095436,17,3.0,-1900
13.747321288337533,5,1.0,0
13.74797761655915,5,1.0,0
13.748095908071564,17,2.0,-360
13.748421975360614,7,2.0,4785
13.748561690634137,1,2.0,8335
13.750423027664855,13,1.0,-3276
13.750775842558864,4,6.0,8336
13.752291286255335,7,59.0,4127
13.753279655061416,8,3.0,5152
13.753515258928871,8,6.0,8046
13.754411152908776,14,1.0,-3382
13.754411152908776,17,1.0,-3382
13.755681995514053,5,3.0,0
13.755711551717779,1,12.0,8337
13.756063770716203,5,4.0,0
13.756232619946745,5,5.0,0
13.756526519931949,7,2.0,6905
13.756869061303686,7,5.0,7301
13.75715710092106,7,5.0,7911
13.757199753272602,14,2.0,-3363
13.757199753272602,17,2.0,-3363
13.757532006698332,9,3.0,7460
13.757581895076791,17,14.0,-863
13.757908430316938,6,7.0,7362
13.757977835676092,15,1.0,-73
13.758209265004394,6,3.0,7930
13.759160178642645,16,7.0,1712
13.761123142341358,7,5.0,7145
13.761132546728554,10,37.0,8266
13.761746508269484,14,1.0,-3234
13.761746508269484,17,1.0,-3234
13.762555721682677,17,5.0,-1582
13.762683940397617,7,4.0,6619
13.762930166585944,6,1.0,8075
13.763444199541103,13,1.0,-3665
13.764311365068833,13,1.0,-3417
13.765261466941102,5,1.0,0
13.765923591390996,14,3.0,-3369
13.767095718322613,13,3.0,-3602
13.76713645979168,13,5.0,-3625
13.76787783298116,13,3.0,-3426
13.769441783859131,13,3.0,-3468
13.769458814006832,13,1.0,-3384
13.770320569597963,9,4.0,7192
13.77174430736296,6,1.0,8313
13.771756711920348,5,1.0,0
13.77197567119753,5,36.0,0
13.772327105903004,5,8.0,0
13.772401159043874,8,6.0,7589
13.773209519842197,9,2.0,5346
13.773449520963318,7,2.0,7070
13.775683342978164,5,1.0,0
13.775767705835136,13,18.0,-3181
13.776187645203747,17,1.0,-2326
13.776283253139669,14,5.0,-3475
13.776323197005942,13,3.0,-3359
13.777072231407299,7,4.0,5811
13.77755013549778,6,2.0,8139
13.777762249264537,6,1.0,6752
13.778691868408963,13,1.0,-3357
13.77900424270604,7,7.0,7200
13.779647429319715,1,2.0,8338
13.779753869112774,13,3.0,-3666
13.779988990560438,13,3.0,-3352
13.781361821454801,7,2.0,7867
13.781546794701212,7,3.0,7649
13.782207535189144,16,7.0,4225
13.783328971606082,6,6.0,7683
13.783788635507294,13,2.0,-3541
13.783788635507294,17,2.0,-3541
13.784363251343958,1,2.0,8339
13.784728481778666,7,1.0,4476
13.784943271903167,13,2.0,-3566
13.78575560197126,6,2.0,7123
13.785970569563679,7,10.0,6266
13.787245933666899,6,4.0,7681
13.787417098690554,7,3.0,5436
13.787934259277403,7,8.0,7332
13.788619801091471,7,14.0,4224
13.788897330153638,6,2.0,8113
13.789553795640185,7,2.0,5893
13.789554569844992,7,1.0,4887
13.789739378992296,13,7.0,-3206
13.791121575691502,17,1.0,-1929
13.791742938845578,7,17.0,5470
13.791826786608741,7,4.0,7379
13.792204513147169,14,44.0,-3400
13.792204513147169,17,44.0,-3400
13.792674004113074,17,1.0,-3111
13.793480084305035,5,2.0,0
13.79403598709366,14,3.0,-3585
13.794040384254835,9,1.0,6616
13.794072044527972,7,4.0,6735
13.79415761957104,17,1.0,-2362
13.794183102295435,5,4.0,0
13.795124568982706,13,7.0,-3515
13.795590922324019,10,3.0,8272
13.79589610429867,7,2.0,7039
13.795991177974628,5,4.0,0
13.797160828737477,17,3.0,-2223
13.797301483373083,7,48.0,6351
13.79769767650794,7,1.0,7696
13.79871017910098,13,2.0,-3373
13.798741477944104,7,2.0,7248
13.798844843154885,14,4.0,-3525
13.798847797031351,5,7.0,0
13.800184705009498,7,2.0,8072
13.800303627655397,9,3.0,6451
13.801542486052837,7,4.0,7679
13.801970271240457,7,1.0,6401
13.802292175997984,14,8.0,-3330
13.802426466705285,1,1.0,8340
13.802683317518769,9,3.0,7470
13.802839878031213,10,3.0,8070
13.803072256301784,5,7.0,0
13.803113498357085,7,8.0,7898
13.803838029101014,13,1.0,-3557
13.804442193367965,6,7.0,8217
13.805050593183704,7,4.0,3435
13.805063043838732,13,1.0,-3223
13.80507165250231,7,9.0,7941
13.805880672273034,13,1.0,-3374
13.806391647016948,16,37.0,5390
13.807280198964179,1,2.0,8341
13.807288035295615,8,1.0,3718
13.807481934138405,5,6.0,0
13.807607455578891,14,1.0,-3317
13.807607455578891,17,1.0,-3317
13.807712343095519,17,1.0,-2912
13.808339583326358,6,32.0,8308
13.808990377554245,14,2.0,-3441
13.809148363192376,7,1.0,8082
13.809586409385098,6,4.0,6960
13.80960758430428,6,1.0,8220
13.809667004784052,17,2.0,-1341
13.809837910934954,13,4.0,-3244
13.81072727689027,7,5.0,7929
13.81084749979733,15,9.0,-1046
13.810851474613894,7,4.0,7895
13.810881931664463,1,1.0,8342
13.811483170943541,5,1.0,0
13.812044539507056,6,3.0,6443
13.812569148729223,14,2.0,-3535
13.813197845393873,5,4.0,0
13.813222389638344,8,7.0,7946
13.813489110819628,15,13.0,-605
13.81352408976828,14,3.0,-3230
13.81429044409133,14,3.0,-3361
13.814426201904215,9,12.0,5128
13.815372189911022,7,3.0,8095
13.816600654863525,7,1.0,5224
13.816632394984435,6,2.0,8087
13.818353922247304,14,6.0,-3570
13.81870411880147,5,1.0,0
13.819285843587426,5,8.0,0
13.819785104800678,7,3.0,6919
13.819837637924232,15,2.0,-750
13.820021983977046,13,4.0,-3346
13.820555565691377,5,2.0,0
13.820563809612967,9,6.0,7884
13.820826292240703,17,4.0,-37
13.821176711822087,5,3.0,0
13.821385474765911,1,1.0,8343
13.82151182673077,13,15.0,-3179
13.821624039798321,5,3.0,0
13.823083435501363,17,3.0,-1513
13.8234735954506,17,1.0,-1579
13.823807191011825,6,3.0,8282
13.823877903615386,15,1.0,-476
13.823917033546838,6,7.0,8237
13.823958646916777,7,3.0,7948
13.824057794350281,6,1.0,6434
13.824781328313193,1,6.0,8344
13.825112230202084,11,6.0,8010
13.825727922915695,17,6.0,-1111
13.82637439838155,14,1.0,-3552
13.826971282403987,16,33.0,1185
13.827073852780353,7,3.0,7644
13.827815378151548,13,1.0,-3414
13.827886357110577,15,2.0,-873
13.828021765528222,14,2.0,-3259
13.828714567077775,16,22.0,157
13.829291900285673,9,3.0,7044
13.829343953577151,6,6.0,5594
13.829806358019006,13,3.0,-3174
13.829955671077668,7,7.0,6642
13.830261324929815,13,6.0,-3300
13.830431939893053,9,31.0,7087
13.830460910253775,15,3.0,-244
13.831453717397693,14,3.0,-3509
13.831659273318506,6,30.0,8137
13.832197431629034,5,2.0,0
13.832944237101454,7,4.0,5600
13.833473988300046,7,30.0,8047
13.833726303291408,6,22.0,7574
13.834373527136687,7,1.0,3480
13.834627735819016,13,2.0,-3307
13.83490427197023,14,3.0,-3323
13.83522622355758,5,3.0,0
13.83589861534875,5,1.0,0
13.835972427218955,7,2.0,7655
13.836799690283907,6,11.0,7978
13.837366194091302,17,1.0,-569
13.838055646531556,8,3.0,5417
13.838423704320016,7,6.0,7399
13.83861200102821,6,2.0,8299
13.838881706163011,14,3.0,-3421
13.838881706163011,17,3.0,-3421
13.8391940725389,13,5.0,-3331
13.83933831191244,13,1.0,-3638
13.839390588519462,7,2.0,7522
13.840418630628958,16,50.0,1051
13.84071283868672,17,2.0,-752
13.84079064382308,17,1.0,-759
13.842227727403616,8,3.0,4776
13.842284388102165,5,2.0,0
13.842501963489191,7,4.0,7788
13.84258349628336,1,2.0,8345
13.842894950544732,5,4.0,0
13.843021530549107,9,2.0,6227
13.843238022190146,15,2.0,-796
13.844785524311753,113,45.0,-3202
13.845802286745467,6,2.0,8278
13.845890297302262,16,1.0,7225
13.845940328734486,9,37.0,2518
13.84616767238043,7,10.0,7462
13.846850588505138,6,5.0,8181
13.846998821825613,6,4.0,8185
13.847090009467838,13,7.0,-3459
13.847656964927506,9,1.0,6920
13.847702870858273,5,1.0,0
13.848051120757756,6,9.0,8296
13.84818001669349,13,2.0,-3284
13.849722231698028,7,4.0,6779
13.850020097699577,1,1.0,8346
13.85046422852303,6,4.0,8301
13.85135402994198,7,4.0,7996
13.851451957200805,1,5.0,8347
13.851748174950853,17,19.0,-2554
13.851818700295203,5,1.0,0
13.851845369770777,5,2.0,0
13.852107750803913,7,3.0,6000
13.852213045198509,17,3.0,-17
13.85252164803048,13,1.0,-3571
13.852695744369178,14,3.0,-3370
13.853904927287038,6,1.0,8329
13.85406749502056,13,3.0,-3299
13.854367545312298,1,4.0,8348
13.854809246702956,5,2.0,0
13.854922886639953,5,19.0,0
13.855258008939249,13,1.0,-3439
13.855345385561693,8,16.0,7830
13.85563043599541,7,2.0,8006
13.85578492597405,13,1.0,-3158
13.855929246623047,14,6.0,-3319
13.856181026284945,14,8.0,-3213
13.856186684798772,1,1.0,8349
13.856604917540215,6,8.0,8214
13.857356370338364,1,3.0,8350
13.857879349491293,2,30.0,8351
13.857900989598141,6,9.0,6908
13.858845119556605,13,2.0,-3482
13.859039790951066,13,2.0,-3577
13.859443021783006,1,2.0,8352
13.859656044706124,14,4.0,-3452
13.859785970103422,15,10.0,-32
13.860121823628637,7,1.0,6831
13.86098542609479,13,7.0,-3615
13.861287732074675,6,2.0,8341
13.862075932799026,5,2.0,0
13.863660324301705,113,55.0,-3563
13.864053083631328,7,5.0,5989
13.864199411999572,8,3.0,8030
13.864813478819729,16,8.0,4459
13.865117571651211,7,6.0,6523
13.865171969226205,7,2.0,6415
13.866042081076332,7,17.0,7665
13.866160549852612,5,8.0,0
13.867361452186836,6,2.0,8123
13.867379894754125,7,23.0,7236
13.868270186100698,13,20.0,-3379
13.868951965660477,8,1.0,7389
13.869305965512883,6,1.0,7752
13.869681359587414,6,1.0,6304
13.870539315855762,6,2.0,7866
13.871853553209762,7,1.0,2979
13.872204306457114,13,5.0,-3381
13.872273006252792,14,2.0,-3260
13.872273006252792,17,2.0,-3260
13.873020869119312,7,2.0,6556
13.873252595499856,5,4.0,0
13.873663646834427,7,3.0,6955
13.874355282142584,5,1.0,0
13.87466390928653,6,1.0,8312
13.875021508912273,5,2.0,0
13.877145776087872,7,2.0,4380
13.87854025441102,5,4.0,0
13.879683747569901,5,2.0,0
13.880102206157074,7,5.0,6229
13.88066385404048,6,1.0,8316
13.881396689047081,14,1.0,-3565
13.881560451343589,7,7.0,7534
13.88164569917131,7,2.0,7425
13.88246008655678,1,3.0,8353
13.882651271308395,10,56.0,8227
13.882809222210044,7,1.0,7525
13.883079007526732,10,54.0,7638
13.883645256328949,13,2.0,-3620
13.883645256328949,17,2.0,-3620
13.88381458959517,1,6.0,8354
13.88395642490099,13,6.0,-3629
13.884504263586487,7,2.0,5360
13.884549438528722,5,3.0,0
13.885507962253362,10,1.0,8250
13.886343119514011,14,6.0,-3261
13.887521104923374,3,7.0,8355
13.887954388903827,7,7.0,7750
13.88846011376739,6,1.0,7927
13.889181439512509,17,6.0,-2845
13.889686323214269,5,6.0,0
13.889842804880457,7,5.0,7832
13.890149536846973,1,9.0,8356
13.890228037234998,13,6.0,-3464
13.89054361946271,5,2.0,0
13.890566203837272,7,5.0,7837
13.890566203837272,16,5.0,7837
13.890905370022528,7,11.0,6801
13.892133958874382,9,1.0,6773
13.894609736134058,13,9.0,-3523
13.894913038236641,13,12.0,-3529
13.895774096216531,113,33.0,-3273
13.896064236743358,8,38.0,7935
13.8961898552542,7,1.0,7768
13.896812524556715,16,10.0,6338
13.897416051591051,5,2.0,0
13.898901213826177,13,8.0,-3506
13.899605550581812,8,6.0,8117
13.899719491861223,13,1.0,-3642
13.899866922657132,13,1.0,-3188
13.899866922657132,17,1.0,-3188
13.899899152213404,6,3.0,7869
13.900394721494122,1,1.0,8357
13.900570408997442,6,2.0,7432
13.90087477005689,7,14.0,7090
13.902065398249878,17,4.0,-717
13.902824620210444,13,2.0,-3501
13.902824620210444,17,2.0,-3501
13.902877201079834,9,4.0,7268
13.903010891636063,7,2.0,7130
13.903069914430773,1,5.0,8358
13.903614626895404,13,4.0,-3524
13.904592017794485,7,6.0,7754
13.905231078078632,14,1.0,-3250
13.905231078078632,17,1.0,-3250
13.905463344804458,5,1.0,0
13.90571668987026,5,1.0,0
13.90674605606114,16,8.0,677
13.907781289558406,16,1.0,1922
13.908367630964129,7,1.0,7958
13.90877911128023,7,1.0,7384
13.909461223983035,13,5.0,-3306
13.909579864016472,13,9.0,-3586
13.909614688524881,8,5.0,5719
13.909627510332337,7,8.0,7777
13.910610336171441,13,3.0,-3285
13.910888559715568,9,43.0,3732
13.910998347842742,4,2.0,8359
13.911394167728774,8,2.0,8299
13.912066064330805,17,1.0,-1890
13.912914992671885,6,2.0,8186
13.913708835494946,5,2.0,0
13.914411570981212,14,10.0,-3173
13.914566080828557,8,5.0,7680
13.914633080582048,7,1.0,7441
13.914949030026188,6,7.0,8330
13.91524364859395,14,2.0,-3164
13.915713355541216,14,4.0,-3383
13.915713355541216,17,4.0,-3383
13.915748342649666,13,1.0,-3518
13.916433578525773,10,7.0,8355
13.917073851297753,6,1.0,7939
13.917543602293133,6,5.0,7835
13.91763733987373,14,5.0,-3362
13.917701159527288,7,1.0,7746
13.917928891311771,1,1.0,8360
13.918218663150833,6,6.0,8193
13.918617494614658,14,3.0,-3662
13.918811636973496,5,1.0,0
13.919664331945294,5,3.0,0
13.919956576457345,7,3.0,7445
13.920035711140404,13,3.0,-3522
13.920200996518876,13,14.0,-3269
13.920210513385006,7,25.0,6475
13.920491415359118,6,2.0,8239
13.921616732312064,7,4.0,1580
13.921870067341803,13,1.0,-3466
13.921881053690806,7,2.0,7084
13.922314730819622,17,1.0,-1351
13.922474310298062,17,2.0,-2629
13.922780901523463,1,1.0,8361
13.923169717977096,13,8.0,-3519
13.923169717977096,17,8.0,-3519
13.92337964645142,17,4.0,-436
13.92392458429738,13,1.0,-3187
13.92392458429738,17,1.0,-3187
13.924040056107502,7,36.0,7270
13.924040056107502,16,36.0,7270
13.925501462124782,13,1.0,-3176
13.925608354627,1,1.0,8362
13.925687375387213,7,6.0,7214
13.928801589371254,9,1.0,7404
13.929844771321086,13,1.0,-3640
13.930058050972416,1,3.0,8363
13.930943280873777,6,10.0,8247
13.931422132880542,7,4.0,6176
13.931561324102752,13,1.0,-3235
13.932114024688328,7,7.0,7912
13.932756197324524,14,6.0,-3546
13.933269363368414,6,1.0,3221
13.933370640372937,9,33.0,4945
13.934090280090098,7,4.0,6886
13.935601325368864,7,3.0,7662
13.935952794448633,5,2.0,0
13.935993208508055,8,3.0,7913
13.93701950595468,5,1.0,0
13.937076987812059,13,1.0,-3624
13.937076987812059,17,1.0,-3624
13.937106667647509,5,1.0,0
13.937406977902162,9,8.0,6016
13.937940143761558,13,2.0,-3228
13.93804416548095,6,3.0,8196
13.940357307509354,8,5.0,8181
13.940738727657298,7,3.0,7844
13.941109887013294,1,1.0,8364
13.941604732383515,7,4.0,6281
13.941776853217654,7,3.0,6040
13.942237974793997,14,9.0,-3487
13.943714937995171,7,12.0,7285
13.943855919381969,5,1.0,0
13.944435113400301,7,12.0,6330
13.9454412382804,7,17.0,7150
13.945574232098938,6,3.0,8291
13.94649030568083,17,2.0,-3151
13.94679192600736,1,2.0,8365
13.94698687432654,7,11.0,7751
13.947042599971404,13,5.0,-3661
13.947134762849846,7,12.0,6510
13.947187096060736,7,8.0,6704
13.947243176270119,14,2.0,-3513
13.948727120405495,13,1.0,-3185
13.948727120405495,17,1.0,-3185
13.949265414399282,6,6.0,8261
13.949818486237746,14,3.0,-3405
13.949819525707785,11,1.0,7872
13.950405077309727,13,1.0,-3207
13.950689558303885,13,18.0,-3423
13.950999935219535,13,5.0,-3544
13.951460950051052,5,4.0,0
13.951893511592921,7,4.0,5718
13.952002472357728,15,2.0,-185
13.952208283305978,7,4.0,5667
13.95244933790298,5,1.0,0
13.95267937229493,7,2.0,7650
13.952731831173644,16,45.0,1111
13.9527484828513,14,2.0,-3257
13.9527484828513,17,2.0,-3257
13.95320076553449,2,4.0,8366
13.95327151907301,7,5.0,6210
13.954046386703613,8,2.0,7347
13.95562456968378,5,4.0,0
13.957127293726142,7,4.0,7295
13.957514251370556,13,1.0,-3613
13.957888207095717,15,2.0,-907
13.96067962593591,7,19.0,4597
13.961167635702758,1,5.0,8367
13.962182861874378,17,1.0,-245
13.962815234385912,9,2.0,7654
13.962877576709248,14,4.0,-3226
13.9631719034319,5,9.0,0
13.96365999546099,1,7.0,8368
13.964130790974057,13,1.0,-3200
13.964130790974057,17,1.0,-3200
13.96466176505946,15,3.0,-181
13.965162181744104,13,1.0,-3366
13.965515273619895,15,21.0,-577
13.965780402344445,5,6.0,0
13.966274848602442,13,1.0,-3316
13.966282036409927,10,42.0,8238
13.966575270188759,6,12.0,7892
13.967479545369999,5,6.0,0
13.968107947544478,5,2.0,0
13.968535428413993,6,2.0,8023
13.969061880608638,8,5.0,7465
13.969810256691705,7,4.0,7857
13.969879204629354,5,1.0,0
13.970111690270423,7,1.0,7676
13.970458682524525,5,1.0,0
13.970840066949252,14,7.0,-3217
13.971197491649324,7,2.0,6394
13.971851518849629,7,14.0,6294
13.972169613326358,6,5.0,8284
13.972428942433876,5,5.0,0
13.973096228724087,14,3.0,-3489
13.973666038600568,7,5.0,7011
13.973831355628988,9,4.0,7796
13.974991456090711,7,8.0,5725
13.975723675578742,13,2.0,-3274
13.975876492566668,1,2.0,8369
13.976473805203552,1,9.0,8370
13.9769062331558,7,1.0,6260
13.977056946340046,5,9.0,0
13.977419707207149,1,2.0,8371
13.978679247336204,7,3.0,6422
13.979205844426414,5,2.0,0
13.979882939572235,15,1.0,-624
13.980162193732628,13,1.0,-3353
13.980162193732628,17,1.0,-3353
13.980401925895139,13,4.0,-3380
13.980559601258497,13,15.0,-3390
13.981039208833442,7,1.0,7288
13.981046386765271,7,6.0,5462
13.9810623831818,5,2.0,0
13.981701785277448,1,8.0,8372
13.981781287485955,8,4.0,6788
13.982385867577873,5,8.0,0
13.982605295172364,7,1.0,5040
13.98264557386193,5,4.0,0
13.983457091139712,17,1.0,-1938
13.98376252559601,5,8.0,0
13.98394177891223,10,5.0,7987
13.98488106403677,13,1.0,-3647
13.98522392149923,6,1.0,8342
13.985516810150257,113,34.0,-3478
13.987023458532349,6,9.0,7505
13.98757527804418,5,5.0,0
13.988200737042108,6,1.0,8294
13.988733033416699,15,4.0,-151
13.989335691509186,8,1.0,7938
13.989465942120168,5,2.0,0
13.989756665801115,14,7.0,-3253
13.989828139228301,17,1.0,-1106
13.991073155042109,13,16.0,-3320
13.993518495554287,13,1.0,-3643
13.993518495554287,17,1.0,-3643
13.994338864969537,5,2.0,0
13.994677275410233,9,4.0,7879
13.995883217989267,13,1.0,-3233
13.996314966853474,5,4.0,0
13.996337213221896,17,1.0,-1116
13.997465360602547,17,6.0,-2180
13.998494102553325,7,1.0,7531
13.999821946514334,7,7.0,7578
13.999980400584626,7,4.0,6765
14.000208186211037,5,4.0,0
14.000701958471497,13,5.0,-3954
14.000832561546325,13,1.0,-3944
14.001005488967333,18,,0
14.001032737066586,15,4.0,-385
14.001388019962791,101,2.0,8373
14.002100230277975,7,2.0,7805
14.002351179142238,5,12.0,0
14.002391919333228,18,,0
14.00239396646615,101,3.0,8374
14.002667481415497,13,1.0,-4045
14.00307197629726,16,4.0,3665
14.003912203707994,7,4.0,7701
14.004178648447077,7,1.0,7339
14.005440414158443,7,51.0,6652
14.005983363271639,1,2.0,8375
14.006532473788909,18,,0
14.006551893348782,101,2.0,8376
14.00685744455552,12,3.0,8070
14.00754182019415,15,3.0,-765
14.007877683383919,5,6.0,0
14.009446458127677,7,3.0,6884
14.009621935368124,5,3.0,0
14.009916335703156,6,4.0,7217
14.009975002479017,7,3.0,6753
14.01018277963986,7,2.0,7753
14.011343183187595,8,6.0,6374
14.012043104230722,8,3.0,7587
14.014086614162665,14,4.0,-3725
14.014679656521214,14,6.0,-3787
14.01487834559343,5,1.0,0
14.015033734552894,7,4.0,6991
14.01580530962297,14,1.0,-3834
14.016088025069646,6,5.0,8265
14.017130147271786,10,2.0,8145
14.020006632960726,7,3.0,7653
14.02159615070416,5,4.0,0
14.02215045531527,14,1.0,-4027
14.024921146928245,1,8.0,8377
14.02561992529073,7,7.0,5083
14.025637849991163,8,1.0,8286
14.025670591626712,5,3.0,0
14.026315470752378,7,4.0,7902
14.026331147647337,18,,0
14.026389617657678,7,1.0,8004
14.026804074289299,101,2.0,8378
14.028428065710147,5,2.0,0
14.028560851312076,8,9.0,7165
14.02862123959564,7,1.0,6927
14.028671091982742,13,3.0,-3983
14.029375823214941,6,5.0,7527
14.029973496710241,6,2.0,7030
14.02999037307514,3,34.0,8379
14.030660008017337,5,2.0,0
14.030959659632957,13,3.0,-4059
14.031933969073274,8,33.0,7698
14.032045243054318,13,8.0,-3992
14.032475208929325,5,3.0,0
14.03314798339948,13,3.0,-3676
14.033277553829326,7,1.0,6526
14.033630865460967,6,30.0,8351
14.0336638916435,5,4.0,0
14.033682669373324,6,15.0,8115
14.034952144450695,7,13.0,7997
14.035616815479083,7,7.0,8014
14.035912598024264,13,2.0,-3987
14.036004160962932,5,10.0,0
14.036185498089248,7,9.0,6460
14.036373154563618,13,1.0,-3938
14.036591651217664,7,3.0,7354
14.03666801786965,6,4.0,7980
14.036818490472166,6,3.0,8160
14.036954557325357,18,,0
14.037026068193452,101,2.0,8380
14.037050977803203,5,5.0,0
14.037201617975285,13,1.0,-4193
14.037250248792137,5,2.0,0
14.038291822479364,14,4.0,-4136
14.038493658543809,6,5.0,7825
14.038978024250477,10,6.0,8336
14.039539712526981,14,2.0,-3913
14.039671797974288,6,2.0,8223
14.04012242446717,13,1.0,-3935
14.040472324637554,13,1.0,-4127
14.041202126943162,14,2.0,-3920
14.04133033659045,1,5.0,8381
14.041808687694935,113,33.0,-3830
14.041916774975512,10,2.0,7550
14.043164651123138,5,4.0,0
14.043182254983112,13,1.0,-4122
14.044145759791135,6,5.0,8367
14.044146953162091,13,1.0,-3780
14.045973269191377,7,1.0,6017
14.046120269876655,7,4.0,7853
14.046182959539783,13,6.0,-3939
14.046245281537399,13,2.0,-4076
14.04768647681987,6,5.0,8001
14.04810811055936,6,8.0,8245
14.048644254553501,16,3.0,1163
14.048692543792558,14,1.0,-3816
14.048752907005207,13,2.0,-4109
14.048827690367757,7,2.0,7562
14.04958235445916,18,,0
14.04972501365994,101,4.0,8382
14.04977001145317,15,1.0,-951
14.050362251105724,7,3.0,7955
14.050895810435591,9,1.0,7780
14.05125918580471,13,2.0,-4043
14.051512645897022,13,12.0,-4142
14.051693589693866,5,2.0,0
14.051818582709753,1,3.0,8383
14.051985486030913,5,1.0,0
14.052194859892856,8,1.0,8044
14.052931525746846,7,6.0,6141
14.053037495387024,17,1.0,-1724
14.053433087557776,1,7.0,8384
14.054788684476772,7,2.0,7176
14.055865028075594,6,6.0,7968
14.05592559539495,16,50.0,665
14.056432061646777,9,2.0,5380
14.056925113933191,6,5.0,8163
14.057443573920647,13,1.0,-4179
14.057961375467015,5,1.0,0
14.058738256087693,6,45.0,8333
14.059338838595869,6,1.0,8323
14.059573168017799,5,1.0,0
14.059776937542336,13,1.0,-4102
14.059821373507969,1,4.0,8385
14.060832762887879,5,1.0,0
14.06119686735519,5,4.0,0
14.061256389452675,13,3.0,-4028
14.063225426896938,5,2.0,0
14.063786851017273,15,3.0,-46
14.064182270812902,6,4.0,5131
14.06475893731903,8,4.0,6331
14.064786107401869,7,5.0,7673
14.065020271636875,7,4.0,7222
14.065257353217818,5,1.0,0
14.065333895476469,14,3.0,-4064
14.067060140908612,13,46.0,-4065
14.067116211182215,17,1.0,-1903
14.067136950052342,13,8.0,-4111
14.067590723168689,7,1.0,7717
14.068148630062222,13,1.0,-3822
14.068265566950256,13,2.0,-3918
14.068635830800442,17,22.0,-2425
14.069006840729404,7,8.0,5190
14.069292181392754,5,1.0,0
14.069410035293705,14,2.0,-3994
14.06980975648935,7,2.0,7359
14.07214755628802,17,2.0,-3089
14.07265051507904,7,11.0,6115
14.073095798236036,13,3.0,-3986
14.073426668987551,6,5.0,8060
14.073667658270098,4,3.0,8386
14.073711233120875,14,3.0,-3982
14.074512282647412,7,5.0,7499
14.075577060719365,14,1.0,-3796
14.077532705536239,1,5.0,8387
14.077643232971655,14,2.0,-4025
14.078052873562527,7,41.0,527
14.078604224879168,7,2.0,8064
14.079184448979401,6,9.0,7972
14.079286834624124,1,2.0,8388
14.079304609192778,13,1.0,-3842
14.079591284703938,13,3.0,-3881
14.079626675784722,13,9.0,-3984
14.079917551962001,5,2.0,0
14.080259309056174,7,2.0,6710
14.080316865653598,6,18.0,8205
14.080760268428818,1,4.0,8389
14.081914971824101,13,2.0,-4170
14.082210011700013,6,5.0,8020
14.082269884834039,14,3.0,-3942
14.083104409015235,5,3.0,0
14.083272864293932,113,29.0,-4024
14.08442533649694,6,1.0,8015
14.085213916787747,7,3.0,7128
14.085223405058455,13,1.0,-3990
14.085552156188825,8,4.0,7367
14.087845172563725,5,13.0,0
14.08908114650432,7,4.0,6901
14.089202263905243,7,2.0,7420
14.090491644219087,13,25.0,-3821
14.090987018706384,6,2.0,8184
14.091701509429392,13,5.0,-4018
14.091971792894006,16,5.0,2967
14.093166961117305,13,3.0,-3838
14.093446681850645,5,3.0,0
14.094487401295533,6,6.0,8124
14.094713425214199,13,8.0,-3855
14.095114776501896,7,1.0,6038
14.095693592065732,8,1.0,7601
14.096734801142771,7,4.0,6789
14.098950470987718,13,4.0,-3752
14.099276713549255,5,2.0,0
14.099359276437799,13,3.0,-3683
14.099858096108196,16,6.0,2654
14.10060556359232,7,2.0,7966
14.100685192388013,8,3.0,7558
14.101069950105504,1,1.0,8390
14.101980946735203,1,1.0,8391
14.102349813573722,13,18.0,-3814
14.103713458089738,13,3.0,-3993
14.104691493070447,13,1.0,-3872
14.10568696609721,15,9.0,-882
14.106450363682113,13,1.0,-4001
14.106812751690837,17,3.0,-3194
14.10737639003466,14,6.0,-4099
14.107553877390268,5,3.0,0
14.107662989354118,7,3.0,7422
14.107720667845761,9,42.0,7799
14.107730124374438,7,17.0,7817
14.108002805023103,13,8.0,-3769
14.10813389674935,1,1.0,8392
14.108843323698878,7,2.0,7602
14.109227138201344,7,2.0,8050
14.109864272559381,13,7.0,-3892
14.110151248829604,5,5.0,0
14.1105668809776,9,12.0,5575
14.110725185154717,17,2.0,-3659
14.111167427699574,9,3.0,7558
14.111187507530023,11,31.0,8111
14.112087512754433,16,32.0,687
14.11260911484015,5,1.0,0
14.1126483614861,5,5.0,0
14.112970307634207,6,5.0,8347
14.114435433836736,5,5.0,0
14.115173418699849,13,1.0,-4126
14.115502928220113,13,12.0,-4008
14.115659852464638,5,21.0,0
14.115921338632589,15,1.0,-743
14.116201159616526,6,1.0,6998
14.117693214385593,7,3.0,7651
14.117833539160241,5,1.0,0
14.118197354803392,13,1.0,-4014
14.118577078173711,6,14.0,4812
14.118748948350015,17,3.0,-340
14.119520207707666,1,8.0,8393
14.119597941794828,7,1.0,7874
14.119881723520587,6,19.0,7732
14.12014990043874,13,5.0,-4019
14.120273050648814,9,3.0,5417
14.120661054974702,5,2.0,0
14.12082637226989,17,1.0,-911
14.121921034174145,14,7.0,-3783
14.122670972730008,8,1.0,7155
14.123666981659374,9,4.0,6331
14.124257879780705,13,2.0,-4128
14.12453425245615,14,50.0,-3975
14.12583877340785,1,1.0,8394
14.126472914169257,13,7.0,-3951
14.127425256289385,7,2.0,6980
14.127883062109927,7,13.0,6350
14.127982386769883,13,1.0,-4041
14.12827768120457,7,4.0,6326
14.128296854280395,1,2.0,8395
14.129287283138497,5,1.0,0
14.12939593239859,6,4.0,8221
14.129543344685587,6,9.0,7785
14.130014006880312,9,5.0,7465
14.13028120844585,5,1.0,0
14.130776812544065,16,10.0,5484
14.130837171502181,14,1.0,-3711
14.131507095920245,7,1.0,7451
14.13217919268752,1,8.0,8396
14.13264513688188,6,1.0,8199
14.132905847893372,17,2.0,-1670
14.133403070768885,9,2.0,7089
14.134367042203808,5,4.0,0
14.13458930883506,5,11.0,0
14.136426239546742,17,6.0,-3314
14.137442298468976,7,7.0,7552
14.137797524898247,13,1.0,-4101
14.13780754066753,11,57.0,5257
14.138402125294437,6,1.0,8292
14.13878244733138,7,7.0,6163
14.13911245317881,17,1.0,-3554
14.140420806497659,6,2.0,8249
14.14063921469546,9,7.0,5061
14.140997590481419,7,11.0,6700
14.141361860901565,6,4.0,8130
14.141823076615223,7,6.0,8107
14.141985344438261,7,3.0,7865
14.143006057322282,7,1.0,7756
14.14400394782631,7,7.0,5754
14.144049868587164,13,1.0,-4191
14.14449874726374,3,1.0,8397
14.144865402154997,9,5.0,5719
14.145510686889473,7,6.0,8092
14.146019369232302,1,7.0,8398
14.146670043160642,6,4.0,8093
14.146741136592405,6,7.0,8398
14.14716807546148,8,12.0,7413
14.148300356478954,6,8.0,8201
14.149493482096604,16,5.0,2496
14.14954876674238,7,2.0,7433
14.149998868906302,6,11.0,8188
14.150101796305558,17,3.0,-521
14.15056403436507,1,2.0,8399
14.151272506205157,17,2.0,-2361
14.151532948351734,14,2.0,-3928
14.1515805217749,7,3.0,7408
14.152671238051406,13,2.0,-3737
14.153216060063906,5,4.0,0
14.153476696339945,8,2.0,7637
14.153781485264545,5,1.0,0
14.153872327806663,7,9.0,4877
14.154364651889594,14,4.0,-3721
14.154559467655096,7,3.0,8048
14.15458566055801,17,2.0,-190
14.15585353089507,7,13.0,7319
14.156311412549599,7,4.0,7890
14.15668089073682,15,3.0,-293
14.156943461331908,6,8.0,8377
14.157661711319903,6,4.0,4075
14.157815358188328,14,1.0,-4010
14.157852746411173,13,4.0,-3745
14.159722649088915,5,3.0,0
14.160008754656426,14,2.0,-3776
14.16008415145775,13,1.0,-3815
14.160592984738381,13,5.0,-4160
14.161200607142748,5,1.0,0
14.161566588095823,9,2.0,4479
14.161752732987207,5,2.0,0
14.1621035086042,13,4.0,-3733
14.162442216201406,15,1.0,-157
14.162525986222416,1,2.0,8400
14.162577244137282,6,2.0,8400
14.162993999832961,5,2.0,0
14.163003189222566,7,3.0,7583
14.163094952183165,1,3.0,8401
14.164158842698072,17,1.0,-1550
14.16437543153236,6,7.0,8208
14.166311195691538,7,1.0,6786
14.16642965115286,13,1.0,-4021
14.169452739935341,14,2.0,-3886
14.169899901003122,1,4.0,8402
14.170587628927326,6,1.0,7322
14.171609860765018,17,1.0,-1709
14.173500302529021,3,33.0,8403
14.173528509278224,7,5.0,7626
14.173849555422372,6,2.0,8365
14.174034242114539,13,1.0,-3806
14.174908751675707,5,5.0,0
14.175093404205661,13,1.0,-3706
14.175300067241562,14,1.0,-3802
14.175554324734081,13,5.0,-4185
14.175742378943141,16,5.0,5746
14.176062824867891,13,5.0,-4141
14.176749348566364,7,5.0,7535
14.177193716676033,7,12.0,5263
14.177779134586844,5,1.0,0
14.178640536354944,5,5.0,0
14.179465798665438,5,7.0,0
14.179848569888822,14,7.0,-3724
14.179872496435165,8,2.0,7866
14.179878509962744,13,13.0,-4132
14.180542405547385,9,2.0,7637
14.181446347099481,6,6.0,5368
14.181511755873705,5,6.0,0
14.182234210660987,13,30.0,-3902
14.182302718318374,6,1.0,8298
14.182844303840108,16,6.0,3854
14.18313839851825,5,7.0,0
14.183983268002086,9,6.0,5787
14.184033538179452,6,1.0,8331
14.18457975494539,1,10.0,8404
14.185624298858128,6,3.0,8134
14.185809725905717,14,4.0,-4050
14.185957999380731,5,1.0,0
14.187250610210267,7,5.0,7489
14.187424352143946,6,8.0,7712
14.187611472970225,1,1.0,8405
14.187842161884724,6,10.0,8404
14.188186222506197,6,5.0,8170
14.18825821363208,7,2.0,8186
14.188821168624544,13,3.0,-3795
14.189062654895247,14,3.0,-4048
14.190419024938443,16,11.0,3692
14.190483287022944,7,13.0,7707
14.190824191806794,5,1.0,0
14.191078219617301,6,4.0,7585
14.191835985222884,7,1.0,7482
14.191835985222884,16,1.0,7482
14.192793391134536,7,11.0,2168
14.193489492692533,1,3.0,8406
14.193849014614617,5,4.0,0
14.194091307550373,11,11.0,7803
14.195118641332593,9,9.0,3253
14.195327706125138,16,4.0,3371
14.195538850434438,17,4.0,-1911
14.195933704847436,17,1.0,-2992
14.196469518150371,1,4.0,8407
14.196780374179392,13,1.0,-3772
14.197133131724335,5,3.0,0
14.197174129342635,5,4.0,0
14.198284894339444,5,3.0,0
14.198905486875674,13,1.0,-3792
14.199796750856263,5,3.0,0
14.201097855670126,14,3.0,-4165
14.201430868327153,13,1.0,-4047
14.2029650954126,13,10.0,-4104
14.20402661058344,14,2.0,-3843
14.204403518140477,13,1.0,-4083
14.204993265936539,1,1.0,8408
14.205167465154396,7,40.0,5447
14.205302593925452,7,17.0,5544
14.205736173220052,17,2.0,-1802
14.206306683980864,14,7.0,-3837
14.206809253000895,7,6.0,7932
14.206960757865208,13,2.0,-4078
14.207361399300929,13,1.0,-3840
14.207372863047667,9,1.0,7321
14.207492164572267,8,3.0,7840
14.207550391733765,14,1.0,-3968
14.207758104418218,7,4.0,6885
14.207906491138054,7,1.0,6125
14.2079311221772,14,4.0,-3726
14.208759644680779,7,2.0,7708
14.208871336592392,6,3.0,4822
14.209306854654972,13,6.0,-4129
14.209699698892944,7,22.0,5830
14.209754070830451,7,2.0,5284
14.20991567397366,5,8.0,0
14.210302798015903,7,5.0,6656
14.210663435858848,17,1.0,-1720
14.211041601353052,6,11.0,8132
14.211090007007053,1,4.0,8409
14.211410116022181,13,6.0,-4166
14.211430428711028,9,1.0,7486
14.211637915145971,14,1.0,-3817
14.211710148563363,7,7.0,8089
14.212336222937338,15,1.0,-774
14.212451978733053,1,2.0,8410
14.212575397987026,13,1.0,-3866
14.214831265984254,7,2.0,6747
14.214971907923916,13,1.0,-4013
14.216210432347712,113,60.0,-4164
14.217071573658005,14,9.0,-3820
14.217880973670239,1,6.0,8411
14.218104033486659,13,20.0,-4066
14.218342938863286,1,2.0,8412
14.218626525395939,5,1.0,0
14.218798799401604,7,3.0,5917
14.219794990099293,1,3.0,8413
14.220666867420107,7,1.0,5721
14.220811526646436,7,15.0,4099
14.220856895856024,17,3.0,-772
14.221583838397272,5,4.0,0
14.222725280400866,14,1.0,-3805
14.222829329204702,1,7.0,8414
14.222895433433479,7,2.0,7273
14.223528564963665,9,7.0,5694
14.224686049676762,5,2.0,0
14.22581046849627,13,1.0,-3722
14.22581046849627,17,1.0,-3722
14.22592970682882,5,1.0,0
14.225951440644325,1,3.0,8415
14.22605661765265,13,8.0,-4134
14.22617559731984,17,2.0,-3019
14.226243753647266,17,1.0,-3626
14.226674810041477,5,2.0,0
14.227847255843924,13,1.0,-4135
14.228773553141561,6,13.0,7493
14.228787083993522,5,6.0,0
14.229324535248567,10,6.0,7202
14.229464752320638,14,14.0,-3797
14.229464752320638,17,14.0,-3797
14.229861444929625,17,1.0,-346
14.230114592706707,17,1.0,-1920
14.230270225553717,7,11.0,6324
14.23046685634609,13,2.0,-3854
14.231282093989716,13,2.0,-3767
14.231532410364188,5,4.0,0
14.23157515485131,13,2.0,-3997
14.23157515485131,17,2.0,-3997
14.231656553317972,7,7.0,7720
14.232254406611627,16,6.0,7104
14.232895780366226,13,2.0,-4058
14.233158672203738,7,3.0,6844
14.233393469715363,6,4.0,8252
14.233701107206148,5,3.0,0
14.23478874821409,14,1.0,-3710
14.235177827732175,5,1.0,0
14.236381480308037,8,2.0,6069
14.237281448717958,7,7.0,6612
14.238463775587018,5,4.0,0
14.238980807952203,13,1.0,-3895
14.238980807952203,17,1.0,-3895
14.23922571386866,1,1.0,8416
14.23968495158799,5,3.0,0
14.240368942734465,14,10.0,-4044
14.240368942734465,17,10.0,-4044
14.240479427305466,6,5.0,7791
14.240728217624993,6,3.0,8026
14.241023670398512,5,1.0,0
14.241134984366486,7,5.0,7613
14.241214884356118,6,2.0,8399
14.24178312655227,6,3.0,7896
14.242572194821673,7,2.0,6398
14.244222126127914,13,14.0,-4121
14.24431846249441,1,7.0,8417
14.244955091262888,5,1.0,0
14.245958788078067,6,2.0,8395
14.246166840215635,7,1.0,7398
14.246924237034406,5,2.0,0
14.24752880352781,10,34.0,8379
14.24894217355695,5,2.0,0
14.249701973571995,13,3.0,-3691
14.250137088548657,13,4.0,-3703
14.250759847778829,13,1.0,-3709
14.250866258280091,10,3.0,8053
14.25108144451668,13,1.0,-4084
14.251162664636022,6,4.0,8169
14.251986648889295,13,1.0,-3823
14.253729020445418,5,2.0,0
14.254302732895312,7,2.0,6787
14.255593840459214,8,3.0,8374
14.255807618905687,7,50.0,3599
14.255988261500127,1,2.0,8418
14.256178416736319,8,3.0,7770
14.25671488554535,17,3.0,-1086
14.25757464907537,13,1.0,-4112
14.25757464907537,17,1.0,-4112
14.257583788465944,7,3.0,6598
14.257998347218164,9,54.0,720
14.258085388242497,7,4.0,6578
14.258095162601386,17,2.0,-776
14.258807982318773,6,2.0,8260
14.259038899102071,9,3.0,6213
14.259401750119917,13,4.0,-3862
14.259401750119917,17,4.0,-3862
14.259533542655847,7,1.0,7466
14.261253668457266,5,7.0,0
14.261524771181566,8,1.0,8075
14.261741048119132,14,1.0,-4123
14.262073077949312,8,5.0,7260
14.263014009542946,14,11.0,-3826
14.263133354420935,7,2.0,6952
14.263192020122537,5,4.0,0
14.263761045818422,13,1.0,-3882
14.26376980521204,6,3.0,8415
14.264226826549827,6,10.0,8288
14.264337211885525,5,1.0,0
14.264482715265109,17,1.0,-967
14.265560578461603,9,6.0,6374
14.265695817188597,5,1.0,0
14.266437343794555,16,2.0,3574
14.266778092124051,5,3.0,0
14.267908629918107,6,1.0,8229
14.268677388789069,14,2.0,-3858
14.268677388789069,17,2.0,-3858
14.269046960234906,14,2.0,-3723
14.269046960234906,17,2.0,-3723
14.269168759187046,14,4.0,-4051
14.270856324852051,7,3.0,5757
14.270950842815763,5,4.0,0
14.271790720511156,7,2.0,7826
14.271950392668202,6,9.0,7490
14.273058582373853,9,7.0,7702
14.273775401802762,13,1.0,-4060
14.274780639662689,1,4.0,8419
14.27509877594035,16,1.0,278
14.275561076254641,9,1.0,7608
14.276820710140022,5,13.0,0
14.277735985846034,14,1.0,-3844
14.277735985846034,17,1.0,-3844
14.278860893292034,7,2.0,8151
14.279201819895444,5,1.0,0
14.27945493699923,15,2.0,-299
14.279639555034384,113,31.0,-3778
14.27965688371599,9,4.0,7367
14.280467170768075,13,1.0,-4190
14.281989679625799,9,2.0,8178
14.282262882475493,14,3.0,-3863
14.283222486462282,7,2.0,7003
14.283308333195748,9,4.0,7916
14.283340375961094,14,1.0,-4088
14.283340375961094,17,1.0,-4088
14.283550623401101,6,5.0,7711
14.28373882355859,14,4.0,-4000
14.28373882355859,17,4.0,-4000
14.28381549531685,5,2.0,0
14.283961288949584,7,18.0,6366
14.284719323921228,7,1.0,7767
14.284766287328173,13,1.0,-3760
14.284912848592736,5,2.0,0
14.285543590117404,5,2.0,0
14.28561893648911,5,1.0,0
14.285855709162641,8,3.0,7239
14.286163520899771,14,6.0,-4069
14.286215801619324,5,6.0,0
14.287838870211955,13,4.0,-3950
14.288136928296277,9,33.0,7698
14.288389848903465,7,2.0,6726
14.28853898395538,13,1.0,-4156
14.28853898395538,17,1.0,-4156
14.28958192313462,7,3.0,8228
14.289641193847839,14,2.0,-3846
14.289878448183453,7,1.0,7747
14.289885673607374,13,1.0,-3684
14.290139314985598,17,1.0,-3480
14.290280478146155,5,1.0,0
14.29043619240485,5,4.0,0
14.291111139923954,5,4.0,0
14.291417147336913,14,2.0,-4020
14.291582302640306,6,2.0,8418
14.291942919209085,6,3.0,7861
14.29209119319282,15,1.0,-77
14.292360770968218,8,16.0,6528
14.292739432761337,7,25.0,5995
14.29403276399627,11,14.0,8174
14.296298524131064,1,3.0,8420
14.296487167255336,1,3.0,8421
14.297488541981764,5,2.0,0
14.297842036655315,5,1.0,0
14.298332089267515,7,1.0,7856
14.298860009872957,6,8.0,8067
14.29897335810016,7,7.0,7563
14.299781743446903,1,8.0,8422
14.300133693570524,17,1.0,-1576
14.300951973338814,9,5.0,836
14.301305643944557,7,40.0,4820
14.301595959889529,13,1.0,-3690
14.302041375096907,13,2.0,-3933
14.303225605063673,9,1.0,7389
14.303254775094755,9,9.0,6245
14.303675542787548,6,4.0,8258
14.30372853989678,7,2.0,7811
14.30383306484227,14,3.0,-3734
14.30383306484227,17,3.0,-3734
14.304107921552568,17,18.0,-1552
14.30454182385832,6,7.0,8002
14.304705893908729,5,2.0,0
14.304912518621814,15,2.0,-955
14.305909491674292,17,3.0,-3396
14.307008853374954,17,1.0,-1811
14.30764471798649,7,9.0,2850
14.308184248247196,14,7.0,-3850
14.308250905465501,7,2.0,7356
14.309009044566242,5,4.0,0
14.309116037474109,15,4.0,-1036
14.309142333569627,13,14.0,-3771
14.309523245158536,7,3.0,7645
14.310504716727635,7,57.0,5858
14.31051662122238,13,2.0,-3699
14.311102018068036,17,4.0,-3145
14.311504042513716,9,2.0,7352
14.312147229277196,13,1.0,-3774
14.312217836547614,5,9.0,0
14.313250696477217,7,3.0,7340
14.313427098649766,6,4.0,8389
14.313608943534435,4,20.0,8423
14.313680222331813,13,1.0,-4094
14.313680222331813,17,1.0,-4094
14.314140968425558,13,1.0,-4072
14.314140968425558,17,1.0,-4072
14.31437021191365,9,8.0,7567
14.314582203185413,1,2.0,8424
14.314927100023693,15,3.0,-829
14.315449058351195,17,10.0,-145
14.315450055703842,7,2.0,7485
14.315450055703842,16,2.0,7485
14.315460445946714,14,3.0,-3718
14.316327307794209,5,42.0,0
14.316580260172525,7,2.0,8022
14.317015297162968,1,6.0,8425
14.3171105454461,6,6.0,8354
14.317413665681247,15,5.0,-610
14.318119013372689,5,4.0,0
14.3184672282023,6,3.0,8322
14.318480329178996,6,2.0,7993
14.318859299963737,14,4.0,-4070
14.31988729983062,13,1.0,-3981
14.319913563402917,9,12.0,7413
14.320312914359523,5,1.0,0
14.321897267031503,7,1.0,7255
14.322203081123142,9,1.0,7936
14.323156377985754,17,14.0,-283
14.32436023462377,5,4.0,0
14.325269113557054,17,8.0,-123
14.326180705197109,1,4.0,8426
14.326344201485389,10,33.0,8403
14.327826234955143,6,4.0,8409
14.328206346027079,17,17.0,-86
14.328338962612506,5,2.0,0
14.329610081865292,5,2.0,0
14.330868012758305,17,11.0,-3456
14.331180270325142,16,51.0,955
14.33204689155621,17,8.0,-424
14.333027491716157,14,3.0,-3757
14.333038234587653,14,4.0,-3934
14.33318582253684,9,9.0,7065
14.333794043485478,17,10.0,-736
14.333822589585301,15,4.0,-25
14.334062776335733,14,8.0,-4095
14.334868667014144,13,1.0,-4169
14.334940420228481,13,1.0,-3762
14.335423640926416,7,5.0,7953
14.337376787633922,9,3.0,7239
14.337901227032422,6,2.0,8338
14.337933409850274,7,1.0,6268
14.33839332136037,13,5.0,-3809
14.339460177157843,13,16.0,-4161
14.339695767417224,5,3.0,0
14.340139142279932,5,11.0,0
14.340299127044036,7,2.0,7923
14.340790802850085,4,44.0,8427
14.340877879493071,15,1.0,-688
14.341258521377313,6,3.0,8353
14.342011071574834,7,1.0,7672
14.342790695983307,13,1.0,-3909
14.342841288968053,14,10.0,-3985
14.344164908238968,7,2.0,7797
14.345303816268517,5,1.0,0
14.34647858621416,14,2.0,-4152
14.34647858621416,17,2.0,-4152
14.34682922344714,14,3.0,-3890
14.347708991680502,5,1.0,0
14.347890633869138,7,2.0,8035
14.348608414291721,9,2.0,6069
14.348649621537419,7,5.0,7017
14.348953814832091,5,2.0,0
14.351090269972023,5,4.0,0
14.352435960581225,17,4.0,-1103
14.353182289227576,7,6.0,7351
14.35342991485678,7,4.0,7633
14.353515758305763,13,1.0,-4115
14.353819781908514,15,1.0,-573
14.353879467681603,13,1.0,-3674
14.354752291099853,14,4.0,-4171
14.356524062257325,8,2.0,8378
14.357326261204664,1,4.0,8428
14.357385443599036,13,9.0,-3956
14.357533100693612,7,3.0,7745
14.357578664355719,6,1.0,8349
14.357751579056677,6,2.0,8088
14.358200185954727,15,2.0,-24
14.359083485076944,15,4.0,-55
14.360164790166156,15,2.0,-391
14.360962375270585,13,5.0,-3963
14.361791743160234,15,2.0,-538
14.362251037929509,14,1.0,-4148
14.362315814331556,2,2.0,8429
14.363946690326527,14,3.0,-3884
14.363946690326527,17,3.0,-3884
14.364098144139643,15,2.0,-862
14.365199835520365,16,1.0,4943
14.366565485763271,5,1.0,0
14.367501013352522,6,8.0,8052
14.367604270603787,6,4.0,8146
14.367900449133726,7,1.0,7810
14.368111307701517,4,3.0,8430
14.368374418186725,7,12.0,5608
14.369715284008745,15,1.0,-860
14.3699742663465,13,3.0,-3917
14.370009330654522,14,2.0,-3729
14.371866424127873,13,3.0,-4061
14.372607825084994,6,6.0,8164
14.372778949963308,7,7.0,7575
14.373075098414514,17,1.0,-515
14.374606131833856,1,2.0,8431
14.374970315476407,6,4.0,8325
14.375870452379527,14,2.0,-3906
14.376042059760769,16,4.0,2759
14.37663431674084,15,3.0,-906
14.376932250249881,5,2.0,0
14.379281591333038,7,4.0,7126
14.379281591333038,16,4.0,7126
14.379630156297383,1,2.0,8432
14.37979069353819,7,7.0,6637
14.379890549141624,14,1.0,-4071
14.38051944854341,14,6.0,-4062
14.38051944854341,17,6.0,-4062
14.382360957794583,5,4.0,0
14.38303871707908,13,1.0,-3888
14.38303871707908,17,1.0,-3888
14.38328979148168,13,2.0,-3876
14.383732430191492,15,3.0,-898
14.38374646293439,16,7.0,7687
14.384357669856247,8,1.0,8302
14.384571845085478,14,1.0,-3880
14.384946669698051,13,2.0,-3883
14.38545641948226,1,1.0,8433
14.38571249941888,7,3.0,6244
14.385916824213313,7,3.0,6821
14.386318975741855,7,1.0,7827
14.387185868547547,14,4.0,-3702
14.38747431932955,6,3.0,8307
14.387737230280099,9,3.0,3916
14.387757320182352,7,12.0,2912
14.387978212749776,14,2.0,-4186
14.388046665454013,5,3.0,0
14.38864510684234,14,1.0,-4124
14.38864510684234,17,1.0,-4124
14.388991707351396,5,5.0,0
14.389199743261898,17,1.0,-69
14.389375012359537,7,10.0,4415
14.389375012359537,16,10.0,4415
14.389586234507062,14,1.0,-4131
14.389586234507062,17,1.0,-4131
14.389863741012242,7,2.0,7416
14.389865761044113,7,1.0,7204
14.390058325616923,1,5.0,8434
14.39111565495568,7,1.0,7055
14.391157689402164,17,2.0,-3137
14.391824142124353,17,4.0,-2774
14.392117306783145,7,2.0,7726
14.392680603393032,113,31.0,-3811
14.392715045952496,6,5.0,8024
14.393169676547885,5,1.0,0
14.394141686099285,7,4.0,7050
14.394436482144517,13,2.0,-3738
14.394436482144517,17,2.0,-3738
14.394643524135263,6,3.0,8008
14.395339458296004,13,2.0,-3739
14.395339458296004,17,2.0,-3739
14.395946790140705,1,7.0,8435
14.396206553452405,14,2.0,-3849
14.396339958574199,7,8.0,7612
14.39658436151166,1,4.0,8436
14.39762589905671,7,29.0,7621
14.39812392273713,5,1.0,0
14.39848933417911,13,4.0,-4157
14.398834294255296,7,3.0,6063
14.399143059066002,7,6.0,6347
14.399766204901688,113,56.0,-4081
14.400624118934822,17,1.0,-1968
14.400639855929601,5,1.0,0
14.401902869343248,1,1.0,8437
14.402910794902898,14,4.0,-3697
14.40342295231169,5,5.0,0
14.403859710329396,1,6.0,8438
14.404036895116368,14,3.0,-3969
14.404394103603916,6,1.0,8144
14.404412963736718,1,8.0,8439
14.404416377291867,9,1.0,8286
14.40507759536353,1,5.0,8440
14.405995315972046,7,2.0,8157
14.406097336893184,7,4.0,7258
14.406541500168315,14,2.0,-3889
14.40809559089042,3,59.0,8441
14.408193945035359,9,5.0,7254
14.409334471738626,5,4.0,0
14.409390143127613,13,1.0,-3912
14.409394058683606,7,2.0,7106
14.410580102741417,14,38.0,-4189
14.41123452229633,6,1.0,8433
14.412920285225756,13,6.0,-3885
14.412943974873738,5,1.0,0
14.41329101647325,6,8.0,8439
14.413877128305394,8,6.0,7740
14.413965026615896,9,1.0,6566
14.41406705238496,7,3.0,6033
14.414524999896171,14,1.0,-4009
14.414846613118831,17,4.0,-2973
14.41509791795924,9,1.0,6097
14.415875709444895,13,1.0,-3835
14.416100218083884,4,3.0,8442
14.4163319287582,13,1.0,-3785
14.4163319287582,17,1.0,-3785
14.416620874885128,1,4.0,8443
14.417556977903141,6,23.0,8149
14.417999375692176,9,3.0,5221
14.417999375692176,16,3.0,5221
14.418031723626976,13,1.0,-3813
14.418513667901607,13,1.0,-3800
14.418513667901607,17,1.0,-3800
14.418792100538756,16,8.0,4806
14.419425518780656,7,1.0,8158
14.419455557700683,14,3.0,-3965
14.419601753170708,7,2.0,7603
14.419796989947539,6,8.0,8396
14.42021857048095,13,2.0,-4026
14.420294533418726,5,10.0,0
14.42034262955536,16,8.0,2206
14.420559211788985,1,3.0,8444
14.421304217663806,6,4.0,8109
14.421842689557858,1,16.0,8445
14.421850264029517,13,1.0,-3868
14.422380338549921,13,1.0,-4117
14.422380338549921,17,1.0,-4117
14.422775779044802,7,5.0,6560
14.423202643987636,17,2.0,-2218
14.424726024906946,9,2.0,7310
14.425641724234682,8,4.0,8215
14.425970501434165,16,1.0,6259
14.426110565742936,6,6.0,8411
14.426865433106338,6,2.0,8311
14.427788484395554,14,2.0,-4149
14.428125947720028,13,1.0,-3812
14.428418874445848,14,4.0,-4092
14.429582571761607,14,4.0,-3967
14.429582571761607,17,4.0,-3967
14.429670751842155,17,5.0,-247
14.430269787882642,8,39.0,4926
14.430569005911215,7,2.0,5967
14.430942146779033,14,6.0,-4016
14.430942146779033,17,6.0,-4016
14.431754583537511,17,3.0,-2093
14.432200352713206,7,8.0,6375
14.433118613568888,5,7.0,0
14.433893139044665,17,1.0,-390
14.434235029313143,7,6.0,7963
14.434842624550738,8,4.0,8175
14.435054130463968,17,53.0,-3433
14.435536597664605,5,1.0,0
14.436183928935343,8,2.0,8373
14.436315340706642,1,2.0,8446
14.436456327218037,13,2.0,-3908
14.437017135962776,1,3.0,8447
14.437793054966438,15,4.0,-270
14.438195530934186,17,2.0,-2179
14.438479487252751,16,2.0,3467
14.440131915189765,7,4.0,7419
14.441337101580515,14,4.0,-3936
14.441337101580515,17,4.0,-3936
14.441547982630516,5,6.0,0
14.442008304665487,1,1.0,8448
14.444372845649898,5,3.0,0
14.44470111689672,13,12.0,-3879
14.445984473616566,7,8.0,7859
14.446819314709904,9,17.0,7776
14.447244491611892,7,9.0,7920
14.447367955766184,6,3.0,8243
14.448284286402277,17,14.0,-3442
14.44873449252792,7,4.0,7179
14.450112629313873,1,3.0,8449
14.451573365591042,5,6.0,0
14.453383554121203,9,49.0,5036
14.453995218794645,16,46.0,1764
14.454112414741825,8,2.0,8376
14.454143618181432,17,11.0,-199
14.455129186457455,6,2.0,6525
14.455628986548058,1,2.0,8450
14.456372377716097,7,10.0,6575
14.456699340548287,9,20.0,4114
14.457004177020531,9,3.0,7770
14.458611326882654,7,2.0,6914
14.458800449424261,17,2.0,-3472
14.458879184279505,6,3.0,8281
14.458945872978505,13,6.0,-3744
14.459056833126922,7,6.0,7686
14.459056833126922,16,6.0,7686
14.459240253224351,14,6.0,-4085
14.45943337016523,5,1.0,0
14.459476476471933,14,4.0,-3861
14.462954493078534,1,6.0,8451
14.463109826245049,11,13.0,7842
14.463115727983336,5,4.0,0
14.463845612577115,7,3.0,7085
14.464187063568003,13,6.0,-3786
14.46422699847901,8,8.0,7231
14.464732051759052,7,2.0,7105
14.465038048881553,1,2.0,8452
14.465442842463995,5,19.0,0
14.465622266958274,5,7.0,0
14.465869754279028,13,1.0,-3953
14.46621606193596,7,1.0,7576
14.46621606193596,16,1.0,7576
14.46623474376076,17,1.0,-482
14.466786802581831,13,1.0,-3948
14.467226807388684,5,1.0,0
14.46750607589286,1,2.0,8453
14.467924569628257,7,3.0,7677
14.46914764178473,5,4.0,0
14.46968932949561,15,1.0,-324
14.471264042994834,13,1.0,-3958
14.47155864349682,16,6.0,7088
14.471798345341778,8,2.0,7584
14.471871180584127,11,52.0,8241
14.472572004319352,8,2.0,8395
14.472877076478163,17,37.0,-2817
14.47299258360213,13,8.0,-4110
14.474206750033373,17,1.0,-2990
14.474630595972114,7,3.0,7545
14.475324892033269,5,1.0,0
14.4759092975821,14,8.0,-4040
14.475964011602276,7,3.0,7775
14.476323852224608,7,3.0,7748
14.476716612866156,7,4.0,7647
14.478037172836373,7,1.0,6562
14.478087304814272,7,7.0,7253
14.478241658712333,7,6.0,7933
14.478249193125801,17,1.0,-2414
14.478379882324775,16,41.0,78
14.479287691633369,17,7.0,-3469
14.47977625399446,1,5.0,8454
14.479998772972655,13,4.0,-3853
14.479998772972655,17,4.0,-3853
14.480140750650659,7,10.0,8153
14.480152304053059,1,6.0,8455
14.4803807938547,15,1.0,-508
14.480578589479528,6,6.0,8320
14.4810994111887,1,1.0,8456
14.481571130001036,13,1.0,-4106
14.48158059080388,1,19.0,8457
14.481637790313817,1,1.0,8458
14.481802870741548,15,6.0,-122
14.481918737495175,14,1.0,-3911
14.483121646000177,9,8.0,7231
14.483487102036385,5,10.0,0
14.48364109370833,7,2.0,7549
14.48410899608061,12,1.0,8250
14.484595913308668,17,3.0,-2693
14.48488441994841,13,5.0,-3763
14.484906543835972,5,1.0,0
14.485055018278313,8,12.0,7892
14.48640297047971,6,1.0,8244
14.486500217975466,7,4.0,7262
14.486500217975466,16,4.0,7262
14.486773950954444,7,5.0,7077
14.48680192965164,1,53.0,8459
14.487162117183981,7,5.0,6725
14.487620507269817,6,2.0,8277
14.48874069040927,9,3.0,7484
14.488806206417358,14,1.0,-4086
14.488806206417358,17,1.0,-4086
14.48900063895486,7,2.0,7092
14.48903845686269,5,2.0,0
14.489146089001263,1,1.0,8460
14.489206180390006,17,1.0,-3448
14.489224384084626,7,3.0,7925
14.489281999638072,5,3.0,0
14.489844596792018,6,6.0,7664
14.49156051063538,17,4.0,-318
14.49254686455267,15,2.0,-932
14.492726263897131,7,5.0,7136
14.49298523893832,13,6.0,-3819
14.49298523893832,17,6.0,-3819
14.493501946522729,5,1.0,0
14.493762662198035,7,9.0,7286
14.495921141236334,13,4.0,-4057
14.495921141236334,17,4.0,-4057
14.496517221577319,6,8.0,7606
14.496945190836584,17,11.0,-240
14.497482472466361,6,2.0,7847
14.49807981045516,6,2.0,8159
14.498739309674786,7,2.0,7256
14.498776026601933,113,48.0,-4023
14.498980367046514,13,1.0,-3839
14.499001548734624,6,5.0,8315
14.49909052158099,5,11.0,0
14.500263296495142,7,2.0,6916
14.500649686632192,14,2.0,-3804
14.500658934028497,7,5.0,6490
14.50077073728439,13,2.0,-3681
14.50101780480772,14,1.0,-4139
14.501189151280446,8,2.0,7917
14.501325921029455,7,22.0,5775
14.502824313963973,13,1.0,-3695
14.503042037118803,9,11.0,7474
14.503419902917075,17,1.0,-1405
14.50351685476924,7,5.0,7282
14.503713469633675,7,2.0,7123
14.503966549121118,5,3.0,0
14.504196563656073,16,1.0,1810
14.5042237352545,5,5.0,0
14.504413035079121,7,15.0,7648
14.504749901011142,4,6.0,8461
14.505040388298575,9,1.0,7601
14.50512301676991,5,13.0,0
14.505233458549402,13,2.0,-4174
14.505233458549402,17,2.0,-4174
14.505819661119121,5,5.0,0
14.505961232042813,16,41.0,255
14.506470273651711,5,1.0,0
14.506744570233595,5,3.0,0
14.507054051265115,7,2.0,3505
14.508055656266695,8,6.0,7385
14.508372875460967,5,1.0,0
14.508816990047109,5,6.0,0
14.509311413197903,6,1.0,8391
14.511046756105724,14,2.0,-3748
14.511072662462137,7,9.0,7577
14.511207622245315,14,2.0,-4181
14.511297025243065,6,25.0,7447
14.51245727724297,9,59.0,6863
14.512822294088446,5,1.0,0
14.513569188538716,7,8.0,7615
14.514725134508266,13,1.0,-3874
14.514918169090686,13,1.0,-4036
14.515361240122317,7,1.0,7427
14.515512208856,6,1.0,8364
14.515980276348046,7,9.0,5856
14.51658719131794,7,6.0,7850
14.517181010666286,14,4.0,-4158
14.518251620703186,7,4.0,7995
14.518728912233385,113,38.0,-3898
14.518792789761292,13,1.0,-3798
14.518792789761292,17,1.0,-3798
14.51934285166582,13,5.0,-4090
14.51934285166582,17,5.0,-4090
14.519448565595813,15,6.0,-311
14.520548460069389,5,4.0,0
14.521846097259452,8,3.0,7741
14.523109318057845,14,15.0,-3988
14.52422701669385,13,2.0,-3675
14.52422701669385,17,2.0,-3675
14.524350370258091,7,2.0,7985
14.526347766559908,14,3.0,-4138
14.52716827675621,8,2.0,7227
14.527417888497242,1,3.0,8462
14.527704154519279,5,3.0,0
14.528216389398544,7,1.0,7229
14.528216389398544,16,1.0,7229
14.528428584937082,5,2.0,0
14.528437096955297,9,1.0,8044
14.529309564462434,6,3.0,8444
14.529805391957709,5,1.0,0
14.53011771369615,8,6.0,8164
14.530484807061715,6,3.0,8049
14.53145821877935,6,3.0,7778
14.532594618508934,13,1.0,-4173
14.533394180056478,5,2.0,0
14.533933025115436,1,2.0,8463
14.535422801581266,7,8.0,7444
14.53546329598074,17,1.0,-598
14.53605605187832,10,3.0,8442
14.537200072062532,6,11.0,8254
14.53813738693378,5,1.0,0
14.538221006553483,13,2.0,-3742
14.538682741282354,17,9.0,-1871
14.538867045243189,17,1.0,-1820
14.540450798194868,17,1.0,-1607
14.541411584836332,9,3.0,7921
14.541465202707185,5,4.0,0
14.541735179693559,1,8.0,8464
14.541751465294057,15,5.0,-292
14.541921222211599,6,2.0,8375
14.542400281022083,6,1.0,6346
14.542798894286966,6,2.0,8388
14.542887810919039,13,4.0,-3859
14.542887810919039,17,4.0,-3859
14.545433289619655,8,7.0,7763
14.545674199401036,13,2.0,-3678
14.545923024535828,8,1.0,7368
14.546000073010715,9,6.0,6843
14.546483502186627,10,3.0,8430
14.5469387596851,9,2.0,7227
14.547893323808974,5,2.0,0
14.54876563416805,8,29.0,4092
14.548872032152419,7,1.0,7928
14.54902144822807,1,1.0,8465
14.550035440091351,13,1.0,-3972
14.550092402607708,7,1.0,7570
14.55125968109741,7,1.0,8220
14.551266657105943,13,1.0,-3824
14.551430689917659,17,3.0,-3010
14.551826375849041,15,1.0,-591
14.551856345039619,13,5.0,-3740
14.551942236393058,1,5.0,8466
14.5526989470626,14,2.0,-3896
14.55375619833278,13,3.0,-3810
14.554164051154999,10,6.0,7461
14.554239696225501,5,4.0,0
14.554531325357686,13,3.0,-3765
14.554531325357686,17,3.0,-3765
14.55477114030471,13,2.0,-3869
14.55561782336967,14,5.0,-3731
14.555977436995304,13,1.0,-4143
14.55630997885212,6,4.0,5476
14.556397005891746,14,4.0,-4075
14.556448843517403,5,1.0,0
14.558726293788592,15,1.0,-691
14.559058850065835,14,1.0,-3900
14.560873315582372,5,2.0,0
14.560971581801732,5,2.0,0
14.561191331294916,13,1.0,-3899
14.561682059454219,7,1.0,6298
14.561898304162884,5,4.0,0
14.562909334717409,5,1.0,0
14.562964359792993,7,3.0,7036
14.563169040998883,17,1.0,-2550
14.563879217460475,6,1.0,8076
14.564199442054973,13,1.0,-4177
14.564336722240858,5,2.0,0
14.564403635045803,16,4.0,5071
14.564499263835785,9,1.0,7565
14.565232325633549,7,4.0,6960
14.566404267635015,8,1.0,8276
14.566709075692984,6,9.0,6940
14.56807704928094,7,11.0,7851
14.56807704928094,16,11.0,7851
14.568245056553197,13,1.0,-3712
14.568481849554924,14,1.0,-3970
14.569283005192544,15,2.0,-864
14.569812345388641,7,2.0,7669
14.570128094596118,13,1.0,-4120
14.571863731994513,7,7.0,7492
14.57195899904575,5,12.0,0
14.572188902040082,13,1.0,-3847
14.572188902040082,17,1.0,-3847
14.573401550086537,6,10.0,8143
14.573944032513937,16,3.0,1307
14.575266427156867,7,26.0,7625
14.576666024581712,9,5.0,5570
14.578072418180932,11,1.0,7988
14.578264743721098,14,5.0,-4103
14.578264743721098,17,5.0,-4103
14.578360097426168,5,1.0,0
14.579130546191632,13,2.0,-3945
14.579283013536296,6,4.0,8280
14.579754204918423,13,3.0,-4140
14.579754204918423,17,3.0,-4140
14.581233509010396,1,7.0,8467
14.581567711909088,13,3.0,-4137
14.581882072283628,5,1.0,0
14.582004113341744,8,4.0,5131
14.584183488330908,14,9.0,-3818
14.584214697557348,6,7.0,8195
14.58496801256426,14,4.0,-3701
14.58496801256426,17,4.0,-3701
14.585000405523518,5,6.0,0
14.58566574267563,13,1.0,-3679
14.585950467510884,7,1.0,7483
14.587338054766882,8,1.0,6752
14.588166751996438,13,4.0,-3904
14.58846080243939,7,8.0,4553
14.58883167358464,16,5.0,4626
14.588940768893421,13,3.0,-3693
14.590388777020301,7,3.0,5394
14.590588982245515,113,58.0,-3688
14.590589736305752,1,10.0,8468
14.590800412250278,7,2.0,6835
14.591828892938562,6,3.0,7899
14.592526706737235,16,2.0,7795
14.593059931396112,7,2.0,8156
14.59334650813363,5,4.0,0
14.593572779364639,13,2.0,-3867
14.593654196567279,13,1.0,-4052
14.594434463239725,7,5.0,7544
14.594672382781702,6,1.0,8340
14.595038436951938,6,4.0,8348
14.59537904736525,5,4.0,0
14.5958783238585,6,3.0,8420
14.596176533756546,10,7.0,8297
14.59728785810506,9,3.0,6659
14.597665952732035,5,7.0,0
14.598081292023323,14,4.0,-4068
14.598542451252715,7,7.0,6761
14.599152080730976,6,2.0,7697
14.599178665605047,14,3.0,-3784
14.599226002454639,6,9.0,7529
14.599354910299851,16,2.0,3747
14.599949141125107,13,2.0,-3832
14.599949141125107,17,2.0,-3832
14.600008393931613,7,1.0,4923
14.60027459393724,6,12.0,7658
14.600894766900407,7,5.0,6091
14.601297948538468,17,12.0,-1167
14.6013986037049,13,2.0,-3735
14.601484384338253,16,9.0,697
14.601766052610909,7,5.0,6099
14.602195871713088,5,1.0,0
14.602626758776061,16,24.0,858
14.603818960257723,13,5.0,-3937
14.604113573573313,5,2.0,0
14.604185739644993,14,1.0,-4192
14.604300583094462,13,1.0,-3959
14.605124743449245,7,2.0,7386
14.605137252687287,7,2.0,7437
14.605200146323583,8,4.0,7261
14.60531791989348,5,1.0,0
14.605701885702642,7,2.0,6320
14.60608719484945,14,1.0,-3960
14.606834460084775,5,4.0,0
14.607318787749,7,1.0,7759
14.608208699139393,7,9.0,7914
14.608284426441017,7,41.0,7045
14.60903960850981,5,2.0,0
14.609233726505359,11,37.0,8266
14.609390140907374,7,5.0,7527
14.610284687540869,9,2.0,3759
14.610386911392805,8,4.0,7908
14.610693444240667,17,3.0,-2398
14.610837091432481,14,3.0,-3788
14.610849877761602,7,1.0,7910
14.611816672079016,5,1.0,0
14.612516699385877,6,1.0,8309
14.61296438620053,13,1.0,-3727
14.61296438620053,17,1.0,-3727
14.613249932446921,7,5.0,7035
14.613262863966634,5,1.0,0
14.613699856339894,7,3.0,8007
14.613954435212145,5,2.0,0
14.614054352850614,7,2.0,8021
14.614246517071352,1,1.0,8469
14.614268422535055,13,2.0,-3779
14.61448132263351,14,1.0,-4163
14.615564242977436,7,4.0,7976
14.615564242977436,16,4.0,7976
14.617689556762151,14,3.0,-4182
14.618007350173773,6,1.0,8346
14.618033793061361,7,30.0,7244
14.619276707573928,17,1.0,-419
14.619413091249726,6,8.0,8393
14.62049460154122,13,5.0,-3831
14.62049460154122,17,5.0,-3831
14.620863571404897,14,4.0,-3766
14.620863692225862,13,2.0,-3949
14.62089954095494,5,48.0,0
14.620949165338702,7,2.0,7520
14.62160394935618,14,1.0,-3825
14.62160394935618,17,1.0,-3825
14.621851571642376,7,22.0,5761
14.623665434213526,1,3.0,8470
14.624903867317133,14,3.0,-3845
14.625308500544968,13,1.0,-3756
14.626979576169775,7,52.0,6488
14.627001114483132,13,1.0,-3910
14.627131175330236,7,8.0,8201
14.627336768500657,13,6.0,-3841
14.627336768500657,17,6.0,-3841
14.627557836605776,6,2.0,8335
14.628473632097267,7,34.0,4319
14.628910491885094,13,21.0,-4038
14.629444370299165,5,6.0,0
14.629839332854733,13,6.0,-4087
14.630382938985036,1,6.0,8471
14.631768541472972,7,3.0,4614
14.632174819096546,13,10.0,-3971
14.632174819096546,17,10.0,-3971
14.632220305937766,14,6.0,-3976
14.632463000844275,7,3.0,7497
14.63282111485267,5,2.0,0
14.632956127091829,9,4.0,7774
14.633087979627751,6,4.0,8428
14.634006976164684,13,1.0,-4151
14.635253399962757,7,1.0,3426
14.636215519911374,14,3.0,-4154
14.636215519911374,17,3.0,-4154
14.637021450333595,7,11.0,7661
14.637277952851655,13,2.0,-3989
14.63760338080275,14,10.0,-3770
14.637619946291771,5,6.0,0
14.638119181108511,7,16.0,6106
14.638568215527625,14,1.0,-3873
14.639206014041422,1,1.0,8472
14.639274087962875,6,3.0,8470
14.63936103815457,13,1.0,-3758
14.64056589975877,9,21.0,6484
14.640595910311024,17,1.0,-75
14.64078004828979,16,2.0,5847
14.640956951079989,17,2.0,-1122
14.641240554896177,6,12.0,7382
14.641890181948868,7,5.0,8189
14.642670121665127,8,3.0,8415
14.643292877760162,9,6.0,7385
14.643891981616827,6,4.0,8218
14.64490691178713,7,2.0,8059
14.64536567024649,17,1.0,-1468
14.645498710834307,9,2.0,8000
14.645669034441724,14,2.0,-3974
14.645788242685105,13,8.0,-3999
14.646131605400619,7,2.0,7784
14.647103869048111,13,40.0,-3925
14.647532575287768,3,2.0,8473
14.64915995063645,13,5.0,-4155
14.649197829938952,8,9.0,7505
14.649394765624292,6,1.0,8408
14.65005067848397,6,2.0,8431
14.650088623740212,7,3.0,7706
14.650448599416961,7,1.0,5639
14.651100776512386,5,6.0,0
14.651613204355465,5,3.0,0
14.65175919295117,7,6.0,7977
14.651793975702367,7,3.0,6360
14.651971011829078,14,11.0,-4167
14.652395539319793,7,2.0,8112
14.652558815161102,6,4.0,8253
14.652880117783939,6,3.0,8096
14.653886096476672,14,2.0,-4082
14.654122676432456,1,3.0,8474
14.65421900344347,5,10.0,0
14.654361795235843,7,2.0,8399
14.654442534341207,5,3.0,0
14.65447949826476,7,10.0,6895
14.654776818938782,7,8.0,2288
14.654798370978801,14,11.0,-4006
14.654803917448913,14,5.0,-4063
14.655035432536174,13,1.0,-4130
14.655035432536174,17,1.0,-4130
14.655627353053553,17,2.0,-676
14.656179584201121,113,58.0,-3682
14.657670211045223,13,4.0,-3829
14.658880655532693,15,1.0,-567
14.660007534911557,7,1.0,8230
14.660198359330254,5,2.0,0
14.662127403983591,1,6.0,8475
14.662196878939477,7,2.0,8113
14.662353819721188,6,3.0,8263
14.662454806713063,7,10.0,7666
14.662577731307765,5,1.0,0
14.662600151852338,15,1.0,-279
14.662610000050464,5,10.0,0
14.662659318049245,6,7.0,8384
14.662664574795633,14,4.0,-4172
14.663468430768376,13,3.0,-3916
14.664544539036033,6,2.0,4519
14.666394074825703,14,4.0,-3901
14.666973083629168,17,2.0,-3290
14.667399127831265,14,14.0,-3979
14.667529252329295,6,2.0,8432
14.668249022703321,13,1.0,-4054
14.669758843069888,7,1.0,7904
14.669790433218695,17,5.0,-2348
14.669832860183455,13,1.0,-4056
14.670416540219243,13,2.0,-3926
14.670416540219243,17,2.0,-3926
14.67099592932065,13,1.0,-3923
14.671888551327438,1,2.0,8476
14.672715095714908,10,6.0,8461
14.674058345550923,5,4.0,0
14.675048000702617,13,2.0,-4042
14.675089548863166,5,5.0,0
14.676613612151233,1,5.0,8477
14.677360438161749,15,1.0,-778
14.677718469680824,5,2.0,0
14.678004434709003,7,3.0,7372
14.678554855795712,5,3.0,0
14.678666866541489,7,4.0,8039
14.678915313990045,7,2.0,8077
14.67900152629504,8,1.0,8323
14.679220266546412,14,1.0,-3973
14.679775867447674,7,3.0,6962
14.68004188264059,7,1.0,7783
14.680771930672112,5,2.0,0
14.680824654815954,17,1.0,-3132
14.680958417267803,5,2.0,0
14.681043444979627,5,4.0,0
14.684054945540542,13,1.0,-3777
14.684144477250298,5,1.0,0
14.684846851742329,6,2.0,8314
14.685420702184441,14,1.0,-3952
14.685420702184441,17,1.0,-3952
14.686369682264484,5,1.0,0
14.686427405319142,1,5.0,8478
14.686734002463478,1,12.0,8479
14.687678575447922,13,1.0,-3927
14.688307991054328,6,20.0,8267
14.688961418439884,13,14.0,-3852
14.688961418439884,17,14.0,-3852
14.689441287453793,13,2.0,-4046
14.689452562028848,9,7.0,7763
14.690298631655342,13,1.0,-4188
14.690685031435844,5,3.0,0
14.690718737162047,4,6.0,8480
14.690729329686917,16,3.0,962
14.691028675496982,5,1.0,0
14.692960306230091,6,3.0,8421
14.693104296242074,13,2.0,-4114
14.693143624305803,9,55.0,8180
14.6932874523381,5,3.0,0
14.693318140635144,5,6.0,0
14.69345382263316,8,2.0,8204
14.693497893299362,7,2.0,5329
14.694385938154845,13,5.0,-4039
14.695000669814688,17,5.0,-547
14.695486371565499,5,5.0,0
14.696160139971187,5,3.0,0
14.697126134729372,5,7.0,0
14.698133914121211,7,10.0,8285
14.698143925299124,13,2.0,-3741
14.698143925299124,17,2.0,-3741
14.698935427026946,14,8.0,-3719
14.699160003303486,17,4.0,-1850
14.699842406779988,5,4.0,0
14.700422604773195,9,6.0,6042
14.70047297930551,6,2.0,8240
14.701613816671465,9,2.0,8299
14.701653861071962,14,4.0,-3915
14.702025108108735,8,1.0,8104
14.70257640036791,17,1.0,-2832
14.702589776754069,113,47.0,-4002
14.703247344554363,16,17.0,3894
14.70538474368589,13,1.0,-3768
14.706033933134414,14,4.0,-3877
14.70616717834281,6,6.0,8475
14.706294886010044,13,4.0,-3921
14.706721132642238,13,6.0,-3991
14.706721132642238,17,6.0,-3991
14.706935086682147,7,4.0,8042
14.707364372334398,5,1.0,0
14.707589626912966,5,3.0,0
14.708196633766523,7,5.0,7728
14.708323836763839,7,1.0,8206
14.708666084629218,13,4.0,-3828
14.708985800126012,7,1.0,7766
14.709075244770666,1,6.0,8481
14.70979030167679,7,4.0,7426
14.710078284158845,6,5.0,8440
14.710699944798344,9,29.0,4092
14.71072533142025,5,4.0,0
14.711340055123364,5,3.0,0
14.712027444117387,7,45.0,8333
14.712218364144674,9,3.0,7907
14.712332389661519,7,2.0,6648
14.713315579376177,7,13.0,4392
14.713318717675637,13,1.0,-3897
14.713582193198453,5,4.0,0
14.713650720400157,7,2.0,7694
14.71439039550951,13,3.0,-4037
14.715151553933703,5,5.0,0
14.715251033367757,5,4.0,0
14.717758849340004,1,48.0,8482
14.717881960237346,15,1.0,-348
14.718061634649032,17,2.0,-1534
14.718173280179927,5,2.0,0
14.719185562506953,13,2.0,-3966
14.719185562506953,17,2.0,-3966
14.719923101056603,11,14.0,7860
14.720207458700967,17,1.0,-2630
14.721018328760499,4,12.0,8483
14.721476539094306,7,3.0,5918
14.721661525328836,14,8.0,-3794
14.721699192547238,5,3.0,0
14.72170723382234,14,8.0,-3977
14.722818081827127,7,4.0,5956
14.724394683617316,9,19.0,777
14.724596224795519,5,2.0,0
14.724705483972974,13,3.0,-4159
14.725322233986237,13,1.0,-3961
14.726400540897142,7,3.0,7715
14.727074155503553,7,7.0,8237
14.727074155503553,16,7.0,8237
14.72759170420877,5,3.0,0
14.727844198139655,6,9.0,8370
14.729073949739094,1,2.0,8484
14.729596524232742,13,1.0,-4079
14.729868015029401,14,3.0,-3700
14.729868015029401,17,3.0,-3700
14.729883060872137,17,3.0,-243
14.730316911826746,13,1.0,-3705
14.731067708041357,5,4.0,0
14.732217458576114,1,12.0,8485
14.733040216069615,15,11.0,-879
14.733467339744363,1,4.0,8486
14.733544704275808,15,1.0,-394
14.733999508253103,13,6.0,-4029
14.733999508253103,17,6.0,-4029
14.73430309058705,13,1.0,-4007
14.734966259423933,13,2.0,-3851
14.735356358080999,17,2.0,-1207
14.736612969952803,5,1.0,0
14.736839933512236,14,4.0,-3714
14.737695302213726,13,9.0,-3907
14.738589220901266,7,1.0,7876
14.738939941556334,14,1.0,-3887
14.739360703514217,9,3.0,7913
14.739620120379524,13,3.0,-4055
14.740181042581623,5,3.0,0
14.74076710343468,13,1.0,-4049
14.740882456396724,14,2.0,-3782
14.741245797953953,7,2.0,7695
14.741321157432045,5,4.0,0
14.741596878478932,7,3.0,6494
14.742023285127202,4,4.0,8487
14.74232179462626,8,2.0,8088
14.742945254042912,6,4.0,8426
14.743231781146687,7,9.0,7330
14.743554175951687,17,2.0,-982
14.744002656241127,13,3.0,-3751
14.744002656241127,17,3.0,-3751
14.74453228061865,7,7.0,5365
14.744640471717464,17,1.0,-2337
14.74480252879251,13,3.0,-3848
14.744927747857648,13,7.0,-3941
14.745788289377646,5,2.0,0
14.746587610882395,13,1.0,-4116
14.746605224160154,5,1.0,0
14.746693936932447,5,3.0,0
14.747004228735314,17,1.0,-847
14.747372855808926,14,9.0,-4178
14.747484153206274,113,54.0,-3919
14.747524641884395,5,14.0,0
14.748559191425644,17,1.0,-1575
14.74933265618894,14,4.0,-3685
14.749432277286495,13,1.0,-3736
14.750618103760083,9,32.0,6047
14.750889370008196,7,4.0,7027
14.750910535206977,7,3.0,6967
14.751501675337398,7,2.0,7568
14.751951015854099,15,1.0,-825
14.752636842412812,11,4.0,6867
14.753324796532118,14,2.0,-3894
14.753797443556898,7,6.0,5962
14.754251585495073,9,3.0,7587
14.754548928550424,10,6.0,8480
14.755117120186585,13,1.0,-3696
14.755263789944363,6,2.0,8259
14.756090446470798,14,2.0,-4125
14.756418038975603,13,1.0,-3707
14.756687502061984,13,6.0,-3692
14.756687502061984,17,6.0,-3692
14.756916949573023,17,1.0,-2156
14.757319581619777,1,1.0,8488
14.757409971821016,7,3.0,7388
14.757795096095876,13,46.0,-3781
14.758212465795637,5,1.0,0
14.758231141750706,8,21.0,5342
14.758914385824893,17,2.0,-2369
14.760205065592709,5,1.0,0
14.760270057406732,13,1.0,-3914
14.761635810120886,13,2.0,-3749
14.762074381110061,7,15.0,6308
14.76233409036472,5,1.0,0
14.763347773122122,5,3.0,0
14.763469635913353,7,2.0,6634
14.764059373490237,5,2.0,0
14.764655596570535,7,2.0,7032
14.764672118695882,8,2.0,8216
14.764721852355265,5,4.0,0
14.765237471831034,17,4.0,-2537
14.765592290215368,14,3.0,-3687
14.765731210106082,13,5.0,-3964
14.76584185739888,14,5.0,-3995
14.765957059238788,13,1.0,-4145
14.765957059238788,17,1.0,-4145
14.766055547382983,7,3.0,7957
14.766288012885251,8,1.0,8329
14.767325876171629,9,1.0,8302
14.768627953479275,13,2.0,-4017
14.769061660018021,13,1.0,-3728
14.769201380389262,16,1.0,4221
14.769558016822314,5,3.0,0
14.769652707592781,5,4.0,0
14.76973946181305,7,5.0,7523
14.769902973402687,6,3.0,8383
14.771077045508871,6,8.0,8166
14.771095267652811,14,6.0,-3978
14.771588007506,14,4.0,-4022
14.771851414607184,8,2.0,8085
14.772398617661203,17,1.0,-2174
14.773815547404723,17,3.0,-642
14.773831700394076,7,2.0,3296
14.77398248034908,7,1.0,7049
14.775092210256645,5,2.0,0
14.775210465354233,3,54.0,8489
14.775263263868247,7,1.0,7458
14.775896466836446,5,1.0,0
14.777244246540793,6,3.0,8126
14.777819366851013,16,25.0,2864
14.777950588052079,9,2.0,7449
14.778035038376533,14,4.0,-3775
14.778851681093052,7,12.0,6812
14.779162308829118,5,3.0,0
14.779702604480988,6,2.0,7671
14.780264843430851,17,1.0,-1388
14.780500828664387,17,1.0,-176
14.780588908084992,13,1.0,-3764
14.780841309450622,5,28.0,0
14.780878539247597,7,12.0,5168
14.780985604518028,5,2.0,0
14.781163662953201,13,3.0,-3808
14.781764650082367,13,1.0,-3807
14.781853487114672,13,1.0,-3717
14.782630299683381,13,2.0,-4034
14.783872435073848,14,52.0,-3750
14.78437059163573,13,4.0,-3903
14.784459952601516,1,10.0,8490
14.785427312417188,13,1.0,-4146
14.785605947248241,5,1.0,0
14.785949892376545,11,3.0,8430
14.788372669538543,7,3.0,6088
14.788568169919152,7,11.0,7629
14.790234693900757,7,6.0,8058
14.790593755520405,7,2.0,1485
14.790833140674335,7,7.0,8025
14.791182224158922,13,1.0,-3875
14.791465431360008,5,3.0,0
14.7918432499535,13,2.0,-4035
14.792247509687009,5,1.0,0
14.792624480522326,7,1.0,6343
14.793392894467134,6,2.0,8452
14.795320630102673,15,11.0,-422
14.796108147428214,14,2.0,-3803
14.796108147428214,17,2.0,-3803
14.796142255522673,5,3.0,0
14.797992941137554,8,3.0,4642
14.798647184679746,13,2.0,-4074
14.79963180412768,15,2.0,-723
14.802514024817425,7,4.0,6322
14.80280636676587,16,3.0,5638
14.80415445046654,5,5.0,0
14.804500167036242,6,2.0,8424
14.804603728710275,16,5.0,5409
14.805250320633,13,4.0,-3716
14.805277643386916,13,2.0,-3833
14.805277643386916,17,2.0,-3833
14.806256064336889,13,1.0,-4162
14.806256064336889,17,1.0,-4162
14.806392313615467,1,7.0,8491
14.807302659738662,7,7.0,7274
14.807680553658388,5,7.0,0
14.807735863994193,6,3.0,8413
14.808773418286249,5,5.0,0
14.808978852341243,15,16.0,-456
14.80959426650629,13,6.0,-3980
14.809982342157912,7,3.0,7605
14.810406747050305,5,1.0,0
14.811227517656793,8,1.0,7734
14.811514917336856,7,1.0,6611
14.811537727014866,9,1.0,7478
14.812272109282421,17,1.0,-2232
14.812531837252962,4,2.0,8492
14.81254034553083,3,38.0,8493
14.812571919823862,7,12.0,6593
14.813428156471598,9,7.0,7946
14.814074493572226,9,1.0,8197
14.814265311426986,5,1.0,0
14.815581783991293,5,1.0,0
14.816038471978537,113,23.0,-4032
14.817627603247171,6,2.0,8016
14.817816047187879,13,1.0,-4133
14.818152841294571,6,1.0,8192
14.81828166540023,5,1.0,0
14.819066468715153,5,4.0,0
14.819344910468862,17,60.0,-1228
14.81941783416901,5,2.0,0
14.820220103793545,17,2.0,-2561
14.82065931947934,5,1.0,0
14.820926742121218,13,2.0,-3955
14.820998788115777,6,60.0,7901
14.822782741049426,14,3.0,-4184
14.823641900276122,6,2.0,8045
14.823703699512615,15,7.0,-191
14.823779875580948,13,19.0,-4004
14.82438017435302,9,1.0,7981
14.824760108894802,1,2.0,8494
14.825427521296232,7,2.0,7713
14.825459031743272,5,1.0,0
14.825795288439108,5,3.0,0
14.825935540330976,8,2.0,7596
14.826286887895122,14,1.0,-4089
14.826286887895122,17,1.0,-4089
14.829388648632882,9,3.0,7762
14.82985143277011,15,5.0,-582
14.830015292008554,13,1.0,-3708
14.830097182000914,9,2.0,7424
14.831135681697349,7,13.0,1985
14.831659932154562,13,1.0,-3957
14.831903852090559,17,1.0,-1628
14.832381154075515,5,1.0,0
14.833058963898706,6,8.0,8133
14.833362224499192,13,2.0,-4183
14.833362224499192,17,2.0,-4183
14.834084363567229,1,4.0,8495
14.83506480019751,14,2.0,-4180
14.835229415474192,5,4.0,0
14.836684370889804,5,12.0,0
14.837573709543971,6,4.0,5300
14.837932782372691,3,6.0,8496
14.838424826160688,5,4.0,0
14.840474993228602,7,3.0,5404
14.840680657128189,6,2.0,7877
14.840705665478065,13,1.0,-3962
14.840705665478065,17,1.0,-3962
14.84099564122777,7,22.0,5176
14.841458720992438,8,1.0,8364
14.842141914673622,7,2.0,7498
14.84281285455869,14,2.0,-3932
14.843589217042812,17,2.0,-448
14.844153479171442,10,5.0,8036
14.844254668502321,17,13.0,-721
14.84439855465979,15,5.0,-728
14.844754808328084,5,1.0,0
14.84554884781298,5,1.0,0
14.846378526929248,7,1.0,8106
14.846681784989787,13,1.0,-3753
14.847069243410774,13,2.0,-4097
14.847900329982478,5,2.0,0
14.84876559544888,17,1.0,-1319
14.84912728636671,14,7.0,-3801
14.84912728636671,17,7.0,-3801
14.849403508986786,6,2.0,8410
14.849459752241254,13,11.0,-4077
14.850343055174239,13,8.0,-4012
14.85055571838743,11,12.0,7943
14.850984193225724,8,3.0,7573
14.851021344616067,13,2.0,-4091
14.85129755012352,7,2.0,8283
14.85177645198572,7,15.0,8305
14.851951738502226,7,1.0,8100
14.85203982171065,8,2.0,6621
14.852108822497186,13,8.0,-3761
14.852555194091758,1,5.0,8497
14.852589407730058,17,1.0,-1545
14.853241139586375,14,26.0,-3746
14.853379800862292,5,4.0,0
14.853567424198966,7,7.0,8217
14.854877682162817,17,2.0,-1168
14.85496184140958,1,3.0,8498
14.85523396468163,11,7.0,7663
14.85536274950878,1,4.0,8499
14.855488070214722,13,6.0,-3791
14.85556407945933,6,8.0,8091
14.856034030750283,6,3.0,6950
14.857590056645975,13,1.0,-3860
14.857590056645975,17,1.0,-3860
14.858144921386458,13,5.0,-3732
14.858144921386458,17,5.0,-3732
14.859487385717735,13,1.0,-4100
14.859987772245264,13,1.0,-4153
14.860160675174056,5,26.0,0
14.860576050703742,17,2.0,-275
14.860856511174005,14,15.0,-3827
14.862714231386489,14,1.0,-3931
14.86283120861647,17,12.0,-1419
14.863340775653713,17,1.0,-1437
14.863432912929007,14,6.0,-3924
14.863491436948495,7,4.0,6307
14.86446860763929,14,4.0,-3790
14.86446860763929,17,4.0,-3790
14.864894433826839,7,1.0,7292
14.864907429573867,13,1.0,-4030
14.864907429573867,17,1.0,-4030
14.864997304300873,9,2.0,6909
14.865080001397905,5,3.0,0
14.865080767742691,7,6.0,7620
14.865312521870564,14,6.0,-3713
14.865491363977084,7,5.0,7731
14.865607580664859,14,3.0,-3929
14.865607580664859,17,3.0,-3929
14.865670716589705,14,6.0,-3947
14.868063640961982,13,7.0,-3878
14.868270186100698,17,20.0,-3379
14.868737824369777,13,2.0,-3689
14.868737824369777,17,2.0,-3689
14.86888448143055,5,1.0,0
14.869748225841795,7,12.0,7564
14.87057219338004,7,3.0,6826
14.870907767519881,5,2.0,0
14.871485683489352,15,2.0,-310
14.875179106841433,7,9.0,7414
14.875651748852013,17,2.0,-1880
14.875791528641187,7,1.0,7779
14.875873420215582,17,14.0,-297
14.875882947355908,5,2.0,0
14.875973907171288,13,2.0,-3905
14.876213504329543,8,1.0,8144
14.876559146497257,13,1.0,-4067
14.876559146497257,17,1.0,-4067
14.876726204645337,13,13.0,-4093
14.87673622271133,6,48.0,8108
14.877551052857878,7,1.0,6998
14.878047152205799,7,3.0,6444
14.878810958440276,5,4.0,0
14.880206400803052,5,3.0,0
14.880758527256416,8,13.0,8290
14.880951512125202,7,1.0,7371
14.881558711741743,7,6.0,6284
14.882541625891758,17,1.0,-532
14.882901414605259,5,4.0,0
14.883078925388054,14,1.0,-3747
14.884628773493192,2,3.0,8500
14.885251969272641,14,2.0,-4108
14.885251969272641,17,2.0,-4108
14.885973948656684,17,3.0,-2135
14.888489841806159,6,3.0,8447
14.888516284158833,9,3.0,5152
14.888516284158833,16,3.0,5152
14.889089635445776,14,7.0,-3871
14.889514025460148,9,2.0,7584
14.890325850119766,6,4.0,8191
14.89155534824526,14,1.0,-3893
14.891702911261287,1,2.0,8501
14.892312251216321,13,3.0,-4053
14.892988946799727,7,1.0,7970
14.893697399058134,7,2.0,7947
14.89370128377605,13,2.0,-4005
14.89370128377605,17,2.0,-4005
14.89414569179045,5,1.0,0
14.894867269072074,5,2.0,0
14.894970330265933,7,3.0,7495
14.895367854991218,13,1.0,-3789
14.89557014323628,7,2.0,7868
14.896833551290664,7,4.0,8325
14.89766666768934,1,2.0,8502
14.89890669567849,13,5.0,-4144
14.898935752803277,5,8.0,0
14.899082888558425,3,5.0,8503
14.900939951349224,10,1.0,8397
14.900942295673328,14,1.0,-3755
14.900942295673328,17,1.0,-3755
14.902256237010741,7,5.0,7670
14.902256237010741,16,5.0,7670
14.903659331833083,10,6.0,8255
14.905840891183225,17,5.0,-1151
14.90616534560205,13,3.0,-3773
14.90628275574635,6,5.0,8497
14.906518085517241,13,1.0,-3836
14.907082882795848,7,2.0,6770
14.907140715552972,5,2.0,0
14.907880390099724,6,7.0,8319
14.908036903748057,5,3.0,0
14.910067898135262,7,5.0,4842
14.910090440453736,8,1.0,8294
14.910102665090664,5,1.0,0
14.910637702970387,6,6.0,8327
14.9107599315227,13,4.0,-3793
14.910894542109887,6,1.0,8465
14.911256028037055,7,15.0,7023
14.911652530291711,13,4.0,-4118
14.911652530291711,17,4.0,-4118
14.911902113817352,13,2.0,-4098
14.912323641594346,1,8.0,8504
14.912403221708932,12,3.0,8272
14.913768568609083,17,2.0,-944
14.914054748173024,17,45.0,-1805
14.914433527940243,6,3.0,8268
14.914553884196,5,2.0,0
14.915435515971634,13,1.0,-4176
14.915689456963904,14,7.0,-4175
14.917314514206634,6,4.0,8407
14.918109622346996,5,5.0,0
14.9188684655882,5,5.0,0
14.919200810467006,7,5.0,7924
14.91924091885967,13,2.0,-3930
14.919622700797841,7,7.0,6132
14.919783762751033,13,5.0,-3698
14.920363635482923,15,46.0,-956
14.921169852246189,1,3.0,8505
14.923259149440975,13,1.0,-4150
14.924094803077768,113,55.0,-4015
14.925900447532195,16,1.0,6506
14.926096035193451,5,1.0,0
14.927691873861514,14,2.0,-3856
14.927691873861514,17,2.0,-3856
14.928651257608438,5,4.0,0
14.92902710154112,1,5.0,8506
14.929836572368417,7,16.0,5522
14.92993732023323,6,19.0,8457
14.930332159678406,13,3.0,-3865
14.930576214863859,5,3.0,0
14.930969336838864,9,4.0,7908
14.93360474264094,17,1.0,-2017
14.934059049210784,8,2.0,8380
14.934214650300255,7,2.0,7689
14.934751711943077,6,5.0,8478
14.935332120960995,113,34.0,-3730
14.935563050161068,8,6.0,5368
14.935572625299894,1,2.0,8507
14.93574360798402,14,5.0,-4105
14.935756105723975,10,3.0,8386
14.936172353980469,13,2.0,-3946
14.936627339958035,5,1.0,0
14.936790326154057,5,10.0,0
14.937579196918062,6,2.0,8246
14.9378235452736,1,1.0,8508
14.9388416171692,7,6.0,7854
14.939132177410283,13,1.0,-4031
14.939132177410283,17,1.0,-4031
14.939251253320469,13,2.0,-4033
14.940601525856808,17,16.0,-1957
14.941093710982704,1,13.0,8509
14.941649820438117,13,17.0,-3720
14.942300208673785,6,5.0,8381
14.943864716696817,13,1.0,-3996
14.944038866077534,7,5.0,7127
14.94435369064554,8,8.0,7992
14.944596284517667,5,1.0,0
14.944647864509225,16,3.0,189
14.944733988432802,5,5.0,0
14.945532546057862,14,2.0,-3759
14.945635453711647,1,1.0,8510
14.945713886777892,14,7.0,-4096
14.946017319988753,16,8.0,5886
14.947139556548237,13,3.0,-3715
14.947253090932163,5,1.0,0
14.947436875462357,7,1.0,7934
14.947572258129005,6,12.0,8485
14.948765581610186,7,3.0,7233
14.950771934053586,13,2.0,-4187
14.951097182531957,17,2.0,-169
14.951522073017228,5,5.0,0
14.952136500896529,13,1.0,-3940
14.952993880994276,8,2.0,7668
14.95332110352108,17,1.0,-426
14.953807938288415,14,6.0,-3864
14.95392878962357,1,6.0,8511
14.953962155011665,16,4.0,5260
14.956302607821497,9,1.0,5402
14.957003707341613,8,4.0,6572
14.958251045293805,9,5.0,6942
14.958714580288387,5,4.0,0
14.959450176356597,5,3.0,0
14.960192154738168,7,3.0,7667
14.96062986885357,13,3.0,-3799
14.960702192917237,10,4.0,8225
14.960914423031435,17,1.0,-507
14.961033096890116,17,1.0,-269
14.9618092483594,14,1.0,-3943
14.9618092483594,17,1.0,-3943
14.961983042010575,13,11.0,-3998
14.962049803336328,5,1.0,0
14.962059531166988,7,2.0,8139
14.963074334947583,5,4.0,0
14.963751765066377,6,1.0,8310
14.963991436439082,7,8.0,8377
14.964467540551327,3,50.0,8512
14.965848722397705,5,3.0,0
14.966007977878395,6,6.0,8511
14.966037304358753,5,1.0,0
14.966219585658699,8,3.0,7888
14.96677439945566,5,2.0,0
14.96730002606517,7,5.0,6869
14.968511905743277,9,21.0,5342
14.968962260652367,7,5.0,7436
14.969758018221121,9,1.0,6752
14.96999676909797,7,6.0,7140
14.970018379891663,13,2.0,-3743
14.970240325422765,6,7.0,8491
14.970526693297238,8,4.0,8428
14.970658215186237,13,2.0,-3870
14.971703364671034,9,6.0,5368
14.972245552976393,5,7.0,0
14.972433989263195,5,3.0,0
14.973302836417538,9,1.0,8176
14.97367807580848,13,2.0,-4003
14.973946050138098,13,1.0,-3686
14.974113746262507,5,1.0,0
14.974385330115425,8,2.0,7877
14.974913819629549,7,2.0,5578
14.975052976604392,14,14.0,-4168
14.975052976604392,17,14.0,-4168
14.976248940317017,17,1.0,-1273
14.97708605936761,6,6.0,8344
14.977166725058414,7,7.0,7871
14.978800247532991,6,2.0,8345
14.979129911746586,5,5.0,0
14.979244368457167,7,3.0,5372
14.979274772086468,5,3.0,0
14.980631295496028,14,4.0,-3922
14.980871230359671,17,1.0,-1611
14.981321350041776,7,5.0,8347
14.981729604437913,7,5.0,8097
14.98183174900779,15,1.0,-806
14.982328863759399,7,8.0,7725
14.983526926622362,7,1.0,3221
14.983834171546222,14,8.0,-3677
14.983834171546222,17,8.0,-3677
14.984166214362919,14,1.0,-4113
14.984267199442233,13,2.0,-4147
14.984281658265918,6,4.0,8366
14.98463704190116,17,1.0,-54
14.984962943172741,13,1.0,-4080
14.985048600755517,7,8.0,8245
14.985199626500311,9,1.0,8250
14.98534054854171,5,1.0,0
14.985857706433492,5,3.0,0
14.985872502716608,14,4.0,-3694
14.986009007677335,13,13.0,-3891
14.986354247634472,15,3.0,-202
14.986943711856599,5,1.0,0
14.987314968532305,9,6.0,7740
14.9884489318221,14,1.0,-4119
14.988637254511344,9,10.0,8172
14.988666096909233,14,1.0,-4073
14.988679288477957,6,2.0,7727
14.988910508560556,17,1.0,-1055
14.98899724293266,13,4.0,-3754
14.98975564348018,13,2.0,-4011
14.990233278364057,9,3.0,4642
14.990402133152514,1,5.0,8513
14.99151510740369,1,2.0,8514
14.991986212745534,6,1.0,8390
14.992573471479169,13,1.0,-3857
14.994703871092547,13,1.0,-3680
14.994834929819543,7,6.0,7524
14.995264160569068,5,2.0,0
14.99526735054722,17,3.0,-353
14.99834160268664,13,2.0,-3704
14.999882440429783,13,2.0,-4107
14.999882440429783,17,2.0,-4107
15.00027228074359,13,1.0,-4594
15.000749906115077,5,3.0,0
15.000990273414365,6,10.0,8490
15.001618750090636,16,10.0,4102
15.00220818199094,1,2.0,8515
15.002686121949326,5,16.0,0
15.002978925381841,1,2.0,8516
15.00309369035742,13,2.0,-4375
15.004937060747077,16,11.0,74
15.00686832280746,14,4.0,-4418
15.007406142090463,7,1.0,6855
15.008137724654473,6,8.0,7893
15.008199452398802,5,4.0,0
15.009757594235909,5,18.0,0
15.010147789623629,13,5.0,-4579
15.010379511146738,5,1.0,0
15.011692149869345,13,1.0,-4336
15.011839428388082,16,29.0,4631
15.012279587184873,13,1.0,-4235
15.012282245477913,6,1.0,8118
15.012461285878924,13,3.0,-4208
15.012875788083381,14,1.0,-4261
15.012973766499568,9,11.0,7798
15.013708720855341,13,5.0,-4675
15.016462255881304,14,4.0,-4649
15.016724889587774,7,3.0,3360
15.016800050198443,13,5.0,-4230
15.017411174235852,5,6.0,0
15.017595189354262,7,36.0,7710
15.017951121930198,5,1.0,0
15.018069926381328,9,4.0,6788
15.018550697881903,13,1.0,-4685
15.018779152776563,13,1.0,-4309
15.01995343329768,14,2.0,-4501
15.0200846342558,18,,0
15.020181985567593,101,5.0,8517
15.020186249591616,5,1.0,0
15.022014322902352,5,4.0,0
15.023483389147215,5,7.0,0
15.023665658088717,15,1.0,-2033
15.0256323254357,7,2.0,7973
15.02564669195603,6,2.0,8324
15.02602141397678,13,1.0,-4604
15.026306305536522,14,2.0,-4655
15.026466307924517,1,8.0,8518
15.02716200334586,8,1.0,7400
15.027551599626257,5,8.0,0
15.027582588794914,14,2.0,-4697
15.028075051152626,6,4.0,8073
15.029219846343727,14,12.0,-4205
15.029835868148723,6,6.0,8451
15.030111608569747,9,6.0,8046
15.0302218004385,15,1.0,-1452
15.030437157765494,8,1.0,6346
15.031014970677703,5,2.0,0
15.031574728232561,5,1.0,0
15.031935032450482,7,2.0,7821
15.032580110696811,6,2.0,8515
15.034149696654197,16,3.0,3597
15.034538000378038,15,13.0,-1934
15.036165408475828,18,,0
15.036324820213938,13,3.0,-4296
15.036767768214307,101,2.0,8519
15.036935262211026,6,5.0,8513
15.038968929705126,13,6.0,-4429
15.039518312425129,4,6.0,8520
15.039669970080674,16,4.0,2010
15.040035995342134,5,9.0,0
15.04136736440149,9,20.0,8071
15.04150306508991,15,2.0,-1311
15.042233371508956,7,32.0,8308
15.042373341162158,18,,0
15.04247274380093,101,2.0,8521
15.042948121447212,6,6.0,8438
15.044699070177467,7,4.0,8182
15.045327813174604,1,2.0,8522
15.04602251744734,14,14.0,-4239
15.04732776383562,15,5.0,-1941
15.047465086816741,13,3.0,-4580
15.048116929485596,1,2.0,8523
15.048313658071724,7,1.0,8054
15.048905060523872,13,1.0,-4367
15.048956795045049,15,2.0,-1440
15.049189191319925,8,2.0,8388
15.049924226953028,7,7.0,7790
15.05024542838219,7,1.0,7473
15.051926202131716,9,16.0,7830
15.052274419833438,5,2.0,0
15.052386338192111,6,2.0,8318
15.0534428113476,13,2.0,-4534
15.0535884131099,5,3.0,0
15.053669829368182,14,4.0,-4480
15.054006321552263,7,4.0,6956
15.054434981627077,14,1.0,-4598
15.054828738308201,17,4.0,-1163
15.055175284380988,5,2.0,0
15.055490761450615,13,1.0,-4608
15.055646586322787,7,6.0,7683
15.056800707027767,16,12.0,4718
15.057654089170907,9,22.0,7156
15.05767926120232,9,5.0,7964
15.058997241071852,6,57.0,8099
15.059026313263269,113,31.0,-4332
15.059964593575897,5,1.0,0
15.060397137706095,5,3.0,0
15.06096557710229,13,4.0,-4527
15.063535107199304,17,1.0,-1638
15.063749876769286,13,2.0,-4509
15.064064464815804,13,2.0,-4398
15.06413856159989,13,1.0,-4379
15.064490802883508,6,1.0,8242
15.0655915297235,7,1.0,8069
15.065644626388764,5,4.0,0
15.066226399225368,6,3.0,8406
15.066488261663583,1,4.0,8524
15.06711229735614,5,1.0,0
15.068126531049279,13,2.0,-4547
15.068456391930477,13,2.0,-4616
15.06957483977243,6,3.0,7824
15.069632226325913,7,3.0,8270
15.070587799616574,13,1.0,-4366
15.07149211226973,5,1.0,0
15.07178430294919,7,5.0,5321
15.072329332507723,1,2.0,8525
15.072389027962164,7,3.0,6485
15.072630242715695,9,5.0,7260
15.073240776163047,9,4.0,7157
15.07461592767368,8,1.0,7504
15.074793234085426,5,1.0,0
15.076297279228044,5,4.0,0
15.07647861146254,5,4.0,0
15.07771814524284,13,1.0,-4340
15.079068332211284,17,2.0,-1256
15.079261007543835,14,1.0,-4599
15.079507782274225,13,1.0,-4625
15.07997505906264,16,60.0,603
15.080931178218119,9,1.0,3718
15.08176129206389,5,3.0,0
15.08200782673133,13,1.0,-4677
15.082652569381986,17,2.0,-2884
15.082868664408894,13,3.0,-4681
15.083075928874106,11,7.0,8136
15.083160480755597,5,1.0,0
15.083243855925739,3,17.0,8526
15.084302163215062,13,1.0,-4606
15.084855419282803,5,2.0,0
15.086342870226291,16,9.0,6407
15.08675278328796,5,3.0,0
15.0874605757075,13,1.0,-4494
15.087637033933353,13,1.0,-4563
15.088098581824411,13,2.0,-4688
15.088103943479695,5,9.0,0
15.088492270296369,13,5.0,-4276
15.088503967392608,13,1.0,-4466
15.088560063277939,14,22.0,-4557
15.088572378569728,1,3.0,8527
15.088990404653645,5,2.0,0
15.089532817521924,13,2.0,-4447
15.090133440127543,5,1.0,0
15.090352954830516,5,4.0,0
15.090442053154051,1,2.0,8528
15.090520379917024,1,7.0,8529
15.090853005279216,13,3.0,-4287
15.091116115157089,17,1.0,-1321
15.091561027476638,17,1.0,-2436
15.091756800841065,9,3.0,7888
15.09179728216198,5,3.0,0
15.09251989818147,14,6.0,-4298
15.092721951206897,5,4.0,0
15.093211082649821,13,1.0,-4267
15.093351785510018,5,2.0,0
15.093982759814445,7,7.0,7072
15.094974985096076,14,1.0,-4445
15.095492718398063,7,11.0,4451
15.095577654811594,1,1.0,8530
15.09585877972959,14,5.0,-4223
15.095891780793393,7,18.0,8205
15.095970498997449,5,9.0,0
15.095996996165413,14,5.0,-4522
15.096157406919554,13,2.0,-4623
15.097289117246246,10,12.0,8483
15.098461186223334,6,3.0,8498
15.099252184453826,14,4.0,-4313
15.099493963561901,5,6.0,0
15.100981423740684,6,5.0,8358
15.10113114204466,13,1.0,-4408
15.104537966592765,13,1.0,-4428
15.104764720455922,7,3.0,6559
15.105879360897701,5,2.0,0
15.106217794634357,16,2.0,3771
15.10639257106714,8,4.0,8273
15.10662434700839,17,2.0,-3169
15.106930489302986,16,31.0,4742
15.107459949395492,9,2.0,7668
15.10823359785471,7,3.0,7848
15.1086572648985,6,3.0,8328
15.10902005174273,7,4.0,7757
15.109129359805513,9,3.0,7741
15.109331391331088,5,3.0,0
15.10957812383436,7,5.0,7711
15.109805814046979,7,46.0,5022
15.110940591058585,13,2.0,-4708
15.110977199449497,5,4.0,0
15.111096768954262,14,17.0,-4541
15.112565292927782,17,6.0,-1842
15.11271518759688,13,1.0,-4320
15.112858149471107,7,3.0,8026
15.113492384034851,7,6.0,8074
15.11442291264801,13,2.0,-4468
15.114888858262562,13,6.0,-4450
15.115487165794578,13,1.0,-4394
15.115717301648816,11,54.0,7638
15.115864553662712,17,2.0,-1515
15.116158609311384,13,1.0,-4397
15.116423526880201,7,18.0,6682
15.117265500570674,9,4.0,7361
15.117568114874965,13,1.0,-4315
15.118314614184111,6,1.0,8287
15.118708761318507,6,2.0,8525
15.119796556495958,13,3.0,-4658
15.11999904151108,1,3.0,8531
15.120699877171532,13,1.0,-4358
15.121702965625087,7,3.0,7843
15.122323804732307,8,2.0,8341
15.123508943032245,9,41.0,6248
15.124791149302123,13,28.0,-4404
15.12482330988621,9,2.0,7043
15.125643602371323,4,3.0,8532
15.126143664904873,13,1.0,-4533
15.12618216836033,5,2.0,0
15.126715315691538,7,1.0,7622
15.126775129034547,14,1.0,-4364
15.126792984256708,5,5.0,0
15.12731758517781,5,1.0,0
15.127362746487325,6,8.0,7975
15.127856558726105,5,8.0,0
15.127919334123552,6,3.0,8527
15.1283728823696,1,4.0,8533
15.128931057119239,9,2.0,5998
15.12945024587977,15,4.0,-1456
15.129698977466392,7,3.0,8055
15.131162264546129,7,10.0,7407
15.132300970297319,7,1.0,6985
15.132826216564368,13,13.0,-4425
15.13312709309606,9,6.0,6864
15.134797932837802,14,3.0,-4232
15.135062460631517,113,56.0,-4517
15.13520903740858,5,4.0,0
15.135224946361323,5,3.0,0
15.135360168949862,13,2.0,-4441
15.135385425933654,5,6.0,0
15.13569155314581,5,1.0,0
15.136157976317712,9,1.0,7334
15.1367625565083,6,2.0,8339
15.136877732264193,13,5.0,-4470
15.137014833253831,7,5.0,7814
15.137388089007406,6,33.0,7561
15.137582617781696,6,10.0,8468
15.137987439393772,7,4.0,7760
15.138077449108899,15,1.0,-1099
15.13857198240873,1,3.0,8534
15.138970732821836,5,2.0,0
15.139027079256566,14,9.0,-4368
15.139044623911234,14,10.0,-4414
15.139332763493995,8,4.0,8382
15.139691127871181,5,1.0,0
15.140165664957049,13,3.0,-4234
15.14093329143899,14,2.0,-4442
15.143012650034185,6,2.0,8476
15.143023942346456,6,6.0,8481
15.14402681174558,7,4.0,7793
15.144953874311607,11,12.0,7802
15.14542046842671,13,4.0,-4679
15.145820033352582,16,8.0,3271
15.145833411683443,13,2.0,-4361
15.146865199227161,15,11.0,-1290
15.146988839354563,9,2.0,8068
15.147834384623767,13,2.0,-4396
15.148334745909995,10,2.0,8473
15.148389936798242,13,1.0,-4629
15.149475203095388,16,3.0,3258
15.149610183002087,6,4.0,8495
15.149981136182172,8,1.0,7915
15.15109774428812,5,2.0,0
15.151243789493998,6,7.0,8414
15.151723697428023,14,2.0,-4693
15.151806797371824,14,5.0,-4412
15.153170263157024,7,60.0,7410
15.153244805022014,14,4.0,-4393
15.15345639446964,17,4.0,-3491
15.154120167630392,13,2.0,-4543
15.154438447234316,7,26.0,5111
15.154858615710912,14,1.0,-4711
15.15489025192604,13,2.0,-4433
15.154926414893913,1,9.0,8535
15.155450349625966,16,23.0,886
15.15561810871883,5,2.0,0
15.156072025873595,5,4.0,0
15.156507592682964,13,1.0,-4660
15.156531629517705,7,2.0,7555
15.157208885349542,15,4.0,-1743
15.157424008226247,7,4.0,7764
15.157768774337598,13,1.0,-4583
15.159676810496403,8,33.0,5338
15.160050637136003,5,6.0,0
15.161603676445615,15,1.0,-1368
15.162152829235184,7,4.0,8185
15.162196182825392,3,48.0,8536
15.162903045878066,5,1.0,0
15.163240645687331,7,2.0,8338
15.163345013110481,7,1.0,8289
15.164238021323955,5,2.0,0
15.164741470692102,5,4.0,0
15.165355121890538,5,4.0,0
15.16623213590747,15,2.0,-2097
15.166378054303129,5,10.0,0
15.166689515792942,3,33.0,8537
15.166725477236337,7,1.0,7989
15.167057448720435,7,2.0,8084
15.167548552808212,10,3.0,8532
15.169331476445318,16,2.0,5597
15.16942107154134,6,1.0,8317
15.16996827835611,13,5.0,-4560
15.170081994350728,15,3.0,-1663
15.17079603932623,5,3.0,0
15.171139835312658,13,2.0,-4613
15.171140733389247,17,5.0,-1777
15.172295668461302,8,4.0,8218
15.173399005297311,5,1.0,0
15.174526894237598,5,1.0,0
15.175449633464279,14,24.0,-4571
15.17566814760259,13,2.0,-4390
15.175758939179573,13,1.0,-4619
15.175955037798078,7,5.0,8163
15.176378399534816,9,30.0,7807
15.17687057879711,5,1.0,0
15.177684815449014,1,1.0,8538
15.177707155301157,7,23.0,6977
15.179241063417555,9,4.0,6572
15.179823294813115,13,4.0,-4624
15.180874144436824,17,2.0,-1339
15.181397354687515,5,1.0,0
15.182143525804053,14,12.0,-4508
15.182158645252962,5,7.0,0
15.182346176003941,13,5.0,-4392
15.183078091498329,1,5.0,8539
15.183380052146763,13,2.0,-4444
15.183644409239243,8,6.0,8354
15.184357227195857,6,4.0,7714
15.18512466880793,7,46.0,4474
15.185947905609513,1,30.0,8540
15.186991537569451,14,10.0,-4602
15.187756597956106,16,1.0,3695
15.189982369247597,17,2.0,-3068
15.19097316821813,1,2.0,8541
15.191020680982916,13,1.0,-4597
15.192150972991007,7,9.0,6740
15.19227959371498,7,1.0,8179
15.192793391134536,16,11.0,2168
15.193219736234699,17,7.0,-972
15.193959412670035,7,3.0,4764
15.194877090152811,13,1.0,-4426
15.195203117960403,13,2.0,-4289
15.195296965425054,5,2.0,0
15.195501429013508,9,2.0,8378
15.197207300650913,13,2.0,-4416
15.197493979484827,14,3.0,-4374
15.198276596147908,17,13.0,-2371
15.19865179587042,15,13.0,-1782
15.199774751645801,3,22.0,8542
15.200494129008666,13,2.0,-4628
15.20079031499577,13,3.0,-4274
15.201641221379651,16,5.0,2306
15.201801774898728,14,3.0,-4562
15.202489938823621,14,2.0,-4388
15.203087540892477,6,7.0,8368
15.203118950887774,14,2.0,-4510
15.20355906353834,7,7.0,7290
15.20461992988278,17,7.0,-255
15.204843113846701,14,1.0,-4369
15.205353745363317,13,6.0,-4491
15.205413229074885,13,2.0,-4542
15.206514284657773,113,38.0,-4692
15.207029631150796,7,6.0,6975
15.208707029855363,13,7.0,-4463
15.209010525594852,1,1.0,8543
15.209280782981216,5,1.0,0
15.209574363602512,17,1.0,-3123
15.20988346157596,14,27.0,-4451
15.210065747841966,14,48.0,-4706
15.210561704094097,13,4.0,-4344
15.211309342606475,13,4.0,-4291
15.211369752542238,5,1.0,0
15.211409710415055,7,1.0,8298
15.211517737597271,14,5.0,-4311
15.211517737597271,17,5.0,-4311
15.21157093014989,13,6.0,-4587
15.211697805815337,13,1.0,-4585
15.211924441723289,12,3.0,8532
15.212204416719496,14,5.0,-4653
15.214651035125629,6,1.0,8538
15.215749043734617,5,3.0,0
15.216053952772755,7,4.0,7965
15.216497417960088,16,3.0,1501
15.216546220492345,5,1.0,0
15.216765881992055,15,2.0,-1737
15.216905798464882,5,3.0,0
15.217270506057147,13,1.0,-4461
15.217704569643802,5,1.0,0
15.218336747707426,14,2.0,-4689
15.219001638688626,13,2.0,-4403
15.219094469976598,9,5.0,4692
15.219543948815856,17,6.0,-95
15.22050491192123,4,10.0,8544
15.220720642003696,5,12.0,0
15.221723823275916,17,2.0,-2900
15.222117138680016,7,7.0,6235
15.222294199483112,6,1.0,8472
15.222304657585925,1,2.0,8545
15.222746374039152,7,1.0,8140
15.223934658574912,7,2.0,8086
15.224004309177012,7,2.0,7961
15.224238651320714,10,17.0,8526
15.224497317822141,6,2.0,7836
15.224497517602261,13,4.0,-4275
15.225532603812004,13,7.0,-4469
15.225751299733895,14,4.0,-4203
15.225751299733895,17,4.0,-4203
15.22873959455973,7,3.0,6443
15.229217088486214,17,1.0,-3183
15.22925153352586,9,2.0,6621
15.229559968407415,6,4.0,8524
15.232091058292072,5,2.0,0
15.232437340541662,1,1.0,8546
15.232914251481084,9,33.0,5338
15.233711167838264,7,1.0,7919
15.234021954643007,5,1.0,0
15.23605834100324,14,1.0,-4702
15.23605834100324,17,1.0,-4702
15.23762385680724,13,3.0,-4210
15.23762385680724,17,3.0,-4210
15.237823793675682,14,1.0,-4531
15.238757305749672,8,3.0,7930
15.238910943547156,7,2.0,6605
15.239396302051599,9,3.0,7581
15.239616303383993,14,6.0,-4495
15.239896746172226,7,7.0,6997
15.240092827448152,6,1.0,8293
15.240208430267462,9,2.0,8034
15.240245196917078,17,1.0,-3622
15.241110768007585,5,8.0,0
15.24161243960454,14,3.0,-4493
15.242361905286,5,1.0,0
15.242987836089597,14,27.0,-4352
15.24377071730433,16,4.0,4928
15.24533712762897,5,7.0,0
15.245402836436332,15,2.0,-1223
15.245948986191575,9,48.0,2633
15.246035268080087,5,2.0,0
15.246543470735316,14,4.0,-4713
15.246719930347279,7,2.0,8123
15.246944589495353,17,1.0,-2847
15.247081856163383,9,1.0,7368
15.247091073363094,14,1.0,-4483
15.247091073363094,17,1.0,-4483
15.247717472930951,5,1.0,0
15.247773451567735,13,1.0,-4464
15.247908839875256,5,3.0,0
15.248248476587017,13,7.0,-4262
15.248248476587017,17,7.0,-4262
15.250077916297183,17,6.0,-2627
15.250202038751414,4,2.0,8547
15.250474060123342,7,1.0,6437
15.25132389796547,7,1.0,8229
15.25155075327035,5,2.0,0
15.25226977258225,17,2.0,-1651
15.254638700959969,7,9.0,7972
15.254923363730724,14,2.0,-4526
15.254929527047821,7,1.0,7937
15.255209550484034,5,1.0,0
15.255710910933193,13,6.0,-4411
15.2559891415645,13,2.0,-4285
15.256302375441438,1,3.0,8548
15.25695348850159,7,12.0,5656
15.257137450530527,1,6.0,8549
15.257513379310096,1,1.0,8550
15.257888985273151,7,7.0,6601
15.258965215773399,13,3.0,-4473
15.25928951666168,14,3.0,-4272
15.259658845819018,14,3.0,-4371
15.260579509537441,4,22.0,8551
15.262158462877673,5,3.0,0
15.262276303439627,13,2.0,-4202
15.263035643278023,14,3.0,-4666
15.263035643278023,17,3.0,-4666
15.263081989632019,13,3.0,-4503
15.263081989632019,17,3.0,-4503
15.263313192201112,9,3.0,4776
15.265123613014847,10,2.0,8209
15.265576922747183,7,5.0,7494
15.265914710129232,5,5.0,0
15.266330799985374,9,9.0,7165
15.26655687591677,5,1.0,0
15.267831828847891,13,1.0,-4354
15.268626316374618,13,1.0,-4582
15.268626316374618,17,1.0,-4582
15.270673482955058,1,1.0,8552
15.271115956307343,17,4.0,-630
15.271277113842718,5,1.0,0
15.273317308759472,15,27.0,-1296
15.273399588074414,13,1.0,-4405
15.273771469813644,7,1.0,6453
15.274160756173453,6,12.0,8337
15.2744347419033,13,6.0,-4515
15.276361653745706,7,3.0,6792
15.276865786460071,9,6.0,4394
15.276943610645354,13,1.0,-4306
15.276943610645354,17,1.0,-4306
15.277672113252162,9,3.0,8043
15.277796769007127,17,4.0,-1893
15.277857873715702,17,1.0,-2344
15.277957299783425,13,2.0,-4630
15.277957299783425,17,2.0,-4630
15.278363887347682,1,2.0,8553
15.27927029012095,7,2.0,7736
15.279559171415478,1,3.0,8554
15.279766213115497,13,6.0,-4207
15.280040482971353,9,4.0,7261
15.280203755527323,9,6.0,8117
15.280669935444298,6,2.0,7243
15.28179521839363,6,9.0,8356
15.281941695101075,7,1.0,4420
15.282072689518568,13,1.0,-4376
15.28208303138639,13,2.0,-4282
15.28208303138639,17,2.0,-4282
15.282262882475493,17,3.0,-3863
15.282568398381839,7,10.0,8110
15.283077354622936,13,2.0,-4712
15.283491470310043,17,1.0,-45
15.28521639029842,6,2.0,8412
15.286484452522286,13,1.0,-4238
15.286980842192772,14,3.0,-4259
15.287509596605227,6,2.0,8304
15.287525096070334,5,5.0,0
15.287594837457675,7,4.0,8152
15.288224468169258,13,2.0,-4482
15.289289619724148,9,2.0,7347
15.28947236228901,13,1.0,-4555
15.29079014140686,16,6.0,6081
15.291730740265084,4,8.0,8555
15.291941320469249,15,3.0,-1365
15.291980578533863,13,2.0,-4500
15.292278216894198,8,1.0,7927
15.292291250512523,5,7.0,0
15.292746424602715,5,22.0,0
15.292878286534295,13,1.0,-4247
15.292882012984716,7,5.0,7828
15.292928009646532,17,12.0,-2733
15.293497091263019,6,3.0,7822
15.293808854710633,6,12.0,8257
15.293886079873419,11,42.0,8238
15.294030059765443,10,49.0,7986
15.294138681465009,13,1.0,-4353
15.294138681465009,17,1.0,-4353
15.294397295359344,5,2.0,0
15.296250784394315,13,4.0,-4696
15.297679350516084,1,6.0,8556
15.297881190694886,7,40.0,7990
15.29848032415536,13,2.0,-4269
15.299509565526028,7,7.0,5730
15.299580419389995,14,2.0,-4690
15.299580419389995,17,2.0,-4690
15.299765539054466,13,2.0,-4620
15.299880951041478,15,1.0,-1809
15.301900424970984,7,3.0,7852
15.302041375096907,17,2.0,-3933
15.3025248268579,5,6.0,0
15.303064245212088,7,3.0,8029
15.30332025514536,5,4.0,0
15.303842707712349,17,2.0,-1188
15.304929000876424,13,1.0,-4195
15.305804574104362,14,2.0,-4437
15.308440564830791,9,1.0,7155
15.308499402571039,14,3.0,-4695
15.31091908682174,17,5.0,-2455
15.314126032373164,13,2.0,-4549
15.314470172957417,14,1.0,-4506
15.315575406678017,13,1.0,-4319
15.316603019099217,13,1.0,-4674
15.316887685440689,7,6.0,8167
15.316993760360623,14,2.0,-4452
15.316993760360623,17,2.0,-4452
15.317298243027466,7,3.0,8147
15.317488067246986,5,10.0,0
15.31813198817328,5,8.0,0
15.31841167306898,5,3.0,0
15.318481465119607,16,9.0,2240
15.319913563402917,16,12.0,7413
15.320151953793903,10,13.0,8224
15.320380903103787,7,2.0,8239
15.321489471047128,17,1.0,-3610
15.321604302784388,17,10.0,-351
15.322198402810606,8,1.0,5457
15.322490323547214,1,3.0,8557
15.32312171373455,5,11.0,0
15.324140383448702,6,5.0,8321
15.324321503086736,9,1.0,7734
15.325528070118382,6,3.0,8363
15.326593260315992,17,18.0,-2165
15.327340734795708,13,1.0,-4350
15.327778041544487,7,3.0,7729
15.3283320966378,6,2.0,8553
15.329437017774637,15,8.0,-2030
15.329507688048627,5,3.0,0
15.329980097311518,13,2.0,-4196
15.330102523454611,17,1.0,-3065
15.330934774398228,5,3.0,0
15.331060505980048,7,4.0,7744
15.33137854393732,13,7.0,-4455
15.335022552189274,13,3.0,-4449
15.336180250517799,4,1.0,8558
15.336310618039297,8,4.0,8426
15.337325762070442,17,1.0,-3009
15.337452612778783,5,2.0,0
15.337608320704172,13,4.0,-4383
15.337608320704172,17,4.0,-4383
15.338312165200541,13,1.0,-4460
15.341788463871021,1,1.0,8559
15.341827667986507,13,1.0,-4572
15.342504150295323,13,4.0,-4386
15.34261950094197,17,1.0,-1904
15.342841288968053,17,10.0,-3985
15.343033618012981,13,2.0,-4345
15.34315725349147,17,1.0,-1812
15.344292241614115,4,7.0,8560
15.344908837699242,5,4.0,0
15.345704667066958,5,1.0,0
15.34612869364277,13,11.0,-4314
15.346199766964244,6,1.0,8552
15.346549279026487,13,3.0,-4338
15.346549279026487,17,3.0,-4338
15.34682922344714,17,3.0,-3890
15.346861673525659,13,3.0,-4485
15.346861673525659,17,3.0,-4485
15.348447233781666,5,3.0,0
15.348726090715791,5,3.0,0
15.34876546647622,8,1.0,7939
15.349146840056504,13,2.0,-4251
15.349347245107928,16,59.0,223
15.349428960847563,1,2.0,8561
15.349792603972045,13,1.0,-4621
15.350017516903335,13,2.0,-4700
15.350581704660398,13,1.0,-4380
15.350792888145135,7,1.0,7813
15.351411467419458,17,2.0,-2110
15.351681478770045,15,1.0,-1954
15.352434077221586,15,4.0,-1843
15.352481124392718,13,1.0,-4657
15.353122880645108,7,2.0,8198
15.353412148111422,13,1.0,-4220
15.353520164755459,9,6.0,8057
15.353773065675806,7,1.0,7538
15.354256356689474,13,2.0,-4240
15.354256356689474,17,2.0,-4240
15.354751155417592,7,8.0,8214
15.354761337195134,17,1.0,-167
15.356009961071818,7,3.0,8383
15.356878320848034,16,5.0,3978
15.357291168861213,14,3.0,-4227
15.357296671301455,4,4.0,8562
15.357348703331589,14,5.0,-4471
15.36000833963482,6,3.0,8275
15.360414132812839,13,2.0,-4312
15.360446844263802,7,1.0,8142
15.360638523720668,15,2.0,-1754
15.360962375270585,17,5.0,-3963
15.361041262884308,17,1.0,-2335
15.361872763488488,7,2.0,7500
15.361957511969937,1,2.0,8563
15.362151110913961,17,2.0,-2410
15.363269242684744,15,2.0,-1547
15.363614375683907,6,4.0,8402
15.363620429034135,17,5.0,-3245
15.363839613046796,5,2.0,0
15.364098144139643,17,2.0,-862
15.36557724961039,5,3.0,0
15.366967380100295,5,4.0,0
15.367421766765416,11,7.0,8355
15.367652881803801,5,2.0,0
15.36812235883086,4,2.0,8564
15.368320671354716,10,8.0,8555
15.368579434166941,5,5.0,0
15.368601085811932,11,2.0,7550
15.368637375500061,14,15.0,-4297
15.369091245788105,7,2.0,7675
15.369792457711648,8,5.0,6837
15.370570832086361,5,4.0,0
15.370970081684765,5,4.0,0
15.371515330523987,5,7.0,0
15.371561738277405,7,1.0,8244
15.373390230873799,17,6.0,-1407
15.373509254209267,13,11.0,-4446
15.375077151298674,13,2.0,-4215
15.375403848900397,9,4.0,8382
15.375986582525966,13,1.0,-4592
15.376243784828798,13,1.0,-4244
15.376385430865076,7,2.0,8041
15.377665548813937,5,3.0,0
15.378566007476094,5,2.0,0
15.379471990124593,13,1.0,-4492
15.379859574959125,13,2.0,-4490
15.380082273138356,5,2.0,0
15.38038656673956,14,6.0,-4409
15.380735957196459,5,3.0,0
15.38167955913366,13,1.0,-4615
15.38262145064582,14,8.0,-4327
15.3829525525523,5,2.0,0
15.383094514200803,6,2.0,8561
15.383435211601467,5,4.0,0
15.38343843062355,113,49.0,-4478
15.383534833333513,15,4.0,-1540
15.383767653395182,9,1.0,7212
15.383795641562028,13,3.0,-4569
15.384138543500384,5,3.0,0
15.384287246146332,8,2.0,7878
15.384346134109105,13,1.0,-4656
15.384346134109105,17,1.0,-4656
15.384801687896466,7,8.0,8262
15.384946669698051,17,2.0,-3883
15.38544187138718,9,2.0,6025
15.38603685257128,8,8.0,7705
15.386543142504985,6,10.0,6778
15.38665243056395,13,8.0,-4349
15.386702142196672,17,2.0,-2724
15.387107115243774,7,6.0,7881
15.387355021545392,8,2.0,8410
15.387386890319931,7,5.0,7516
15.388147026826127,8,1.0,8154
15.388802773183492,8,5.0,8232
15.389250968286929,14,4.0,-4236
15.38944278994217,13,4.0,-4348
15.38944278994217,17,4.0,-4348
15.390868121799759,8,2.0,8525
15.390885085464497,5,8.0,0
15.39110428378169,7,9.0,7490
15.391532952825989,1,2.0,8565
15.391698106352246,5,1.0,0
15.391932197279218,7,1.0,7306
15.392647108011428,1,9.0,8566
15.392699987440192,14,1.0,-4614
15.394458381259929,5,1.0,0
15.3971856642747,6,1.0,8510
15.397451532818684,13,1.0,-4576
15.398023531372779,13,2.0,-4538
15.401012488702975,13,4.0,-4265
15.401556390079064,13,1.0,-4302
15.401624189992667,13,3.0,-4197
15.401624189992667,17,3.0,-4197
15.401793574866085,6,3.0,8531
15.402296275402836,7,4.0,8258
15.402910794902898,17,4.0,-3697
15.402918166299477,14,1.0,-4561
15.402918166299477,17,1.0,-4561
15.40403671722877,5,16.0,0
15.404085603580372,15,2.0,-1343
15.404352573707946,13,3.0,-4329
15.404676371304578,7,3.0,7709
15.404859410576176,5,9.0,0
15.406599766750025,1,2.0,8567
15.40765190722343,6,4.0,8533
15.408553968162234,13,6.0,-4521
15.409390143127613,17,1.0,-3912
15.40994760773865,14,6.0,-4216
15.410608298536646,6,2.0,8507
15.411031254228872,5,7.0,0
15.411290202792722,1,3.0,8568
15.411397649879412,14,7.0,-4505
15.411533151207335,15,2.0,-2058
15.411680771435762,13,2.0,-4589
15.41174924814741,15,16.0,-1755
15.412158910733229,14,4.0,-4246
15.412158910733229,17,4.0,-4246
15.413705054390961,13,3.0,-4217
15.413705054390961,17,3.0,-4217
15.414826703077038,9,2.0,8040
15.41733592577777,5,1.0,0
15.418100718999167,7,2.0,7882
15.418795666381982,5,3.0,0
15.418967867155045,15,7.0,-1294
15.41967573049235,13,1.0,-4699
15.419902517521326,17,2.0,-1413
15.420089350838623,7,2.0,8432
15.42044018805046,5,57.0,0
15.42205416738342,14,8.0,-4566
15.42205416738342,17,8.0,-4566
15.422355324569,7,5.0,8367
15.423825052218605,1,1.0,8569
15.424086325224371,5,8.0,0
15.424260413859574,17,8.0,-2985
15.424591675197757,8,5.0,7791
15.42496714076533,7,6.0,8261
15.42518034757483,13,2.0,-4467
15.42518034757483,17,2.0,-4467
15.425399397026974,14,4.0,-4559
15.425793637725798,15,1.0,-1065
15.426019822448893,14,1.0,-4347
15.426654276414343,7,8.0,6845
15.426965037557544,14,12.0,-4682
15.427879425651689,6,1.0,8360
15.428003334279998,17,5.0,-2399
15.428338980427947,14,1.0,-4639
15.429187460923378,7,30.0,8137
15.429314520798243,7,1.0,8062
15.429857260675705,7,8.0,8396
15.430170753848117,14,2.0,-4548
15.430382007076389,14,5.0,-4318
15.430835298294609,5,3.0,0
15.431309738836179,5,2.0,0
15.431585603045464,5,5.0,0
15.432736123491487,17,5.0,-709
15.434523588635606,17,1.0,-2069
15.434597972419889,13,1.0,-4421
15.435373071800258,11,36.0,7889
15.43567746718574,7,15.0,8115
15.437189212530846,16,6.0,444
15.4380852731469,7,4.0,8031
15.438396508760071,1,3.0,8570
15.439718012465601,7,7.0,8226
15.441334803540602,7,7.0,7113
15.442206412795308,6,1.0,8361
15.442529031550254,14,3.0,-4512
15.442826889827268,1,1.0,8571
15.444077480964323,13,3.0,-4590
15.444077480964323,17,3.0,-4590
15.44422373929364,5,2.0,0
15.44454743275256,13,2.0,-4651
15.444878437846572,15,2.0,-1210
15.445314299103243,1,2.0,8572
15.44713527322049,13,1.0,-4646
15.447307311340616,7,8.0,7712
15.448041220582192,7,2.0,8256
15.448624445345402,14,4.0,-4206
15.448908008125928,6,2.0,8523
15.449504440733973,6,15.0,8165
15.449576201552787,13,2.0,-4420
15.44966317273531,5,3.0,0
15.449844031273157,6,1.0,8569
15.449929017094577,13,1.0,-4333
15.449929017094577,17,1.0,-4333
15.450209668134066,5,4.0,0
15.4515398832854,5,2.0,0
15.451562138620956,17,7.0,-2806
15.45332403191522,9,3.0,8374
15.453778936741926,13,1.0,-4254
15.45428100661736,14,21.0,-4680
15.454672293448757,17,1.0,-1105
15.455487562366727,10,44.0,8427
15.456120481947966,14,9.0,-4413
15.456150229302134,13,3.0,-4661
15.456827936836984,13,2.0,-4431
15.458305992550097,5,8.0,0
15.459779552773048,5,2.0,0
15.46030083491806,17,17.0,-3609
15.46057262182865,14,2.0,-4523
15.460721372539561,8,6.0,8327
15.460741175668469,14,8.0,-4586
15.46165715250478,5,2.0,0
15.461985659842165,17,3.0,-3304
15.463666195433765,5,9.0,0
15.463755316498679,14,6.0,-4335
15.463755316498679,17,6.0,-4335
15.46484300999611,5,2.0,0
15.464881190199378,17,1.0,-53
15.465252328667114,7,8.0,8264
15.465258284765918,16,2.0,5524
15.46548823052996,6,2.0,8079
15.465543526060706,17,3.0,-1110
15.467139516973468,16,7.0,6126
15.467686788290013,13,2.0,-4552
15.467686788290013,17,2.0,-4552
15.46804358926242,13,2.0,-4498
15.468057972991245,7,5.0,7224
15.468158238209794,13,1.0,-4588
15.468698702627709,13,5.0,-4669
15.469451487040272,13,10.0,-4257
15.470536049755701,7,9.0,7785
15.471947668530099,8,4.0,8280
15.472243895744457,15,8.0,-1572
15.473120829343067,17,1.0,-2499
15.475946935580103,13,1.0,-4307
15.475953438262781,6,7.0,8119
15.477778644441377,9,5.0,6257
15.47778143535268,7,5.0,7918
15.480056991954239,7,13.0,7493
15.480928000116696,10,6.0,8520
15.482536758514069,7,3.0,7428
15.482822208650742,6,1.0,8394
15.483679420003284,1,3.0,8573
15.484061919407136,1,1.0,8574
15.484192574824592,5,1.0,0
15.485604128183288,16,2.0,1929
15.485861231942014,113,38.0,-4249
15.486025302132791,8,1.0,7135
15.486058762641157,16,5.0,4795
15.486534829018604,13,1.0,-4277
15.48715461197726,15,2.0,-1054
15.487635366393866,8,4.0,7818
15.489195405874314,9,1.0,7938
15.48922675242415,13,1.0,-4308
15.490523062915134,13,2.0,-4647
15.490566565712212,14,6.0,-4438
15.490566565712212,17,6.0,-4438
15.49099111229751,14,1.0,-4415
15.491083800849553,6,2.0,8494
15.491976116482144,7,1.0,6520
15.49286295219844,5,4.0,0
15.493139999737167,16,1.0,6647
15.49450998650202,7,1.0,7616
15.494911516848935,13,1.0,-4595
15.495088783476861,5,7.0,0
15.495162743424645,13,5.0,-4607
15.496399733148378,14,25.0,-4707
15.49752862055941,7,5.0,8078
15.497791599019191,14,2.0,-4292
15.497977268214438,13,1.0,-4301
15.497977268214438,17,1.0,-4301
15.498187780830722,6,2.0,8171
15.49821250900666,6,7.0,8467
15.498393613464254,14,26.0,-4489
15.499487363474113,13,1.0,-4626
15.502208983256834,6,1.0,8469
15.502434016351485,11,41.0,7742
15.502466534059614,13,6.0,-4263
15.503004695655585,7,7.0,5108
15.503341557660997,13,1.0,-4652
15.503341557660997,17,1.0,-4652
15.504366816425609,1,2.0,8575
15.504497138007423,1,5.0,8576
15.504532160327763,13,1.0,-4479
15.504532160327763,17,1.0,-4479
15.504658245701313,14,6.0,-4378
15.505414933434132,7,4.0,7641
15.50565550096228,1,1.0,8577
15.506282790834721,6,2.0,8541
15.50665975940356,7,19.0,7732
15.50715817882133,17,7.0,-675
15.509739695554515,7,3.0,8005
15.511254915336071,17,1.0,-3124
15.512308703252849,9,16.0,7812
15.514706302879668,16,9.0,3414
15.5151006119135,5,2.0,0
15.51545860332486,1,4.0,8578
15.516575588598378,13,2.0,-4535
15.51736382477139,5,3.0,0
15.517557360520488,9,8.0,7705
15.518233427824697,7,2.0,3386
15.519476568157017,5,1.0,0
15.520393905504422,13,3.0,-4233
15.52134317722403,5,5.0,0
15.521637171028026,14,3.0,-4513
15.521927677330071,17,1.0,-1391
15.52205320812223,13,1.0,-4575
15.52205320812223,17,1.0,-4575
15.522198348722068,5,3.0,0
15.522490908040156,7,6.0,7945
15.52317000298783,5,1.0,0
15.52441064292984,10,20.0,8423
15.524506107220608,8,1.0,7480
15.524606293808212,7,4.0,7585
15.52554078122846,13,6.0,-4663
15.52554078122846,17,6.0,-4663
15.526081108639126,13,8.0,-4201
15.526081108639126,17,8.0,-4201
15.526280918023332,4,17.0,8579
15.526844318256149,6,1.0,7905
15.526957083019088,17,9.0,-2354
15.527808868432103,5,7.0,0
15.52805914094998,13,1.0,-4419
15.529640863763186,14,9.0,-4694
15.529640863763186,17,9.0,-4694
15.531053190486535,17,1.0,-1629
15.531858378532114,17,3.0,-3549
15.532019361205306,5,1.0,0
15.532327480143158,7,2.0,8161
15.533624103744998,14,6.0,-4544
15.533624103744998,17,6.0,-4544
15.533921901420847,16,36.0,1659
15.535054029788677,14,3.0,-4605
15.535054029788677,17,3.0,-4605
15.535334961314454,5,2.0,0
15.536292846699723,15,3.0,-1722
15.537716145764014,17,1.0,-634
15.53820473917192,14,4.0,-4252
15.53820473917192,17,4.0,-4252
15.538274687999609,6,4.0,7875
15.538879467837026,13,2.0,-4564
15.538879467837026,17,2.0,-4564
15.538918558602541,14,31.0,-4504
15.540401196390354,5,13.0,0
15.542253510599409,13,3.0,-4486
15.542671590330352,13,2.0,-4410
15.542671590330352,17,2.0,-4410
15.542718616103995,13,5.0,-4502
15.542718616103995,17,5.0,-4502
15.542799045693224,13,1.0,-4417
15.542799045693224,17,1.0,-4417
15.543744788713107,17,1.0,-2770
15.544605529841693,6,4.0,6543
15.545229156073018,9,1.0,7115
15.545810592081947,14,15.0,-4667
15.546621621415717,5,3.0,0
15.548094727366646,17,2.0,-3279
15.549300195608183,14,3.0,-4198
15.549300195608183,17,3.0,-4198
15.549876841808478,6,2.0,8352
15.550057147014185,10,10.0,8544
15.550140744126804,7,25.0,8017
15.550245527906055,7,6.0,8124
15.5518544852126,7,2.0,8121
15.551856345039619,17,5.0,-3740
15.551861853122448,4,3.0,8580
15.55189161198576,1,6.0,8581
15.55265717720705,17,1.0,-384
15.552880035788096,6,2.0,8563
15.553088511412975,1,1.0,8582
15.55315005165615,13,4.0,-4322
15.553744434802448,5,1.0,0
15.554182591272344,7,1.0,7749
15.554182591272344,16,1.0,7749
15.55440682403089,16,4.0,3299
15.554751797876241,5,3.0,0
15.556525806876957,5,1.0,0
15.55709831919456,14,5.0,-4709
15.559058850065835,17,1.0,-3900
15.55952843981735,7,2.0,8249
15.560018525602482,17,5.0,-1152
15.560634047646726,6,7.0,8435
15.560785698580961,17,2.0,-2
15.561096721257327,7,1.0,7401
15.561176770482646,6,5.0,8466
15.56152484166717,1,1.0,8583
15.561815073697451,17,1.0,-3107
15.562148434180987,5,1.0,0
15.563003750339487,17,2.0,-2459
15.563975897589485,7,3.0,8196
15.56426838883579,7,2.0,7845
15.564586939675545,5,2.0,0
15.565239458819859,7,42.0,7900
15.56611131269577,13,2.0,-4351
15.56611131269577,17,2.0,-4351
15.567175714989114,16,3.0,6377
15.567273870134883,14,3.0,-4357
15.567487152455076,9,1.0,8294
15.568760072812484,17,1.0,-2490
15.569889440954567,7,3.0,8281
15.57037578471076,6,8.0,8372
15.570719278324786,13,1.0,-4243
15.570894447752504,5,3.0,0
15.571713005872756,9,1.0,8144
15.572532740130383,5,6.0,0
15.573028603251586,5,1.0,0
15.573074128276492,11,4.0,7891
15.574094460010523,5,1.0,0
15.574193301810475,6,7.0,8529
15.574213980652855,5,1.0,0
15.575807335824981,1,4.0,8584
15.575835560841657,7,1.0,8210
15.577232477775363,7,7.0,8330
15.57731879310796,5,3.0,0
15.57739090789802,7,2.0,2395
15.5778066653617,16,8.0,5924
15.578024840241218,5,1.0,0
15.578407369978818,16,3.0,136
15.578552777051641,6,53.0,8459
15.580138572984819,17,2.0,-273
15.580362130794521,5,2.0,0
15.58068217598382,13,12.0,-4477
15.580840174631525,13,2.0,-4524
15.581713952379202,14,6.0,-4258
15.581713952379202,17,6.0,-4258
15.58189852619429,14,1.0,-4317
15.582062824811455,5,6.0,0
15.583308014841796,13,2.0,-4343
15.58367828915921,17,4.0,-3595
15.584068109223624,13,2.0,-4377
15.584068109223624,17,2.0,-4377
15.584464977157023,9,4.0,8098
15.584850099409952,16,2.0,4369
15.585086754718755,6,1.0,8583
15.586632552986915,1,3.0,8585
15.586945865777857,13,1.0,-4427
15.587106335940597,5,3.0,0
15.588883594962152,10,54.0,8489
15.58893654384435,5,3.0,0
15.589065832555013,17,1.0,-3406
15.589119516339466,13,3.0,-4248
15.589119516339466,17,3.0,-4248
15.590217754105412,9,2.0,7328
15.590370351864582,1,3.0,8586
15.590812579487302,13,12.0,-4331
15.590812579487302,17,12.0,-4331
15.591533693958272,17,6.0,-3032
15.592049204297869,5,6.0,0
15.592938884891298,13,1.0,-4443
15.593091002419111,13,1.0,-4553
15.595305589714814,13,1.0,-4496
15.596451020609463,13,6.0,-4518
15.59664127583823,13,2.0,-4250
15.597380516357743,14,5.0,-4373
15.598088061785473,5,3.0,0
15.598241155799549,13,1.0,-4280
15.598320928269798,13,2.0,-4381
15.598640746161387,7,2.0,8101
15.59922785751319,14,8.0,-4256
15.599573038786305,5,19.0,0
15.599845291062934,5,6.0,0
15.600032900971115,7,2.0,7699
15.600101169529351,13,5.0,-4283
15.600136292525864,14,2.0,-4545
15.603696879970169,7,5.0,7999
15.60479769507798,6,2.0,8463
15.605189192240703,17,3.0,-1876
15.606514316918842,1,2.0,8587
15.606780118089057,13,7.0,-4231
15.60759452208983,7,9.0,8296
15.607714391116009,5,1.0,0
15.6078407163677,16,5.0,866
15.608879365186015,17,19.0,-99
15.60891823495193,15,1.0,-1377
15.610864813912858,1,6.0,8588
15.611023769520866,17,1.0,-1588
15.611850396386608,5,8.0,0
15.612527385869795,13,4.0,-4662
15.613211950639652,8,22.0,5779
15.613249932446921,16,5.0,7035
15.617079632978657,6,1.0,8357
15.617995747009862,7,3.0,8307
15.618396067259287,7,3.0,8234
15.618987816731192,14,1.0,-4432
15.61953240070413,5,2.0,0
15.619602319274573,6,16.0,8445
15.619793746821335,13,2.0,-4664
15.620149435258979,14,2.0,-4622
15.620743192791549,6,8.0,8422
15.620844069096998,17,2.0,-1424
15.620906992361592,7,1.0,8340
15.62092848922609,13,3.0,-4519
15.621589833142117,14,4.0,-4199
15.62204770340394,7,1.0,6304
15.622667406412798,1,10.0,8589
15.62357952390145,5,2.0,0
15.623649714640266,13,2.0,-4224
15.62420442296038,5,2.0,0
15.6247437158458,7,1.0,8027
15.625029226670009,7,3.0,7894
15.625051117616973,7,7.0,7815
15.625118214754274,16,30.0,5978
15.625265350721476,5,1.0,0
15.626962882799319,10,4.0,8487
15.627582484054171,3,10.0,8590
15.627893840011955,5,6.0,0
15.62845943971392,13,1.0,-4214
15.629265282671598,13,1.0,-4600
15.629776493005211,13,1.0,-4676
15.63022780453112,11,1.0,8105
15.630550226629973,14,1.0,-4603
15.630714409461802,17,4.0,-1923
15.630795971202687,13,1.0,-4640
15.631697910888056,7,10.0,7007
15.632869790747062,17,3.0,-474
15.633063035898932,13,2.0,-4499
15.633206333174106,13,6.0,-4324
15.634474544533695,15,5.0,-1580
15.636845211584337,5,1.0,0
15.636888829668719,14,2.0,-4645
15.637277952851655,17,2.0,-3989
15.637984139661924,5,1.0,0
15.638035423353067,13,2.0,-4684
15.638119181108511,16,16.0,6106
15.638472787919586,11,8.0,7657
15.638568215527625,17,1.0,-3873
15.638979779554699,13,30.0,-4691
15.638979779554699,17,30.0,-4691
15.639711884994103,16,27.0,5751
15.640381868579157,7,2.0,8278
15.640932338030026,16,5.0,6096
15.641402649051912,14,1.0,-4610
15.644518548973824,15,6.0,-1094
15.64560853219063,14,6.0,-4558
15.645756495881798,13,1.0,-4704
15.645756495881798,17,1.0,-4704
15.646551757870538,17,1.0,-3040
15.647224110724974,5,4.0,0
15.647508404053251,15,2.0,-1757
15.64797920853903,13,5.0,-4644
15.648025513071246,14,3.0,-4279
15.648346626642981,15,3.0,-1134
15.648969747627035,6,5.0,7604
15.649101361932841,5,2.0,0
15.649676693513868,17,3.0,-1039
15.65066831934069,13,7.0,-4686
15.6510692169019,13,2.0,-4540
15.651106203698655,9,5.0,6837
15.651740171256003,8,1.0,8469
15.652237924866869,5,2.0,0
15.653097018672245,5,42.0,0
15.654845136369534,5,1.0,0
15.655215123596381,16,4.0,1122
15.655330074798531,13,3.0,-4266
15.657439087592032,7,5.0,8315
15.658748354270687,5,3.0,0
15.659201792896232,7,7.0,7960
15.659394427946339,16,2.0,3975
15.660203909984247,17,1.0,-1338
15.660321769011377,13,2.0,-4573
15.660321769011377,17,2.0,-4573
15.661080634576138,6,3.0,6258
15.661196186638449,17,2.0,-2356
15.66125736683344,13,9.0,-4264
15.66220034880509,5,8.0,0
15.662373490115629,1,4.0,8591
15.662498558669112,13,1.0,-4237
15.662664574795633,17,4.0,-4172
15.662828458735136,1,1.0,8592
15.663893403160525,7,6.0,5482
15.66559435201588,7,7.0,7374
15.66570782059015,11,5.0,7543
15.665738771222289,14,2.0,-4601
15.666093076766286,8,1.0,8408
15.666236062230531,9,8.0,7992
15.667453728936344,9,2.0,7438
15.669334472367037,6,4.0,8303
15.66959133830667,5,1.0,0
15.669764770829117,5,2.0,0
15.669955183511727,7,2.0,7982
15.670444749935156,1,7.0,8593
15.672132605264935,13,1.0,-4683
15.672545619321994,9,4.0,8175
15.672904742661663,6,2.0,8251
15.673176151369276,9,2.0,8216
15.673537258630926,13,3.0,-4687
15.673598315106869,13,6.0,-4395
15.67359941024836,5,4.0,0
15.673846543295916,6,1.0,8574
15.674406213933992,4,1.0,8594
15.675146740338846,17,4.0,-3427
15.676164521344596,113,54.0,-4637
15.676211907037821,17,1.0,-2489
15.677947456665155,16,48.0,19
15.678018939070698,7,5.0,7926
15.6781215834882,13,6.0,-4384
15.678574663367192,17,3.0,-183
15.680488089798125,14,7.0,-4703
15.681255686907122,17,3.0,-3091
15.68151406045862,13,1.0,-4634
15.6822627978311,1,4.0,8595
15.682329726937153,7,6.0,5987
15.683365745279895,5,1.0,0
15.683407690148607,13,1.0,-4591
15.683788653168781,13,2.0,-4363
15.68385209550617,5,4.0,0
15.684738144297068,6,6.0,8471
15.684893444104953,17,4.0,-1887
15.685314661487384,5,4.0,0
15.68566058372213,7,3.0,3855
15.68660536171991,16,7.0,6274
15.686697510546146,9,13.0,8290
15.687445645298569,7,1.0,8199
15.688045016018334,13,10.0,-4641
15.68856496995584,5,1.0,0
15.688626795362433,16,3.0,4874
15.689881847652831,14,5.0,-4305
15.690503897595361,7,3.0,7001
15.691123752649945,13,2.0,-4567
15.692364552045817,13,3.0,-4638
15.692364552045817,17,3.0,-4638
15.692550988423998,5,1.0,0
15.692823068879955,5,4.0,0
15.693234101395129,14,47.0,-4328
15.693234101395129,17,47.0,-4328
15.693286739386373,16,13.0,2290
15.693440260978297,13,2.0,-4671
15.693729601462582,7,22.0,7574
15.694203753186214,7,8.0,7893
15.694324629730902,6,41.0,6720
15.695465014143728,17,2.0,-2577
15.695484583708428,5,1.0,0
15.699731000593573,7,5.0,8170
15.700908291363948,14,2.0,-4299
15.700908291363948,17,2.0,-4299
15.700975289899349,5,6.0,0
15.701218496417445,14,1.0,-4360
15.701218496417445,17,1.0,-4360
15.701241121428101,9,3.0,8415
15.701669106471849,17,5.0,-716
15.702242754118293,1,3.0,8596
15.702770768351579,13,3.0,-4288
15.702770768351579,17,3.0,-4288
15.703044130832604,5,10.0,0
15.703112461934523,5,3.0,0
15.703419900423166,6,3.0,8573
15.703550733138814,6,5.0,8120
15.704132968438888,13,7.0,-4402
15.704153562665205,5,4.0,0
15.70441101756163,5,5.0,0
15.704983994535537,17,3.0,-1695
15.707186874556323,1,8.0,8597
15.707416637669322,9,8.0,6148
15.708462231099347,1,6.0,8598
15.708666084629218,17,4.0,-3828
15.709199066232424,14,57.0,-4458
15.709419170940825,14,2.0,-4635
15.709631408151424,9,5.0,8181
15.710170802137004,5,17.0,0
15.710541877417224,5,1.0,0
15.7106697798815,14,5.0,-4650
15.712379325608026,14,1.0,-4423
15.712583195975363,5,4.0,0
15.71300796759552,5,3.0,0
15.713672972409482,1,1.0,8599
15.714084995150602,13,1.0,-4435
15.71502674998895,14,1.0,-4472
15.715539706599444,7,4.0,8495
15.715931073576753,10,22.0,8551
15.716071733732084,13,2.0,-4293
15.716256806663225,14,1.0,-4581
15.716700088393587,5,2.0,0
15.716753141592996,7,2.0,6124
15.717413271637154,16,2.0,1636
15.717732458930051,14,2.0,-4570
15.718078436305897,7,11.0,7978
15.718144279927134,5,57.0,0
15.718155630114424,5,2.0,0
15.719052272975599,17,2.0,-2678
15.719180650143578,7,25.0,6918
15.720872602174467,7,2.0,8424
15.721160401910433,5,4.0,0
15.721440342288293,7,1.0,7022
15.721803817116864,5,1.0,0
15.721925100723265,6,4.0,8584
15.722771525610348,1,4.0,8600
15.723063098125413,14,2.0,-4525
15.724378951692525,17,2.0,-1661
15.72464628040229,9,1.0,7400
15.724737592494778,13,1.0,-4609
15.724883425541524,13,3.0,-4242
15.725233256147638,13,2.0,-4391
15.725233256147638,17,2.0,-4391
15.726226658042389,5,7.0,0
15.726465942514176,13,1.0,-4440
15.72669596147242,16,10.0,5630
15.726852101908783,10,4.0,8562
15.726971042615682,16,5.0,4199
15.727357733842158,14,5.0,-4323
15.727528068992376,9,3.0,7643
15.727732333657697,16,4.0,5651
15.728371977645434,1,10.0,8601
15.729596524232742,17,1.0,-4079
15.730146687280909,5,7.0,0
15.730739935740322,13,2.0,-4550
15.731141949168405,14,3.0,-4701
15.731226758389981,14,5.0,-4399
15.731340302694814,5,1.0,0
15.734003009672485,13,1.0,-4457
15.734267072877186,17,4.0,-2739
15.734380296670833,17,3.0,-3263
15.73467180477899,5,1.0,0
15.73491105380049,7,6.0,8193
15.735027700505167,11,2.0,8145
15.735898349867659,13,3.0,-4382
15.736013645926915,13,1.0,-4659
15.737324449681566,13,1.0,-4294
15.737752991959013,14,1.0,-4462
15.737752991959013,17,1.0,-4462
15.738049464958678,7,1.0,8061
15.73805472707129,13,4.0,-4271
15.738115424642501,16,4.0,3691
15.738614124576932,14,2.0,-4448
15.740002368602527,10,2.0,8359
15.740356604945584,5,1.0,0
15.74039603667891,13,1.0,-4310
15.74039603667891,17,1.0,-4310
15.740733712357127,16,11.0,4717
15.741103090999667,12,2.0,8209
15.742053260802255,16,12.0,3776
15.742221312553754,7,2.0,8087
15.742706596057435,6,1.0,8582
15.743415368002575,13,1.0,-4627
15.744459232127536,7,4.0,8301
15.744486631656443,15,3.0,-1488
15.745517310543784,5,3.0,0
15.745542337117264,7,2.0,7264
15.746302479328213,17,5.0,-1120
15.746312536058829,17,1.0,-981
15.746436014415984,7,3.0,8134
15.746548382027768,5,1.0,0
15.748613218760218,14,3.0,-4334
15.750195197951605,16,11.0,5912
15.75109974995523,15,4.0,-1252
15.751123524647875,7,2.0,7030
15.751592641961526,113,23.0,-4497
15.75184471079439,13,6.0,-4355
15.751895416960908,5,4.0,0
15.752413395428002,7,3.0,8413
15.752614703106016,16,17.0,1400
15.752848551938701,14,3.0,-4255
15.752848551938701,17,3.0,-4255
15.752944821755055,7,1.0,7942
15.753775739015094,14,15.0,-4401
15.754512040230377,7,1.0,7597
15.75598902423934,12,24.0,8102
15.75604010985134,13,6.0,-4568
15.756297109071719,14,13.0,-4454
15.756297109071719,17,13.0,-4454
15.756940667667644,13,1.0,-4286
15.756940667667644,17,1.0,-4286
15.757097881848676,14,3.0,-4698
15.757151257657522,13,1.0,-4678
15.757151257657522,17,1.0,-4678
15.757371627420934,6,6.0,7789
15.75778905776937,5,2.0,0
15.757962798791402,13,1.0,-4511
15.757989091094867,16,6.0,2310
15.758121624610549,3,32.0,8602
15.759154109026742,5,3.0,0
15.760699893110829,6,2.0,8453
15.7613086997363,14,1.0,-4632
15.76157425135874,9,2.0,6783
15.761910366383388,1,1.0,8603
15.76209916783278,9,24.0,8102
15.762105928804791,16,1.0,1640
15.762369312520365,13,2.0,-4270
15.762399986855796,5,8.0,0
15.76340790771945,7,5.0,8284
15.763523822587613,5,4.0,0
15.76433867475116,17,5.0,-2236
15.76481542085435,7,4.0,8093
15.765522946599937,13,1.0,-4209
15.765522946599937,17,1.0,-4209
15.765923591390996,17,3.0,-3369
15.765947469089935,13,1.0,-4222
15.766491607187621,13,3.0,-4584
15.767095718322613,17,3.0,-3602
15.76823468324262,13,1.0,-4578
15.76869228953056,5,2.0,0
15.768839062834173,13,2.0,-4362
15.769458814006832,17,1.0,-3384
15.770447597245973,6,7.0,8593
15.771325971418863,14,3.0,-4668
15.771402081583904,13,1.0,-4577
15.771402081583904,17,1.0,-4577
15.773364012835302,7,2.0,8023
15.773550721074386,5,2.0,0
15.774074255310856,13,5.0,-4300
15.774153665409802,3,8.0,8604
15.774290845726847,17,1.0,-2709
15.77444295308192,5,2.0,0
15.77465895807028,9,2.0,7917
15.77533856102374,3,52.0,8605
15.77560561420152,5,2.0,0
15.776282452293483,6,1.0,8577
15.776520533144142,14,3.0,-4465
15.776807654908376,7,3.0,7869
15.777824832936808,6,11.0,6296
15.778018933295993,6,2.0,7541
15.779318880985068,5,9.0,0
15.779516652978202,8,3.0,8081
15.780163301642078,5,4.0,0
15.780673531709253,13,1.0,-4229
15.780673531709253,17,1.0,-4229
15.781040909868109,17,11.0,-3062
15.781308441818092,5,2.0,0
15.781758619407233,9,6.0,8354
15.781874462643723,5,4.0,0
15.782136186636427,9,2.0,7829
15.782328334308136,16,8.0,931
15.78290586775924,13,2.0,-4295
15.783189471620965,8,1.0,8313
15.784247904291696,6,2.0,8528
15.784568774157057,13,4.0,-4611
15.78510136569664,7,3.0,7778
15.785484622207285,13,1.0,-4672
15.785484622207285,17,1.0,-4672
15.78550109711368,17,1.0,-867
15.785882330671386,6,1.0,8543
15.786132911689066,13,1.0,-4507
15.786521669887101,17,1.0,-1667
15.786836628319508,9,1.0,7915
15.786970780152542,15,1.0,-1415
15.787738436364805,5,2.0,0
15.787921782633303,6,1.0,8405
15.787940432543722,13,1.0,-4326
15.787940432543722,17,1.0,-4326
15.78955262662236,7,10.0,8247
15.789913073734546,7,3.0,8243
15.790185209478604,17,2.0,-1141
15.790288242002458,17,1.0,-1408
15.791658408143386,16,8.0,5442
15.793681033057217,5,1.0,0
15.793781050402389,7,8.0,8067
15.793979670188332,6,2.0,7801
15.794015917524826,13,1.0,-4422
15.794015917524826,17,1.0,-4422
15.794754513892716,9,4.0,8215
15.794897834239906,13,6.0,-4710
15.795237014745672,17,2.0,-252
15.795894373878497,13,7.0,-4268
15.796152743902798,7,1.0,8349
15.796204687578518,5,9.0,0
15.796229143411507,13,1.0,-4387
15.797366528540973,7,5.0,8440
15.797645695098035,13,5.0,-4434
15.797645695098035,17,5.0,-4434
15.797893853104327,16,9.0,5097
15.798512137490231,9,6.0,8164
15.798732301493688,5,1.0,0
15.798804559615197,14,2.0,-4481
15.798804559615197,17,2.0,-4481
15.799389767939335,17,10.0,-568
15.799784040589042,7,6.0,8213
15.80014407851175,8,8.0,8138
15.800445284735327,17,4.0,-2867
15.801022898272652,13,5.0,-4337
15.801022898272652,17,5.0,-4337
15.801925223695708,13,2.0,-4321
15.802361260030384,7,1.0,8203
15.803478165015125,16,3.0,6573
15.803624549614053,6,4.0,8436
15.803657887882752,5,1.0,0
15.803885432971626,13,15.0,-4631
15.804489254202892,16,7.0,2731
15.804750827609322,6,6.0,8556
15.804881711655012,5,1.0,0
15.805535090034363,17,1.0,-1461
15.805642856896094,7,1.0,7322
15.806280493962351,13,1.0,-4565
15.807688842739594,15,5.0,-1385
15.807894852802695,17,1.0,-2575
15.808139150374803,14,3.0,-4520
15.808541686260249,6,4.0,8591
15.808805803710092,7,2.0,8375
15.808967443245198,7,7.0,8398
15.809207545355706,16,1.0,5957
15.81150483100237,6,1.0,8559
15.812479198865871,14,4.0,-4487
15.813366544422552,17,2.0,-30
15.81347118575552,1,8.0,8606
15.813731768607203,17,6.0,-1790
15.813833347853665,11,34.0,8207
15.81429044409133,17,3.0,-3361
15.81479324935112,13,1.0,-4385
15.814793796788926,9,2.0,6058
15.814813220819044,14,3.0,-4365
15.814928447453086,13,2.0,-4556
15.814928447453086,17,2.0,-4556
15.815413100122223,10,2.0,8564
15.817155672814925,16,6.0,4363
15.818100225160503,6,1.0,8392
15.818141704535849,13,3.0,-4226
15.819451330602604,13,5.0,-4514
15.819451330602604,17,5.0,-4514
15.819480767154335,17,1.0,-574
15.82151182673077,17,15.0,-3179
15.82186003967145,15,6.0,-1438
15.822031791021413,17,1.0,-2189
15.82234002522109,5,8.0,0
15.822639622043663,6,3.0,8586
15.823012801668037,5,6.0,0
15.823429808527925,5,6.0,0
15.823771840076121,17,2.0,-1346
15.825559143646409,13,2.0,-4539
15.826168256710382,17,1.0,-2834
15.826588342637768,1,2.0,8607
15.826755072973796,5,1.0,0
15.827837524869224,4,53.0,8608
15.827940515652891,15,1.0,-1932
15.828018729021899,7,7.0,7703
15.82802563861956,14,6.0,-4436
15.831453717397693,17,3.0,-3509
15.831721754841066,7,1.0,7752
15.833259824994133,17,1.0,-1232
15.834713579935675,17,1.0,-639
15.835878037738583,14,3.0,-4705
15.835878037738583,17,3.0,-4705
15.836169882215064,6,2.0,6146
15.836927582899985,6,3.0,8462
15.838121427701658,7,4.0,7430
15.838944603805816,17,2.0,-696
15.839612432480894,8,3.0,8049
15.840138878531196,17,2.0,-719
15.840476718344187,5,49.0,0
15.840518194270901,17,1.0,-2196
15.840664350835223,17,3.0,-91
15.840795199047653,15,1.0,-1425
15.8410126860166,15,1.0,-1619
15.841089510109885,6,2.0,8484
15.841207664841141,6,2.0,8371
15.841634529651689,16,9.0,6314
15.842108674422132,7,4.0,7809
15.842153648289448,8,3.0,7896
15.842238448141345,13,1.0,-4430
15.843238022190146,17,2.0,-796
15.844064329018028,7,4.0,8109
15.844135375304955,16,12.0,4153
15.84417978014361,17,1.0,-2204
15.844409694887334,14,1.0,-4536
15.844671107220092,9,2.0,7596
15.845106370903125,1,3.0,8609
15.845143013976507,13,4.0,-4278
15.845765489895827,16,10.0,2318
15.846049406703084,10,32.0,8602
15.846844866532207,5,4.0,0
15.84930444790858,10,10.0,8590
15.850579273754063,5,1.0,0
15.852329270732703,13,5.0,-4574
15.852343855019496,11,3.0,8386
15.853372929731878,7,5.0,8513
15.855801797226846,7,2.0,8418
15.85582701683163,5,6.0,0
15.856512367563786,6,1.0,8592
15.856737934824048,7,2.0,7849
15.856948705920603,6,4.0,8486
15.85695716313423,5,5.0,0
15.857036421865844,9,2.0,7846
15.857774792058725,5,2.0,0
15.857775934819523,4,6.0,8610
15.858109646897054,14,4.0,-4241
15.858808285148479,17,1.0,-930
15.860350731544475,14,4.0,-4642
15.860728375322712,9,2.0,8204
15.861298091442327,6,5.0,8248
15.861439059783866,17,7.0,-2903
15.862216201575771,13,15.0,-4406
15.862827589777053,9,3.0,8272
15.863737462928588,7,2.0,8365
15.864028377977466,16,5.0,7344
15.864681386630625,16,8.0,4263
15.865750554440902,5,2.0,0
15.867504470626068,15,1.0,-1896
15.867865353807918,5,5.0,0
15.868233507688284,13,2.0,-4325
15.868233507688284,17,2.0,-4325
15.86862997843817,7,3.0,8263
15.868681120635724,13,1.0,-4532
15.868716814693249,13,6.0,-4342
15.868906560956374,5,1.0,0
15.869496356834166,13,12.0,-4372
15.869496356834166,17,12.0,-4372
15.87007240215122,13,1.0,-4475
15.8706510744948,5,5.0,0
15.870709578954019,7,7.0,6959
15.87292477009485,17,1.0,-747
15.8730015623998,1,7.0,8611
15.873669958389007,16,1.0,1585
15.8742551893532,6,2.0,8514
15.874633935327909,17,2.0,-1478
15.875104948829538,5,48.0,0
15.875303963574913,10,48.0,8536
15.87603149291101,7,2.0,7628
15.876401394947676,5,1.0,0
15.876609014461865,7,1.0,8094
15.876735721471837,7,11.0,8190
15.879067331657913,5,3.0,0
15.879861571070242,5,14.0,0
15.87992487469266,14,5.0,-4516
15.87992487469266,17,5.0,-4516
15.880135258361298,4,60.0,8612
15.880931049022891,13,1.0,-4528
15.881165280583412,7,10.0,8490
15.882759062551525,7,20.0,8267
15.88290551368368,17,3.0,-1108
15.883493908560984,5,24.0,0
15.88356213928615,7,1.0,8310
15.883622279342857,13,10.0,-4304
15.883989687620383,1,5.0,8613
15.884255249267513,10,1.0,8558
15.884662204811843,17,2.0,-1692
15.884926122371276,16,57.0,1423
15.886185343655942,17,4.0,-1883
15.8862000291615,6,3.0,8129
15.886580851411445,1,4.0,8614
15.886769891278988,9,2.0,8373
15.886998278083409,17,2.0,-1975
15.887098875488205,13,1.0,-4245
15.88710727674757,17,3.0,-222
15.888175206250377,7,2.0,5011
15.888323161913913,13,1.0,-4673
15.888607362632454,13,1.0,-4530
15.888899971006735,15,1.0,-1953
15.889010331861643,13,4.0,-4290
15.889666239206154,7,1.0,8135
15.890039090136497,14,1.0,-4339
15.89070002136265,5,11.0,0
15.891325138539967,13,4.0,-4407
15.892961744415022,5,4.0,0
15.893085442436924,7,3.0,8322
15.894767503010884,5,1.0,0
15.895174171868929,7,3.0,6173
15.895383204417463,7,2.0,6461
15.895533462131182,13,7.0,-4370
15.895533462131182,17,7.0,-4370
15.896211361822715,7,3.0,8282
15.896833551290664,16,4.0,8325
15.897123096110217,7,2.0,7967
15.897575531607023,2,4.0,8615
15.897828574514287,5,9.0,0
15.898005896138727,5,3.0,0
15.898783366392253,16,3.0,2411
15.8992091630946,17,1.0,-565
15.899401795964156,7,5.0,7835
15.899401795964156,16,5.0,7835
15.89988842663236,4,12.0,8616
15.900108985241154,8,5.0,8024
15.901180439238615,14,1.0,-4284
15.901724626596149,13,7.0,-4537
15.901724626596149,17,7.0,-4537
15.901976675371944,17,1.0,-1015
15.90214682606522,6,1.0,8343
15.902852210996098,13,6.0,-4459
15.902947857127439,8,8.0,8133
15.904776000129473,7,6.0,7503
15.905143272057314,14,1.0,-4617
15.90616534560205,17,3.0,-3773
15.90710976043922,7,3.0,8269
15.907504851647207,15,1.0,-1974
15.90892332379274,14,3.0,-4612
15.90892332379274,17,3.0,-4612
15.90902492832844,13,2.0,-4356
15.910302185303122,13,2.0,-4213
15.910302185303122,17,2.0,-4213
15.911137820365804,5,10.0,0
15.911406782214609,1,1.0,8617
15.911626317312745,5,3.0,0
15.912948128968978,5,2.0,0
15.914578120741695,6,2.0,8429
15.915761387860785,5,20.0,0
15.915806661989123,10,3.0,8300
15.916310535320788,13,1.0,-4228
15.916310535320788,17,1.0,-4228
15.917218777759983,17,4.0,-946
15.917700005781343,13,3.0,-4424
15.917700005781343,17,3.0,-4424
15.917744241332505,16,5.0,6328
15.917945767288922,13,5.0,-4643
15.91805301330909,14,7.0,-4456
15.919128638241972,7,2.0,7169
15.920610487953013,16,3.0,461
15.920769271217008,6,6.0,8598
15.923348902348769,1,4.0,8618
15.92360957958793,17,2.0,-667
15.925548479677127,7,4.0,8252
15.926188246084328,6,2.0,8502
15.926533343939585,7,12.0,8033
15.927794060927829,5,3.0,0
15.928082060021078,16,5.0,2096
15.928181889107758,5,1.0,0
15.928399247733202,7,12.0,8485
15.928853224518356,7,4.0,8409
15.92966286141548,17,2.0,-210
15.930159261378044,6,2.0,7530
15.93027691274111,8,25.0,6120
15.930622624674914,5,4.0,0
15.931755840884573,14,2.0,-4476
15.931954177035522,13,12.0,-4225
15.93254065009025,17,3.0,-1698
15.936655021928367,5,5.0,0
15.936745982606062,9,4.0,8428
15.93745452725558,13,2.0,-4529
15.93745452725558,17,2.0,-4529
15.937739535109232,14,5.0,-4551
15.939349163832341,17,1.0,-789
15.939371641400403,14,6.0,-4204
15.939811018010529,12,20.0,8423
15.941485150011593,5,3.0,0
15.941698697253562,14,3.0,-4665
15.941962481197582,5,4.0,0
15.94199212864272,13,4.0,-4211
15.94199212864272,17,4.0,-4211
15.94370318996765,16,9.0,327
15.944740225901654,13,6.0,-4618
15.945139342335592,13,2.0,-4341
15.945159135910767,13,2.0,-4654
15.945944685054164,17,5.0,-2167
15.947000213247414,14,14.0,-4474
15.947049822430573,5,2.0,0
15.947250126448981,14,6.0,-4670
15.950296472388766,5,1.0,0
15.950553267420037,5,7.0,0
15.950747470364494,13,1.0,-4303
15.951227137815216,7,1.0,8346
15.951836038016044,5,4.0,0
15.952606749819779,15,1.0,-1660
15.953232709018106,13,4.0,-4281
15.954171933117898,15,5.0,-2072
15.954487744336188,5,7.0,0
15.955281381262287,113,40.0,-4389
15.955708503788296,13,1.0,-4546
15.956018624846406,9,16.0,6528
15.957201110991239,13,1.0,-4636
15.957201110991239,17,1.0,-4636
15.957514251370556,17,1.0,-3613
15.958049160771502,13,6.0,-4439
15.958745782546664,14,2.0,-4596
15.959110077554415,6,2.0,8233
15.959497620074561,14,2.0,-4218
15.960064064749444,13,6.0,-4219
15.960073055656132,11,4.0,8225
15.960121297881347,5,1.0,0
15.962070785656898,6,48.0,8482
15.963530648917475,7,4.0,8073
15.964712914572214,14,4.0,-4221
15.964752921991296,6,5.0,8434
15.964785427470735,7,2.0,8400
15.965162181744104,17,1.0,-3366
15.965495670882037,9,25.0,6120
15.965997266425212,14,4.0,-4400
15.966052812682793,5,7.0,0
15.966089868251206,17,1.0,-3093
15.966365372996268,1,1.0,8619
15.967089575561799,14,6.0,-4253
15.967280032287597,7,2.0,8240
15.9672815259593,9,1.0,5457
15.967310737502569,13,2.0,-4488
15.967363964015894,13,7.0,-4593
15.967607672837513,1,42.0,8620
15.968108132198152,14,2.0,-4453
15.968108132198152,17,2.0,-4453
15.968140404662678,17,3.0,-498
15.968445991318779,14,5.0,-4212
15.968445991318779,17,5.0,-4212
15.968731640567617,6,4.0,2130
15.969437889517836,15,2.0,-1703
15.970520679951205,14,4.0,-4484
15.971904729224148,6,5.0,8576
15.972473502768912,7,2.0,7808
15.97335689734946,9,1.0,8364
15.97420816838232,17,2.0,-1785
15.974241831314492,8,2.0,8324
15.9756178489774,7,3.0,6625
15.97569745442463,7,14.0,4812
15.97632572318889,5,2.0,0
15.977794900597258,9,12.0,7892
15.977910656759331,9,10.0,5846
15.979785104741026,6,1.0,8546
15.981989548518168,5,1.0,0
15.983865570191908,6,2.0,8306
15.984267199442233,17,2.0,-4147
15.984523673676522,8,2.0,8311
15.984873338161153,14,25.0,-4200
15.985577555460257,13,1.0,-4633
15.988174863831217,14,1.0,-4260
15.988984054708276,13,1.0,-4330
15.989083867896934,13,1.0,-4648
15.989083867896934,17,1.0,-4648
15.989300628617748,6,1.0,8460
15.990321625753165,13,1.0,-4359
15.99134836758773,13,4.0,-4316
15.992269694418153,13,1.0,-4346
15.992269694418153,17,1.0,-4346
15.99258233314343,16,7.0,6234
15.992954572113788,9,38.0,7935
15.993777654281184,14,3.0,-4554
15.994404528990403,17,2.0,-2295
15.99656830519311,14,33.0,-4194
15.997829188308852,13,1.0,-4273
15.997829188308852,17,1.0,-4273
15.997830134740655,17,3.0,-1504
15.998033712861256,6,13.0,8509
15.999724692910172,6,1.0,8571
15.999737543977467,6,4.0,8419
15.999984967469619,9,5.0,8232
16.001056362790212,7,19.0,8457
16.00159731882144,7,3.0,8353
16.001709508040353,5,3.0,0
16.002040153547533,1,1.0,8621
16.003214610695533,14,4.0,-4927
16.00346363913639,13,1.0,-5053
16.003603267457077,5,1.0,0
16.003942243666906,8,1.0,8118
16.005400597786508,10,3.0,8580
16.00638975831881,15,3.0,-3057
16.00680745332065,13,2.0,-5126
16.00718424182585,6,1.0,8603
16.008217428319433,13,1.0,-4886
16.008729935851637,8,4.0,8419
16.00874379972154,14,1.0,-5163
16.010259377242672,7,7.0,4257
16.011514885356352,13,2.0,-4882
16.01280223205847,9,3.0,7930
16.013413756083402,14,7.0,-5025
16.013420619984913,6,18.0,6501
16.013945508783305,5,5.0,0
16.01479583690486,7,1.0,8155
16.015286182651636,5,44.0,0
16.01731595450578,6,6.0,8581
16.02030790631438,7,2.0,7954
16.02044506741278,5,3.0,0
16.02084308091832,9,5.0,7267
16.020927655869777,14,7.0,-4786
16.022256663038487,13,1.0,-5176
16.023507820566753,9,2.0,7730
16.023875060301105,13,2.0,-5138
16.024480484910185,5,1.0,0
16.02493899375655,13,2.0,-5225
16.025550089320344,16,53.0,106
16.02555746467132,2,4.0,8622
16.026478863961113,14,1.0,-5034
16.026892824636207,4,13.0,8623
16.027992934195126,13,1.0,-4965
16.03033935266274,14,2.0,-4789
16.031773421156696,14,1.0,-4864
16.03247715663589,6,5.0,8387
16.033217257618944,9,1.0,8104
16.033858465780153,5,41.0,0
16.034552500693568,15,1.0,-2519
16.035111738515624,5,1.0,0
16.03534539665496,5,5.0,0
16.038466442069087,1,4.0,8624
16.039137016012102,14,34.0,-5216
16.040103372645156,5,4.0,0
16.04015822022289,5,5.0,0
16.040777292101282,13,2.0,-5178
16.041297528018923,5,1.0,0
16.043082827251183,8,5.0,7825
16.04377991757468,5,50.0,0
16.04513996928565,13,1.0,-4945
16.04623264710642,15,10.0,-2965
16.046832223506158,13,1.0,-5180
16.04730231790883,14,2.0,-4726
16.04978225082,7,2.0,4519
16.04996460534109,14,3.0,-4980
16.050367896083454,14,4.0,-4999
16.05043687878825,14,2.0,-5013
16.05087412367762,13,9.0,-4739
16.051278349470543,1,3.0,8625
16.05248061682728,13,2.0,-4916
16.052678956805032,14,3.0,-5058
16.053310627849946,14,13.0,-4827
16.05334538829801,13,2.0,-4923
16.05484406099453,5,2.0,0
16.055046919816768,1,5.0,8626
16.055097399071027,13,2.0,-5056
16.056104975420848,14,3.0,-4867
16.056540163606655,13,3.0,-5224
16.057436292578494,7,6.0,7718
16.057867400306097,13,4.0,-5112
16.06099285077179,6,3.0,8557
16.063091660743122,9,4.0,8218
16.063251288180627,7,3.0,8470
16.064235047738116,7,4.0,8130
16.064445657074028,13,2.0,-5082
16.06460540987238,7,2.0,7432
16.064983017009634,7,3.0,8291
16.065371805703002,1,2.0,8627
16.06551767759085,13,3.0,-4975
16.065883404001617,17,2.0,-1139
16.06672701120305,13,1.0,-5123
16.066819651757026,1,2.0,8628
16.068288505439238,9,8.0,8133
16.068528819471094,7,10.0,6387
16.06859035156996,5,3.0,0
16.07049900084629,14,9.0,-4988
16.070500700013813,13,3.0,-4893
16.07102211091064,5,3.0,0
16.072359971666874,5,1.0,0
16.073276465046675,13,1.0,-5186
16.073513958498157,14,6.0,-4871
16.074374327786717,15,4.0,-2144
16.074374327786717,17,4.0,-2144
16.07438590282505,5,5.0,0
16.074551820875406,6,2.0,7737
16.07479404204283,7,1.0,7804
16.077387589945626,14,1.0,-4772
16.07757365649866,5,2.0,0
16.077781043993724,5,7.0,0
16.07794745317969,6,5.0,8326
16.078905497555297,5,6.0,0
16.079154476692295,14,3.0,-4763
16.079939422458377,16,33.0,3847
16.0800358681856,5,1.0,0
16.08088541401337,5,28.0,0
16.081052397655586,9,4.0,7818
16.081262746388692,10,6.0,8496
16.08444194985648,5,1.0,0
16.08463709002096,5,2.0,0
16.085501922085317,7,1.0,8116
16.0861260561176,13,5.0,-5120
16.087245356801553,5,4.0,0
16.087352235178177,13,1.0,-5014
16.088084945117256,5,1.0,0
16.08849847466426,5,2.0,0
16.09020317563836,5,3.0,0
16.09101774166983,5,3.0,0
16.091504593315236,5,19.0,0
16.092356341924447,6,3.0,8534
16.092833010013155,7,10.0,3038
16.093574260269776,6,8.0,8606
16.094117357850777,13,1.0,-5031
16.09458910475906,13,1.0,-5086
16.094890951245006,6,6.0,8549
16.095353647195957,7,2.0,7697
16.097768467496262,5,2.0,0
16.098062259598457,13,1.0,-5233
16.099305619010572,14,3.0,-4983
16.099831117856358,5,2.0,0
16.099869053801875,7,2.0,8335
16.10036058866582,13,1.0,-4973
16.100647956574992,17,1.0,-2380
16.100924751050187,15,2.0,-2842
16.101563102381643,7,2.0,7727
16.102712106255684,5,2.0,0
16.103429678362318,17,1.0,-2502
16.103432039695484,13,2.0,-4958
16.104348442550087,17,6.0,-2021
16.10470425492022,8,15.0,8165
16.106677345533743,7,2.0,8184
16.10758022809012,16,4.0,5840
16.107800092379406,14,3.0,-4829
16.108723424120054,17,7.0,-1149
16.109724871687064,13,1.0,-5023
16.110299142439587,17,4.0,-1569
16.110670138491603,6,6.0,8236
16.110801085424203,8,6.0,8438
16.111230100113563,5,2.0,0
16.111374681298493,17,2.0,-3291
16.113394946571454,14,9.0,-4812
16.113608650370924,14,1.0,-4956
16.11429860664127,6,8.0,8518
16.114916198884888,1,1.0,8629
16.11496068453006,13,3.0,-5136
16.115923273371177,17,1.0,-2878
16.11714015331203,6,8.0,8141
16.117761506207547,13,1.0,-5153
16.118537886609015,17,1.0,-818
16.118777066567333,17,1.0,-917
16.120400467970402,13,1.0,-4891
16.120432341478377,13,7.0,-4883
16.120822065888746,17,8.0,-2712
16.122403392847524,17,1.0,-3458
16.12286367244661,5,1.0,0
16.123460035644957,5,3.0,0
16.124562938490946,17,5.0,-3289
16.125274470992032,8,7.0,8002
16.125865367857486,14,3.0,-5064
16.126112561779884,13,1.0,-4830
16.12675587550129,17,9.0,-683
16.128425974330323,13,26.0,-4922
16.12873186470843,1,13.0,8630
16.128747427213,13,1.0,-5207
16.129904845758702,5,1.0,0
16.130718712490236,7,2.0,6061
16.13082406146521,13,8.0,-4718
16.130914549349416,13,5.0,-4767
16.132413813178374,17,5.0,-1334
16.132814794531942,14,1.0,-5078
16.13286047455382,14,3.0,-4907
16.133617928053898,14,2.0,-4731
16.134388221563402,17,2.0,-2416
16.134550379902972,14,3.0,-4769
16.13480229770265,15,1.0,-2696
16.135801228051008,17,5.0,-2530
16.137406607665838,17,4.0,-2307
16.13779547414434,17,1.0,-845
16.138237222333824,5,3.0,0
16.138506693931973,9,2.0,7418
16.138702154363937,13,1.0,-4806
16.13893042750464,14,3.0,-4942
16.139171449140143,7,4.0,7681
16.13936745286721,13,1.0,-4759
16.139647831323593,7,3.0,8447
16.140550865535623,11,3.0,7998
16.141030205109754,5,3.0,0
16.141260015500162,13,3.0,-5219
16.141427900224933,14,4.0,-4977
16.142408527220393,7,7.0,8384
16.143054568314213,5,8.0,0
16.143734914148762,16,6.0,5181
16.14446896949336,13,2.0,-5048
16.14521335292616,13,3.0,-5069
16.145386881993936,14,4.0,-5132
16.14566043420799,14,2.0,-4748
16.146491071802796,6,1.0,8456
16.148338326613136,14,5.0,-4777
16.14859607460202,14,2.0,-4833
16.14975015723072,6,8.0,8009
16.150035528271662,14,2.0,-4837
16.150699368857165,8,7.0,8491
16.150953415741235,14,5.0,-4894
16.15157269865035,16,5.0,2607
16.151593377743854,5,2.0,0
16.152244310628685,5,1.0,0
16.153965624358413,17,2.0,-1763
16.154379976725117,16,25.0,3005
16.15465412339117,7,6.0,7554
16.154811980534273,1,5.0,8631
16.155721042185633,5,41.0,0
16.15620156527357,14,4.0,-4840
16.157329458435896,14,1.0,-5199
16.158795364894537,1,3.0,8632
16.159234803472966,5,3.0,0
16.15935491247265,14,2.0,-4929
16.1594043284749,6,9.0,8566
16.16048723790578,10,6.0,8610
16.16091224998944,5,3.0,0
16.161603676445615,17,1.0,-1368
16.162062375313127,7,2.0,8219
16.164755843887857,7,1.0,8472
16.165211938146182,7,3.0,6950
16.1653747805122,14,6.0,-5232
16.16707206907205,17,4.0,-3251
16.16726699411997,13,6.0,-5188
16.16769010426057,5,2.0,0
16.1677474480953,13,2.0,-4873
16.16850646427723,5,1.0,0
16.16891945525583,1,1.0,8633
16.169441098491834,5,4.0,0
16.16972471811952,7,7.0,8195
16.169728856771542,5,2.0,0
16.17131671661496,16,8.0,7269
16.172308674328228,14,8.0,-5046
16.172821643509547,13,1.0,-5124
16.174806020686376,16,7.0,4441
16.174925661332743,11,56.0,8227
16.175465661085095,14,4.0,-4857
16.178213169500864,13,1.0,-5222
16.180195750106048,5,3.0,0
16.180678021535176,16,1.0,4531
16.181179289374143,13,1.0,-4834
16.181532322632002,13,1.0,-4969
16.183025554099263,13,1.0,-5066
16.18380755565868,14,2.0,-5070
16.183809437016812,5,1.0,0
16.184103905020486,6,2.0,8334
16.184226753239148,14,2.0,-4937
16.18441306018282,17,1.0,-300
16.1848789259114,9,22.0,5779
16.18511627596041,7,1.0,8183
16.185899793456016,13,1.0,-4998
16.18601708354194,5,2.0,0
16.18713472814554,15,2.0,-2225
16.188999300758276,13,3.0,-4954
16.189456717598368,9,2.0,8209
16.190003026386545,15,2.0,-2435
16.191301808409612,7,2.0,7079
16.19143077791519,13,3.0,-4727
16.191743915754696,7,3.0,8008
16.192559166047864,16,30.0,2736
16.19285845324785,14,1.0,-4770
16.193710299069252,8,3.0,8268
16.19526068542896,13,1.0,-5127
16.195938148841506,113,45.0,-4863
16.19640095153038,5,1.0,0
16.196415017560362,5,1.0,0
16.197953215392218,7,1.0,8114
16.198158508543454,14,6.0,-4822
16.198481431049036,6,4.0,8622
16.199806558871288,15,1.0,-2469
16.200473163012106,7,5.0,7631
16.201433855795393,7,2.0,8177
16.201502045240616,1,4.0,8634
16.201585905919664,13,1.0,-4826
16.202036381409172,13,14.0,-5037
16.202372924062846,5,4.0,0
16.202732996339563,5,4.0,0
16.202892113526627,13,1.0,-4771
16.203175263168614,7,4.0,7875
16.20415569083574,17,2.0,-2109
16.205540985603683,13,1.0,-5206
16.20666811167709,9,2.0,4841
16.20762083483205,5,1.0,0
16.207633793247446,6,4.0,8634
16.20806027661937,15,1.0,-3076
16.20806027661937,17,1.0,-3076
16.209460158002532,13,2.0,-5065
16.21054936621857,5,6.0,0
16.210691474615,2,20.0,8635
16.21096757623887,5,1.0,0
16.211181174805763,9,4.0,8280
16.211266362229047,13,1.0,-5108
16.21153368313002,6,2.0,8501
16.214054877594098,7,2.0,8032
16.214446278443493,5,5.0,0
16.214616063402516,9,5.0,7680
16.214616063402516,16,5.0,7680
16.21746534221518,5,5.0,0
16.21757028307518,13,3.0,-4803
16.21794470755581,9,2.0,7878
16.21815414285294,16,16.0,4594
16.219138663755466,5,2.0,0
16.2192477601026,17,1.0,-1657
16.21986991682808,6,2.0,8587
16.22022322284622,7,3.0,8406
16.22119643934118,7,6.0,7968
16.221548045771815,13,11.0,-4750
16.222040192745688,5,2.0,0
16.222082772668195,17,1.0,-2315
16.222569070243495,6,30.0,8540
16.22382530632779,5,2.0,0
16.22445559722121,15,1.0,-2699
16.225285482025143,13,6.0,-5208
16.225285482025143,17,6.0,-5208
16.225532603812006,17,7.0,-4469
16.225896034633994,13,3.0,-4962
16.225896034633994,17,3.0,-4962
16.22599813347706,13,4.0,-5010
16.22615186437651,14,5.0,-4756
16.22636673536058,17,7.0,-2702
16.22648856896924,13,6.0,-4986
16.226614179015954,13,6.0,-4957
16.226614179015954,17,6.0,-4957
16.226727556830806,7,3.0,8211
16.22737459388348,5,1.0,0
16.227507268497284,7,6.0,8194
16.228227649668945,6,2.0,8522
16.22867371722057,5,4.0,0
16.228723613559033,17,3.0,-487
16.22927856348361,5,5.0,0
16.23017395391485,5,1.0,0
16.23024260043119,13,11.0,-4836
16.231386096899307,7,1.0,8312
16.234327468561037,15,3.0,-2793
16.23495896874928,5,3.0,0
16.23647520021817,9,3.0,6389
16.236610101561283,7,14.0,8083
16.236731243094944,13,1.0,-5110
16.2372166286263,17,3.0,-3420
16.238000602434347,13,8.0,-5211
16.238140378279933,16,1.0,2618
16.23879646415367,14,2.0,-5074
16.23879646415367,17,2.0,-5074
16.23886154819548,17,2.0,-1059
16.23925159502147,14,6.0,-4862
16.239636691797333,7,1.0,4201
16.240157565259167,6,2.0,8628
16.24194028138374,9,2.0,8085
16.242511779462692,6,8.0,8597
16.24289109115487,10,59.0,8441
16.24316942409931,5,3.0,0
16.243578327331313,7,6.0,7664
16.244127225995726,6,3.0,8474
16.244401202405506,11,3.0,8442
16.244510211851747,14,3.0,-4765
16.244624518172518,15,1.0,-3098
16.24521862848274,17,2.0,-2569
16.245319474176544,13,4.0,-4774
16.245319474176544,17,4.0,-4774
16.245668281992355,13,6.0,-5145
16.24571705752779,7,2.0,8051
16.2463241051505,13,7.0,-4802
16.246973918124034,14,2.0,-5100
16.246975330440605,17,3.0,-1925
16.2472638415371,5,1.0,0
16.248179454135666,6,3.0,8632
16.24924950104864,1,3.0,8636
16.251490288384133,1,2.0,8637
16.251986648889293,17,1.0,-3823
16.253483821393328,13,2.0,-5038
16.25478238730428,17,24.0,-554
16.25572165666748,7,3.0,8126
16.255996803726795,5,1.0,0
16.258034077273443,14,6.0,-5131
16.258061750583796,14,1.0,-4715
16.258061750583796,17,1.0,-4715
16.258425899020686,9,1.0,6346
16.258721161506433,3,11.0,8638
16.258951672418632,13,1.0,-4951
16.260115405973266,13,5.0,-4940
16.260330646354653,13,5.0,-4870
16.260922380734627,17,4.0,-1280
16.261390374652944,113,45.0,-4729
16.261672207735867,17,3.0,-2118
16.26246943576396,5,1.0,0
16.26327710299258,3,8.0,8639
16.26364050095318,14,2.0,-4917
16.264427394049285,14,1.0,-5189
16.264529589934153,13,6.0,-5097
16.264529589934153,17,6.0,-5097
16.265365618842864,13,9.0,-5107
16.265365618842864,17,9.0,-5107
16.26687639945529,14,4.0,-4920
16.26789832089911,6,1.0,8508
16.267996624018092,5,3.0,0
16.268399629908103,9,3.0,8030
16.268448570819743,13,1.0,-4914
16.2691129088457,6,3.0,8401
16.26917871986461,14,1.0,-4838
16.26948924162628,7,4.0,7217
16.26951151653901,15,5.0,-2860
16.269678919330833,6,1.0,8617
16.269807666191078,14,1.0,-5182
16.27136593137287,17,3.0,-200
16.27191984216664,7,2.0,5405
16.273164961090824,9,1.0,8154
16.274435589736598,16,37.0,5429
16.27529257068264,13,1.0,-4970
16.276012238837527,14,5.0,-4790
16.2770537767359,1,5.0,8640
16.277784676260026,17,2.0,-2186
16.279027338685832,5,1.0,0
16.279569824358582,1,3.0,8641
16.279921077024987,1,2.0,8642
16.280010571620316,13,2.0,-4730
16.280010571620316,17,2.0,-4730
16.28004016636033,14,4.0,-4819
16.280208290740525,7,12.0,7658
16.28042591758603,14,6.0,-4807
16.28153843814691,7,1.0,8192
16.281956729923923,13,2.0,-4935
16.28216417298522,17,1.0,-2011
16.282191398321693,7,3.0,8080
16.282264199817817,13,1.0,-4855
16.28295061426643,1,1.0,8643
16.282967001140193,17,1.0,-3063
16.283779446141732,8,2.0,6146
16.284196426492148,15,1.0,-2775
16.284196426492148,17,1.0,-2775
16.284698082120972,6,6.0,8588
16.2849882736616,17,8.0,-915
16.285737724933536,1,7.0,8644
16.28697330337475,17,2.0,-3130
16.287577616871342,9,3.0,8070
16.28857381000107,17,2.0,-2892
16.289366459050196,14,7.0,-4723
16.290595195221428,6,12.0,8479
16.290730198075043,7,2.0,7993
16.290782202670577,14,2.0,-5083
16.291048468923748,5,3.0,0
16.291990618226592,13,5.0,-5002
16.292033629028225,14,1.0,-4793
16.292278218221067,17,1.0,-1164
16.29234826662759,5,2.0,0
16.292640021486942,13,3.0,-5077
16.292640021486942,17,3.0,-5077
16.29285832743424,1,3.0,8645
16.29463435655801,6,3.0,7773
16.295619322090452,5,3.0,0
16.295642527125427,8,4.0,8389
16.296370713454046,14,5.0,-4963
16.296542715350682,113,58.0,-4861
16.29691433373259,13,2.0,-4768
16.300360785377865,5,8.0,0
16.301561284587265,17,16.0,-2247
16.30159595988953,17,1.0,-3690
16.301827067958044,17,7.0,-953
16.301921932778015,6,1.0,8090
16.303442029115207,14,4.0,-4850
16.30382212095256,5,5.0,0
16.30429011864174,17,4.0,-1605
16.305134796703587,14,9.0,-4898
16.305804574104364,17,2.0,-4437
16.30631496549197,3,36.0,8646
16.306805793608326,10,38.0,8493
16.307081711287765,16,5.0,5708
16.311177702589895,5,3.0,0
16.311661577951593,6,5.0,8125
16.311798208873178,13,1.0,-4818
16.31200280379937,1,3.0,8647
16.312148851532335,13,5.0,-5030
16.31243898858338,5,2.0,0
16.31339222961057,13,2.0,-4758
16.31363790231568,6,3.0,8636
16.313722633983627,6,10.0,8589
16.314826615541023,13,1.0,-5072
16.315825061088123,14,1.0,-5075
16.315845503598815,14,7.0,-5198
16.31674783398951,14,4.0,-4811
16.317047698584467,5,3.0,0
16.31733734776956,13,4.0,-4744
16.317413665681247,17,5.0,-610
16.31749415431402,13,22.0,-5079
16.31789163028073,1,1.0,8648
16.31794756706829,9,6.0,7831
16.318203203406892,13,2.0,-5055
16.318227860715503,17,5.0,-337
16.318906524315985,5,1.0,0
16.31894677984961,17,2.0,-1781
16.319126792901983,17,5.0,-1358
16.31941386072054,16,2.0,3636
16.319818963828595,7,4.0,8146
16.320111182769534,5,1.0,0
16.320243967893813,7,2.0,4450
16.32064430046878,14,4.0,-5022
16.320930240146076,16,5.0,3921
16.32123475610546,1,1.0,8649
16.322139670232104,5,10.0,0
16.322868441443646,16,4.0,6910
16.3228750481317,14,12.0,-5049
16.32295216835987,16,54.0,2939
16.323260499792642,13,1.0,-4928
16.3252161115577,13,2.0,-4733
16.32771192036128,6,2.0,8567
16.327891040560317,11,5.0,7987
16.328615406768662,13,3.0,-5146
16.328615406768662,17,3.0,-5146
16.32862066287371,6,1.0,8437
16.329932927721995,5,2.0,0
16.33007000017291,12,4.0,8562
16.33030623821549,16,1.0,1167
16.33071915676827,7,5.0,8060
16.330813931366627,7,9.0,6908
16.331193748170662,7,5.0,8200
16.331990332428123,5,3.0,0
16.3320613219562,14,1.0,-5121
16.3320613219562,17,1.0,-5121
16.334638914243865,5,1.0,0
16.334868667014142,17,1.0,-4169
16.335879555823432,7,2.0,8016
16.335879555823432,16,2.0,8016
16.336139038507568,14,8.0,-5090
16.33620775194785,5,6.0,0
16.33625695627589,14,1.0,-5073
16.336359128199444,7,4.0,4075
16.338698066196393,16,2.0,2937
16.33881813615217,17,6.0,-658
16.339460663770083,13,2.0,-4993
16.339460663770083,17,2.0,-4993
16.340771310916185,13,2.0,-5229
16.341706231824503,8,48.0,8108
16.342790695983307,17,1.0,-3909
16.343480238490635,17,3.0,-1070
16.343941124974126,5,3.0,0
16.34504320677742,13,1.0,-4735
16.34517570635712,17,4.0,-2203
16.347275268224855,5,2.0,0
16.348926178241825,13,1.0,-4947
16.34934838325204,7,1.0,7502
16.350237608334062,5,3.0,0
16.35179174786703,14,6.0,-4900
16.35179174786703,17,6.0,-4900
16.351836888403508,6,2.0,8637
16.35293372119759,1,2.0,8650
16.35407665471372,14,1.0,-5101
16.354868235261947,14,3.0,-5169
16.355094704311195,6,1.0,8416
16.35659655189359,6,7.0,8417
16.356726709392998,13,1.0,-4810
16.357184746245558,13,1.0,-4950
16.357645728235617,13,2.0,-5106
16.357768529132347,13,5.0,-5129
16.358315797694324,7,6.0,8451
16.35895082524838,9,2.0,7866
16.359972253059553,6,1.0,8150
16.3610049329393,14,4.0,-4751
16.36168020829205,13,1.0,-5230
16.361751397782935,14,2.0,-4888
16.36179859137876,17,4.0,-3163
16.363236569398598,1,5.0,8651
16.36365803752571,4,3.0,8652
16.36505998047403,5,3.0,0
16.365708418500695,17,4.0,-1706
16.365738103467134,13,1.0,-4783
16.367855561004475,17,27.0,-2269
16.367941669874966,16,5.0,3614
16.36928457845997,13,2.0,-4918
16.36928457845997,17,2.0,-4918
16.371154463847937,14,2.0,-5085
16.371154463847937,17,2.0,-5085
16.37308987455176,7,7.0,7519
16.37350930501574,16,6.0,2958
16.37371533165861,13,1.0,-4813
16.375221886169214,113,34.0,-4720
16.37663770941787,6,6.0,8425
16.377334750700875,17,8.0,-2290
16.3793654375537,17,1.0,-2658
16.380120394409023,5,2.0,0
16.380455511033826,7,3.0,8420
16.381234632427603,11,6.0,7461
16.381572284064532,14,4.0,-5210
16.381731402365205,17,1.0,-2316
16.382165563768748,17,1.0,-1486
16.382593530322794,17,2.0,-1602
16.382955057127656,5,1.0,0
16.38300895634575,14,9.0,-4776
16.384075213209645,13,1.0,-4939
16.384075213209645,17,1.0,-4939
16.384240689160105,5,3.0,0
16.38425222547541,7,2.0,8452
16.385695006419706,8,1.0,8331
16.386590676162808,9,3.0,7556
16.386990987451313,15,2.0,-2319
16.387413570441222,7,2.0,7847
16.387593672345044,15,3.0,-3017
16.389656931217612,5,4.0,0
16.390133197077013,13,1.0,-4805
16.390133197077013,17,1.0,-4805
16.39022763541333,1,3.0,8653
16.390312691730767,16,5.0,3282
16.390570846675917,7,5.0,8265
16.391980586393807,5,2.0,0
16.393927785982378,14,1.0,-5007
16.393932356597,16,12.0,3592
16.394364080292785,5,5.0,0
16.39476160483406,6,5.0,8640
16.394779639848775,10,8.0,8604
16.39524224941946,9,1.0,7135
16.395905514752815,13,6.0,-5231
16.396206553452405,17,2.0,-3849
16.39633026575676,14,2.0,-4746
16.39705683773809,7,25.0,7447
16.397254591663987,15,3.0,-2376
16.397327526965444,13,2.0,-4721
16.397390090086663,4,13.0,8654
16.398423465721706,17,2.0,-950
16.39977587151171,13,1.0,-4858
16.39977587151171,17,1.0,-4858
16.40134779139334,5,5.0,0
16.40143567519513,9,3.0,8127
16.40147058029766,5,3.0,0
16.403999254008,17,2.0,-3592
16.404090643576435,9,3.0,8268
16.404331329716136,5,2.0,0
16.406302539174597,6,7.0,8644
16.40665597563423,7,8.0,5983
16.408140317155762,16,4.0,7251
16.408538616140618,17,1.0,-3587
16.409208220527063,7,5.0,8497
16.409662909550104,7,1.0,8076
16.410671490350836,5,1.0,0
16.41159349634119,5,2.0,0
16.412443881375584,6,5.0,8539
16.41312697666315,9,2.0,8324
16.413362961859985,13,1.0,-4853
16.413362961859985,17,1.0,-4853
16.415226878221073,13,2.0,-4738
16.415997538391764,9,9.0,7505
16.416115559645114,14,4.0,-4741
16.416159350049828,1,6.0,8655
16.416302193207116,17,1.0,-2434
16.416310336417848,14,20.0,-5187
16.416440704988712,5,11.0,0
16.416858224145223,13,1.0,-5059
16.417032756307854,13,5.0,-4913
16.417902821481896,7,5.0,8478
16.419130722549305,14,2.0,-5040
16.419161508999743,5,2.0,0
16.419165793487412,5,4.0,0
16.419215311664253,7,4.0,8407
16.420068754004497,16,10.0,4434
16.42370465665811,9,3.0,7840
16.4243160072211,6,20.0,8635
16.424617249706287,13,1.0,-5105
16.425455533659015,13,2.0,-4740
16.425641972128442,13,1.0,-5091
16.425641972128442,17,1.0,-5091
16.426480077250684,13,2.0,-5171
16.42659277490465,13,1.0,-5000
16.426767400595722,6,3.0,8609
16.426942915329406,5,1.0,0
16.426993765751433,17,1.0,-278
16.427219465481762,16,2.0,3389
16.4279200516725,16,46.0,5204
16.428621054740795,13,1.0,-5089
16.429015593696864,13,1.0,-5200
16.429187973255278,5,6.0,0
16.430120463434427,13,2.0,-5109
16.430120463434427,17,2.0,-5109
16.430466864901994,13,2.0,-4843
16.430978803006752,13,2.0,-5205
16.430978803006752,17,2.0,-5205
16.431500511928725,17,3.0,-2905
16.432318852056344,5,2.0,0
16.43502451842389,15,6.0,-2730
16.435037322850174,13,1.0,-4933
16.435037322850174,17,1.0,-4933
16.437379194000755,6,2.0,7678
16.43863633602299,5,1.0,0
16.438754803104278,7,10.0,8143
16.439180947996803,5,7.0,0
16.439316157419796,13,3.0,-4881
16.43964137312224,5,4.0,0
16.43983804219749,14,2.0,-5174
16.43983804219749,17,2.0,-5174
16.440057345961744,5,2.0,0
16.44023287741864,7,2.0,8523
16.440352596849436,13,3.0,-5158
16.440908372139717,16,1.0,1392
16.444853389549,15,1.0,-2707
16.445287724173852,14,2.0,-4747
16.445398457041364,17,2.0,-831
16.445551497068045,5,30.0,0
16.445672829453947,4,5.0,8656
16.44574075649156,1,8.0,8657
16.44789716999247,14,3.0,-5209
16.44789716999247,17,3.0,-5209
16.44804980100582,5,15.0,0
16.4487846397435,17,5.0,-2432
16.449311329520505,13,4.0,-5060
16.449311329520505,17,4.0,-5060
16.449814540098803,7,5.0,8274
16.449904134997112,14,19.0,-5185
16.449993822799588,7,1.0,8316
16.450316673847603,17,3.0,-2959
16.450484362239255,17,40.0,-1401
16.450629519663202,7,2.0,8260
16.450742945029226,17,4.0,-2229
16.451197782189666,13,9.0,-5047
16.451197782189666,17,9.0,-5047
16.451335119887084,14,2.0,-4880
16.45263346059533,16,1.0,7303
16.452752217380926,13,1.0,-5115
16.452752217380926,17,1.0,-5115
16.454275661887937,14,1.0,-4925
16.454512744086387,6,8.0,8504
16.45535120571121,14,2.0,-5093
16.4559280232806,5,1.0,0
16.456476179351228,17,6.0,-2321
16.456754898595868,16,1.0,3779
16.459257001380937,8,5.0,8466
16.45987639358684,5,8.0,0
16.460067080774305,16,16.0,2333
16.46045583531852,6,4.0,8578
16.460628315414464,13,2.0,-4724
16.460741175668467,17,8.0,-4586
16.460799796143714,5,1.0,0
16.461222546292806,7,9.0,5439
16.462113467641355,7,2.0,8038
16.462245834227705,13,2.0,-4972
16.46424120448204,15,2.0,-2114
16.464250679156834,10,60.0,8612
16.464770615513142,5,5.0,0
16.466420831132893,5,4.0,0
16.467930038926283,5,2.0,0
16.467979401504333,13,6.0,-5173
16.468380109591415,13,1.0,-4875
16.468380109591415,17,1.0,-4875
16.47130339010763,13,20.0,-5032
16.47210242014103,5,2.0,0
16.472201615754773,5,3.0,0
16.47239727986138,5,1.0,0
16.472485661546063,13,1.0,-5015
16.47276506804276,13,7.0,-4876
16.47276506804276,17,7.0,-4876
16.473204149293238,17,1.0,-1053
16.474500221729336,17,7.0,-1960
16.476183599297244,17,1.0,-1563
16.476574231258798,13,1.0,-4844
16.476768060460422,5,3.0,0
16.47785230674465,15,1.0,-2342
16.47816180941044,5,1.0,0
16.478253044344285,10,13.0,8623
16.47852393539594,17,1.0,-2686
16.478867926873704,13,1.0,-5196
16.478867926873704,17,1.0,-5196
16.47931185112773,6,2.0,8516
16.47999744841753,1,9.0,8658
16.481588020207052,5,8.0,0
16.481803544680034,5,3.0,0
16.48184178766692,9,2.0,8388
16.482676921958284,5,4.0,0
16.483228521146014,7,6.0,4978
16.484629693742722,13,1.0,-4782
16.484694703267316,16,33.0,342
16.4858507117494,17,1.0,-2749
16.485967798539445,13,2.0,-4978
16.486820400315622,1,3.0,8659
16.487814914671624,14,1.0,-4817
16.487814914671624,17,1.0,-4817
16.48803587980627,1,2.0,8660
16.4885854758557,13,3.0,-4860
16.4885854758557,17,3.0,-4860
16.489316681961984,13,2.0,-5227
16.489316681961984,17,2.0,-5227
16.49069408724816,14,1.0,-4879
16.49074651607727,13,5.0,-4761
16.491443001704514,9,2.0,8311
16.491676992744566,1,10.0,8661
16.492192082031323,16,3.0,2314
16.492597142170272,7,1.0,8317
16.49291346781388,7,2.0,8056
16.49291346781388,16,2.0,8056
16.493630194470718,7,9.0,7529
16.493875672829617,1,4.0,8662
16.493946397378604,17,1.0,-708
16.493998624194496,14,4.0,-4906
16.494052819969006,14,1.0,-4892
16.494052819969006,17,1.0,-4892
16.494500395794187,13,11.0,-5036
16.494500395794187,17,11.0,-5036
16.494628296139584,13,4.0,-5021
16.49474947472792,17,1.0,-943
16.49577807726902,15,3.0,-2272
16.496214555007874,7,11.0,8132
16.497924336722573,7,5.0,8120
16.49798371702648,17,2.0,-1348
16.49839351270047,17,1.0,-1525
16.498393613464252,17,26.0,-4489
16.49867052023516,7,4.0,7980
16.49929115388526,3,18.0,8663
16.499706122766938,1,4.0,8664
16.499855313739182,13,2.0,-5135
16.50122355319068,15,1.0,-2660
16.501795906711223,6,3.0,8596
16.50375260830305,6,3.0,8625
16.504534812295862,13,2.0,-5068
16.504537510578903,7,8.0,8422
16.50537531775403,14,1.0,-5096
16.506437623138503,5,52.0,0
16.50660269700488,16,18.0,313
16.506904680367747,9,3.0,7573
16.507082989746355,13,6.0,-5197
16.507082989746355,17,6.0,-5197
16.50838922034708,5,3.0,0
16.511700442402034,14,1.0,-4828
16.511700442402034,17,1.0,-4828
16.512501356190338,15,3.0,-2729
16.512907346287733,7,4.0,8591
16.512952042117163,16,2.0,2566
16.513258613893623,13,3.0,-4874
16.515794446304334,5,1.0,0
16.516080916093138,13,4.0,-4996
16.516136161165033,5,1.0,0
16.51760123922829,17,2.0,-659
16.51827826917342,13,1.0,-5195
16.51865230474774,17,1.0,-525
16.519476364016562,13,2.0,-4992
16.519647685240365,7,12.0,7382
16.5208749146764,5,6.0,0
16.522451650532442,13,1.0,-5147
16.522489821259057,5,1.0,0
16.52325899981036,8,5.0,8321
16.52374354421187,6,2.0,8565
16.524551144936005,7,2.0,7671
16.52478543626135,7,2.0,6372
16.525295719742843,6,2.0,8065
16.52529918594519,1,24.0,8665
16.525393593441137,13,1.0,-4887
16.52588786125374,5,2.0,0
16.52625710553339,13,1.0,-4932
16.52634776655991,17,3.0,-4138
16.526502593824034,5,10.0,0
16.527387828227535,13,4.0,-4717
16.529053265731804,16,3.0,1596
16.529205967321772,17,2.0,-841
16.530416617895323,13,5.0,-4814
16.531403612829177,5,3.0,0
16.531942257603518,14,3.0,-4787
16.53233551560524,14,2.0,-5045
16.53272829806558,11,6.0,8520
16.53281383155193,7,9.0,6940
16.533687930877363,14,1.0,-4981
16.533747953719363,13,3.0,-4719
16.53621124601804,17,9.0,-1004
16.536496054759905,13,2.0,-4915
16.53710167948607,7,1.0,7823
16.53713083090518,14,2.0,-4908
16.537817441063034,17,2.0,-2124
16.5379147233418,13,2.0,-4757
16.537985279186397,7,4.0,7833
16.53918491408212,7,2.0,8223
16.539664542570737,5,3.0,0
16.539679432604963,17,1.0,-2936
16.54225351059941,17,3.0,-4486
16.5422910488506,13,1.0,-4869
16.54229308713612,13,2.0,-4903
16.542319054134087,13,50.0,-4753
16.542319054134087,17,50.0,-4753
16.542560853125728,15,7.0,-2424
16.54268507689528,5,1.0,0
16.54284465008756,9,1.0,8118
16.54495523795253,5,2.0,0
16.54581059208195,17,15.0,-4667
16.54583495743442,13,2.0,-5148
16.54583495743442,17,2.0,-5148
16.546112830771325,16,1.0,5997
16.546186449832934,5,2.0,0
16.54633987791887,13,1.0,-4846
16.546516882665397,8,5.0,8517
16.548041325799055,14,4.0,-5152
16.549300857914307,14,6.0,-4976
16.549300857914307,17,6.0,-4976
16.551031839004825,7,3.0,7861
16.5512532684105,113,40.0,-4795
16.552591664981357,16,5.0,7765
16.552597279348227,16,2.0,2985
16.552821922476117,6,2.0,8572
16.55321965897634,13,2.0,-5168
16.55362908541749,16,52.0,3238
16.55381951858601,14,8.0,-5113
16.55381951858601,17,8.0,-5113
16.553892748985927,14,4.0,-4924
16.554361430706056,17,4.0,-2106
16.55500040878273,7,2.0,8304
16.556397005891746,17,4.0,-4075
16.55665544799835,5,2.0,0
16.557194000762127,8,1.0,8577
16.55739238979356,7,3.0,8527
16.55980606750827,8,3.0,8401
16.560060079667878,4,1.0,8666
16.560155681928265,7,8.0,8091
16.560666578395715,5,4.0,0
16.560813414941062,5,1.0,0
16.560885842061477,13,1.0,-4911
16.56242210780653,13,1.0,-5116
16.563977240111537,14,1.0,-5062
16.56449957899329,7,3.0,8363
16.56595172504632,7,3.0,7241
16.56785019054142,5,26.0,0
16.568426487557087,17,2.0,-28
16.56893738673542,16,3.0,4011
16.570105139737343,9,1.0,7939
16.57029995712292,6,10.0,8601
16.570379175976527,6,3.0,8548
16.570964243250323,13,3.0,-4961
16.57319839537251,14,2.0,-4845
16.574296160846966,13,7.0,-4716
16.574825591653216,14,1.0,-5027
16.57582900241135,17,2.0,-1739
16.57631546222298,13,1.0,-5018
16.57657049174201,13,5.0,-4899
16.577237380029153,17,4.0,-326
16.57835368470285,13,2.0,-4979
16.57859121124256,5,1.0,0
16.57876239408245,13,1.0,-4760
16.57876239408245,17,1.0,-4760
16.57910604920448,6,42.0,8620
16.579462343877463,13,1.0,-5080
16.57968557710921,17,4.0,-1373
16.58027588361517,7,3.0,6743
16.580438842523254,7,6.0,7820
16.58098806553564,9,6.0,7589
16.581026704038592,5,6.0,0
16.581255393033018,15,9.0,-2125
16.581857863494314,7,10.0,8288
16.582739284732252,14,5.0,-4754
16.58299900555205,13,2.0,-5119
16.583154629562458,14,4.0,-5111
16.583308014841798,17,2.0,-4343
16.583691529011194,5,5.0,0
16.58404013022871,5,4.0,0
16.58418080989965,17,1.0,-843
16.584524974506646,5,3.0,0
16.58496068413865,13,2.0,-4895
16.585295851812845,13,1.0,-4949
16.585295851812845,17,1.0,-4949
16.58588256888801,17,2.0,-136
16.586401330704888,6,3.0,8647
16.586767293269663,17,1.0,-1901
16.586846390872267,7,1.0,8390
16.58707015769355,14,4.0,-5029
16.587415797481643,5,3.0,0
16.588904444477162,13,2.0,-4926
16.5892463357191,17,2.0,-1130
16.590149257239037,13,2.0,-5190
16.590371271609236,17,3.0,-942
16.590393510801714,5,2.0,0
16.59058339873851,17,2.0,-3036
16.591151720458065,6,3.0,8554
16.592775116277622,16,1.0,7031
16.594682393789792,7,5.0,8326
16.59482686756466,5,2.0,0
16.595056166851965,1,2.0,8667
16.59514636640221,11,34.0,8379
16.596722131224915,7,2.0,8259
16.597742836345184,6,13.0,8630
16.598482051455957,9,4.0,5131
16.599058334018082,7,1.0,8173
16.599479677342295,6,4.0,8615
16.60028380974477,14,2.0,-5020
16.600962560010586,10,18.0,8663
16.601489263606517,13,1.0,-4872
16.60158787903311,5,16.0,0
16.6021463334654,1,5.0,8668
16.602194492920205,9,34.0,6464
16.602832029347695,5,2.0,0
16.603818960257723,17,5.0,-3937
16.604186282192416,5,1.0,0
16.604410044565967,14,7.0,-5160
16.604410044565967,17,7.0,-5160
16.606437986745167,6,3.0,8659
16.607136766682824,10,50.0,8512
16.60727175924797,13,1.0,-4728
16.607494291915334,5,9.0,0
16.607728551500827,13,1.0,-4865
16.607728551500827,17,1.0,-4865
16.609525277689915,8,3.0,8096
16.609530084885453,8,2.0,8171
16.61071048668316,13,1.0,-4854
16.6112494665565,16,5.0,5283
16.611914791771937,17,1.0,-3000
16.61281944645259,16,1.0,6606
16.613220190877136,15,3.0,-2177
16.613408074297745,15,5.0,-2515
16.61441212494253,15,7.0,-2781
16.614550419347424,17,2.0,-741
16.614720585403276,13,2.0,-4755
16.614720585403276,17,2.0,-4755
16.614936674174444,5,3.0,0
16.615283288256315,8,7.0,8417
16.615521722127156,14,3.0,-5041
16.616553934018377,1,2.0,8669
16.618459024629683,13,2.0,-4955
16.61898781673119,17,1.0,-4432
16.61972161492228,13,1.0,-4931
16.61989925220626,14,4.0,-5088
16.622495127471133,1,1.0,8670
16.623186962543013,5,6.0,0
16.62374689042658,5,6.0,0
16.623903886993716,17,2.0,-2792
16.62396679760491,13,1.0,-4801
16.624598822305877,5,5.0,0
16.625103483663764,10,2.0,8547
16.626885818213356,5,6.0,0
16.627548252999205,16,44.0,4709
16.627578354131572,16,5.0,220
16.62769463999889,5,5.0,0
16.628287428868735,11,21.0,7962
16.628599633376208,10,3.0,8652
16.628758791125406,14,1.0,-5226
16.62919700341649,14,3.0,-4804
16.629265282671597,17,1.0,-4600
16.6315563639277,9,8.0,8138
16.632194527096004,5,3.0,0
16.63294231090263,5,9.0,0
16.633568658623965,13,1.0,-5005
16.63363887514072,16,24.0,4122
16.6339601388348,17,1.0,-1973
16.63456869201471,6,1.0,7528
16.634729981227718,6,1.0,8332
16.634836094796288,13,3.0,-5104
16.635593670704218,14,2.0,-5155
16.635602473483438,9,2.0,8376
16.636168814576294,17,1.0,-415
16.636805469306857,17,4.0,-1882
16.63838579832274,5,5.0,0
16.639187174186247,14,1.0,-4984
16.640416441907448,15,1.0,-2358
16.640585766232725,6,3.0,8653
16.640732840726812,13,2.0,-5054
16.640732840726812,17,2.0,-5054
16.641022557305917,9,2.0,6146
16.64161851853332,17,5.0,-1201
16.641838798710452,15,6.0,-2766
16.64198651599901,14,3.0,-4779
16.642562257395692,7,6.0,8511
16.64462630408018,14,15.0,-5172
16.64473676966613,14,1.0,-4800
16.64544538015917,5,6.0,0
16.645789730140933,8,3.0,4974
16.64701730848204,13,1.0,-5016
16.647117922090658,1,1.0,8671
16.64722303921106,5,2.0,0
16.64753377770167,13,2.0,-4884
16.649408310081718,17,3.0,-1262
16.651343202394255,1,3.0,8672
16.651439836938348,5,2.0,0
16.651971011829076,17,11.0,-4167
16.652992447992382,1,5.0,8673
16.655290990277706,16,46.0,4885
16.65539709665689,5,1.0,0
16.657212163612062,13,13.0,-5033
16.659275653717938,13,2.0,-5202
16.659275653717938,17,2.0,-5202
16.661271114000595,17,7.0,-2345
16.66182002360959,14,3.0,-5061
16.662256861851375,15,6.0,-2298
16.663800874736705,5,3.0,0
16.664193719618385,13,1.0,-5151
16.665106496021608,13,1.0,-4808
16.666086373355302,13,2.0,-4997
16.666086373355302,17,2.0,-4997
16.666394074825703,17,4.0,-3901
16.666541528179057,4,1.0,8674
16.66775412446931,9,4.0,8426
16.66901046364113,16,6.0,3037
16.669314041661032,7,34.0,6463
16.669369446426565,17,3.0,-857
16.67102420229505,16,2.0,771
16.671491087834596,13,1.0,-4780
16.671515540341094,15,4.0,-2589
16.672438734895728,17,5.0,-1056
16.673858347359676,5,14.0,0
16.674329452308587,14,2.0,-4905
16.674810753451506,5,2.0,0
16.67515894016415,13,3.0,-5193
16.675431456472694,14,4.0,-5179
16.675431456472694,17,4.0,-5179
16.67575852617262,5,7.0,0
16.676492432879435,17,2.0,-802
16.67674580315419,13,3.0,-4816
16.677618311550507,8,3.0,6258
16.677911707912887,13,2.0,-4896
16.677911707912887,17,2.0,-4896
16.67805390305262,13,1.0,-5217
16.678193292227306,17,2.0,-19
16.6787301392464,13,4.0,-5042
16.678737293961152,13,1.0,-5134
16.679786075476184,14,5.0,-4944
16.680360026050813,11,16.0,8103
16.680905583209427,1,4.0,8675
16.68292475277763,7,7.0,8529
16.683309348236996,14,1.0,-4773
16.684941120403728,13,2.0,-4823
16.684941120403728,17,2.0,-4823
16.685104650990045,17,6.0,-3117
16.687495250069812,6,4.0,8618
16.689000420144588,5,2.0,0
16.690064758775854,13,1.0,-5194
16.69017149997141,13,57.0,-5019
16.69017149997141,17,57.0,-5019
16.690557712985495,13,2.0,-5139
16.690796121740977,13,1.0,-4967
16.69149377986319,7,9.0,8356
16.692161834155886,14,1.0,-5118
16.69268251812055,13,1.0,-4781
16.693508197716234,5,2.0,0
16.69362318607768,14,2.0,-4797
16.694089664306503,7,2.0,7737
16.694979434638867,16,1.0,6745
16.69660177255549,5,4.0,0
16.697279867253098,13,1.0,-4995
16.697279867253098,17,1.0,-4995
16.697951174739508,5,7.0,0
16.697990613212703,13,1.0,-5063
16.697990613212703,17,1.0,-5063
16.699156887801685,5,4.0,0
16.69968355957909,16,1.0,85
16.69992767538835,13,1.0,-5215
16.700112273811236,9,1.0,8075
16.700324376264604,16,2.0,4918
16.701175015089415,7,1.0,8122
16.70136676490777,15,2.0,-2476
16.702071133532165,13,3.0,-4784
16.703156922305045,5,2.0,0
16.703177777891394,14,39.0,-4734
16.703817997044336,14,1.0,-5117
16.70402929186118,13,2.0,-4725
16.705305362336322,10,2.0,8492
16.706319518612574,6,2.0,8627
16.70687741557725,7,1.0,8460
16.70739745590664,13,2.0,-4792
16.708427550464403,13,3.0,-5039
16.709169027468164,13,4.0,-4835
16.709169027468164,17,4.0,-4835
16.70950837005654,13,3.0,-5095
16.70958034455206,11,33.0,8212
16.712521850286112,6,1.0,8448
16.71271130772848,13,2.0,-4722
16.71271130772848,17,2.0,-4722
16.7127851904369,13,4.0,-4878
16.7127851904369,17,4.0,-4878
16.71348084184433,13,7.0,-5161
16.71372982236235,13,2.0,-4796
16.71372982236235,17,2.0,-4796
16.714131475102175,13,4.0,-5159
16.714414806956487,3,5.0,8676
16.715905575681152,13,2.0,-5103
16.716263962101536,14,2.0,-4752
16.716773802792112,113,58.0,-5214
16.716844943282236,13,2.0,-5167
16.718466400104887,5,20.0,0
16.719884305444328,13,3.0,-4889
16.721247211391688,17,2.0,-3548
16.72170723382234,17,8.0,-3977
16.722795940710636,15,1.0,-2694
16.722841428438638,13,1.0,-5175
16.723856147477388,7,2.0,6525
16.724011813586387,13,2.0,-4736
16.724011813586387,17,2.0,-4736
16.72425505956627,13,1.0,-5203
16.72425505956627,17,1.0,-5203
16.724737592494776,17,1.0,-4609
16.724883425541524,17,3.0,-4242
16.72659416301465,5,4.0,0
16.72667673015439,15,4.0,-2688
16.72685118601994,5,3.0,0
16.7282596488332,13,1.0,-5044
16.7282596488332,17,1.0,-5044
16.728616371932816,5,1.0,0
16.72882801566924,5,1.0,0
16.728860968396717,5,1.0,0
16.728935883301205,13,4.0,-4885
16.72896173120603,5,6.0,0
16.729280597595753,17,9.0,-3004
16.729777942740917,5,1.0,0
16.72990442723475,14,2.0,-4909
16.730010149256593,13,2.0,-5009
16.730280699605817,13,4.0,-5057
16.730288067710994,9,5.0,8517
16.73094074086176,7,1.0,8342
16.731760646119966,5,4.0,0
16.731854239882466,16,2.0,772
16.732810304483017,5,2.0,0
16.735216808173316,5,4.0,0
16.736097235130643,9,39.0,4926
16.737210490264847,1,2.0,8677
16.737600693873382,15,1.0,-3072
16.738227892975672,5,7.0,0
16.738465228984804,5,4.0,0
16.739063517688674,5,8.0,0
16.73920377255924,14,2.0,-4985
16.742965343983887,9,1.0,7927
16.7434535954503,1,5.0,8678
16.743552020276766,6,2.0,8650
16.743675869005475,13,2.0,-5081
16.74376382606076,14,2.0,-5094
16.744080892452263,5,12.0,0
16.744223747969226,17,4.0,-777
16.745365880552832,1,7.0,8679
16.74635400222151,13,2.0,-5076
16.746587610882393,17,1.0,-4116
16.746915024589804,5,4.0,0
16.747597323016922,5,10.0,0
16.748268442725088,14,5.0,-5130
16.74856913042896,9,1.0,8313
16.748669163436396,13,3.0,-5156
16.749840217011677,1,2.0,8680
16.749854794324968,5,1.0,0
16.750330394677146,14,4.0,-4991
16.750330394677146,17,4.0,-4991
16.752709035224914,6,8.0,8464
16.752722867790062,17,1.0,-2397
16.75325586023151,7,1.0,8287
16.75362881528786,9,5.0,8024
16.753970200802023,6,8.0,8202
16.754391824858452,3,5.0,8681
16.754745678381752,5,2.0,0
16.755818653687864,13,6.0,-5166
16.75693223545595,5,4.0,0
16.75753266870503,13,5.0,-5212
16.75799157240644,5,2.0,0
16.75807877881563,13,1.0,-4849
16.759792515735047,17,1.0,-393
16.759825470521776,5,13.0,0
16.760245572199103,8,6.0,8236
16.76279737822066,13,1.0,-4964
16.763180977576866,14,5.0,-5133
16.763418908373986,13,1.0,-5102
16.76449827640473,13,37.0,-4960
16.76476164912439,5,11.0,0
16.764776856559827,15,22.0,-2848
16.764986849563854,13,2.0,-4859
16.765983518164617,17,2.0,-2864
16.766009744720556,1,3.0,8682
16.76848552454446,13,1.0,-4737
16.76848552454446,17,1.0,-4737
16.768564615066463,15,1.0,-2681
16.76857917313643,14,5.0,-4974
16.768627953479275,17,2.0,-4017
16.768753491479046,7,5.0,8381
16.769028326537512,5,2.0,0
16.769492263131905,5,2.0,0
16.769640408871034,13,1.0,-4856
16.771670192409868,14,1.0,-5092
16.771670192409868,17,1.0,-5092
16.772915390085746,7,3.0,8444
16.773088909657638,13,2.0,-4714
16.775444275296017,11,1.0,8397
16.776921793751356,17,2.0,-1157
16.777317974294682,15,1.0,-2152
16.777554209617342,13,1.0,-4766
16.77904115075313,13,1.0,-4839
16.779425830238324,13,1.0,-5140
16.779425830238324,17,1.0,-5140
16.77979708752371,5,3.0,0
16.780723029650858,7,1.0,8569
16.780827303086923,5,3.0,0
16.781252115563856,6,9.0,8535
16.781901975223338,13,4.0,-5221
16.78288023938392,6,5.0,8477
16.783264790497995,13,9.0,-5008
16.783264790497995,17,9.0,-5008
16.78334370050491,7,1.0,8559
16.784461604822074,5,12.0,0
16.78470427806097,12,2.0,8473
16.785560355863772,14,3.0,-4982
16.786132911689066,17,1.0,-4507
16.78802564923595,14,1.0,-4788
16.789867921379194,5,1.0,0
16.790809291695467,17,1.0,-2756
16.792115916514238,13,2.0,-5026
16.793195959793362,13,9.0,-4820
16.793291153543997,7,11.0,8254
16.793448940114033,7,1.0,6434
16.795324788020903,14,4.0,-4877
16.795324788020903,17,4.0,-4877
16.79675926617829,13,4.0,-4930
16.79700986073757,14,9.0,-4841
16.797631715368055,11,2.0,8564
16.797815700658703,16,7.0,1691
16.79809390431148,5,2.0,0
16.798330297671654,13,3.0,-4794
16.79969588082738,10,1.0,8674
16.79976923438041,17,6.0,-362
16.800151996967568,13,8.0,-4815
16.800151996967568,17,8.0,-4815
16.80016458191733,7,2.0,8412
16.800984586870488,13,2.0,-5003
16.803066541956895,7,1.0,8242
16.80540348744004,13,1.0,-4910
16.808379362178204,13,3.0,-4824
16.808592855229733,13,2.0,-5154
16.809049122064454,1,1.0,8683
16.80950474276694,13,4.0,-5165
16.80960000371173,5,3.0,0
16.810563734933893,13,1.0,-5177
16.81250693869993,17,1.0,-1009
16.813722961979714,5,3.0,0
16.814929808846095,5,1.0,0
16.814944698261602,7,43.0,3604
16.815062947973946,13,1.0,-4948
16.815995430656997,6,2.0,8450
16.81600946054715,7,2.0,8431
16.816179575398362,14,2.0,-5204
16.81678368233272,13,2.0,-4762
16.817805067244265,1,8.0,8684
16.81863435601776,15,4.0,-2330
16.81915991142917,13,2.0,-5162
16.81915991142917,17,2.0,-5162
16.819272666691415,13,10.0,-4968
16.819476325219792,5,3.0,0
16.82026305507746,14,25.0,-4732
16.82026305507746,17,25.0,-4732
16.82074610848998,5,1.0,0
16.820884319140625,5,6.0,0
16.821136575303452,5,1.0,0
16.822483501258553,113,45.0,-4866
16.82288927539744,13,2.0,-5149
16.823101391464963,5,1.0,0
16.82369005805375,17,2.0,-819
16.824073339136284,5,15.0,0
16.824413204784307,1,2.0,8685
16.8245279795301,8,10.0,8468
16.82549016480204,11,2.0,8012
16.825828300068604,7,8.0,8439
16.82682649745699,17,1.0,-2254
16.82687328180403,14,31.0,-5184
16.827049770642493,5,3.0,0
16.827365238115355,14,1.0,-4825
16.827365238115355,17,1.0,-4825
16.82802375722002,7,2.0,7885
16.829361484715246,13,1.0,-4938
16.82995631625342,13,5.0,-4897
16.830814706417993,6,1.0,8530
16.832305084131516,13,1.0,-5141
16.832305084131516,17,1.0,-5141
16.833061045512952,13,1.0,-4912
16.834116760324484,6,4.0,8675
16.835067789497636,17,7.0,-1266
16.836102549569038,13,2.0,-5220
16.836102549569038,17,2.0,-5220
16.836992176850668,13,5.0,-4799
16.838558472977454,7,11.0,8271
16.839303212653807,8,2.0,8521
16.83931869678316,7,10.0,6778
16.84093460939719,5,5.0,0
16.841112277933014,6,1.0,8488
16.84340642215061,16,2.0,1510
16.84423345712579,13,2.0,-5012
16.84423345712579,17,2.0,-5012
16.844716712013476,14,2.0,-5164
16.844827909153473,15,8.0,-2400
16.845052350606732,7,2.0,8279
16.84531667161051,16,2.0,637
16.849006537834608,5,1.0,0
16.849461180820544,13,10.0,-4936
16.850392571265466,7,1.0,7839
16.851021344616065,17,2.0,-4091
16.852012940369978,13,2.0,-4775
16.853873346098535,6,1.0,8621
16.855640407041665,13,1.0,-5084
16.855691595580723,15,2.0,-2734
16.856394769336994,7,4.0,7383
16.8568130300387,13,1.0,-5128
16.8568130300387,17,1.0,-5128
16.857279135999487,13,9.0,-4971
16.857512310959784,14,5.0,-5181
16.857814316999004,7,6.0,7870
16.85967206321523,7,2.0,8514
16.860799634069444,14,4.0,-5122
16.86218443021121,14,1.0,-4842
16.862981346911766,7,13.0,8066
16.86307567786074,14,38.0,-4952
16.864006039553374,7,2.0,8339
16.864576065447505,13,1.0,-5051
16.864576065447505,17,1.0,-5051
16.86465341726344,5,1.0,0
16.864659557423124,17,3.0,-2158
16.86503617355939,13,1.0,-4851
16.865556091506207,7,4.0,7110
16.865556091506207,16,4.0,7110
16.866588949873265,8,2.0,8565
16.866965869900813,6,3.0,8505
16.868718880639545,8,3.0,8653
16.869769069173955,5,7.0,0
16.870821271843074,11,6.0,8461
16.87137479761534,15,5.0,-3043
16.872096286011676,13,1.0,-5035
16.87328931905313,5,1.0,0
16.874145074783144,3,53.0,8686
16.87583827824141,9,10.0,8468
16.875901006886732,6,2.0,8446
16.876336698328505,6,2.0,8575
16.8764757963807,5,3.0,0
16.877782626581226,13,1.0,-4959
16.87802971305136,14,2.0,-5006
16.87802971305136,17,2.0,-5006
16.87861904848223,5,2.0,0
16.878684452578263,5,4.0,0
16.87976258223956,17,15.0,-1497
16.88086779473181,5,1.0,0
16.8813712453914,13,2.0,-5043
16.882473431800186,7,1.0,8603
16.883078925388055,17,1.0,-3747
16.883782605807408,13,2.0,-4868
16.884194100250152,13,2.0,-5052
16.884194100250152,17,2.0,-5052
16.88421625293249,7,6.0,8320
16.884362763864722,7,2.0,8159
16.88439086341297,14,1.0,-5157
16.88479799583423,5,4.0,0
16.885018980389276,113,40.0,-5192
16.885312907712116,16,57.0,6107
16.88575697135545,17,29.0,-2525
16.886937050518995,17,2.0,-1421
16.8882727095745,14,1.0,-5137
16.888310428155954,7,6.0,5594
16.89026932774768,13,1.0,-5098
16.890521223642565,13,1.0,-5218
16.890521223642565,17,1.0,-5218
16.890913318385827,1,6.0,8687
16.892095638349783,14,2.0,-4848
16.89232527643045,5,1.0,0
16.89239981905547,13,6.0,-4921
16.893467444805502,13,2.0,-5067
16.893947204356422,14,3.0,-4943
16.893948731791454,13,1.0,-4749
16.894339966648616,14,1.0,-5223
16.89439812607697,13,1.0,-4742
16.895470758884958,17,1.0,-432
16.895747680983575,17,2.0,-687
16.897250618105026,6,3.0,8672
16.89746881911656,13,5.0,-5011
16.89746881911656,17,5.0,-5011
16.897593427448292,13,1.0,-4941
16.897853626244526,17,3.0,-1584
16.89811785253454,16,7.0,2068
16.89890121382618,17,8.0,-3506
16.899016593924177,17,11.0,-1690
16.899370521227258,13,1.0,-5050
16.899370521227258,17,1.0,-5050
16.900627178809945,13,5.0,-4778
16.903051149326828,9,1.0,8329
16.90337609542142,13,1.0,-4904
16.90337609542142,17,1.0,-4904
16.90437572743433,13,1.0,-5201
16.905491698426328,17,3.0,-1894
16.906607563178884,5,3.0,0
16.906958685717196,14,2.0,-4934
16.906958685717196,17,2.0,-4934
16.907082790200267,13,1.0,-5228
16.907082790200267,17,1.0,-5228
16.90777704789953,11,6.0,7202
16.908673242208323,14,2.0,-5099
16.9088543733948,17,1.0,-541
16.90889291741228,13,5.0,-4953
16.90889291741228,17,5.0,-4953
16.908994080215294,5,2.0,0
16.909461223983037,17,5.0,-3306
16.90951327825413,13,1.0,-4902
16.9100153618805,7,30.0,8351
16.910945278313566,13,7.0,-5001
16.911114494472535,5,5.0,0
16.91410418550644,11,10.0,8544
16.914383383782074,13,1.0,-5144
16.915246071160517,16,2.0,2472
16.916240442501355,13,4.0,-5142
16.916365095735923,14,3.0,-5183
16.917106923985003,14,2.0,-4847
16.919149870354286,15,2.0,-2510
16.91951465727251,8,1.0,8456
16.91961644512784,6,4.0,8624
16.91992908059634,10,7.0,8560
16.920520956372158,17,3.0,-1357
16.92062794267796,15,1.0,-3131
16.921532543301275,16,1.0,6681
16.921870067341803,17,1.0,-3466
16.922570788600975,9,3.0,8532
16.9226506404358,5,1.0,0
16.922827590165003,14,4.0,-4798
16.922850229104377,15,3.0,-2364
16.924613967173574,13,1.0,-4990
16.924754525724715,7,16.0,8063
16.92519436035012,15,1.0,-2543
16.926397599864472,1,2.0,8688
16.926440429736374,17,4.0,-2944
16.9266101105625,5,1.0,0
16.926954744413425,15,1.0,-2235
16.92760094693454,17,3.0,-2456
16.928728835945073,14,1.0,-5087
16.928728835945073,17,1.0,-5087
16.92887864465308,13,2.0,-4919
16.92930000912288,14,26.0,-5071
16.9293881792885,13,6.0,-5114
16.9293881792885,17,6.0,-5114
16.92997692243606,17,3.0,-154
16.930505971917302,5,1.0,0
16.930741493062254,11,6.0,8336
16.93168969911548,17,2.0,-671
16.931755840884573,17,2.0,-4476
16.932756197324522,17,6.0,-3546
16.932884223480254,5,5.0,0
16.932955146431837,5,4.0,0
16.934639915543734,7,4.0,8221
16.936496604536163,13,1.0,-4764
16.936818999882302,5,6.0,0
16.937026837215885,7,4.0,5300
16.93735823017778,13,1.0,-5017
16.938537189805018,7,8.0,7606
16.938867829630038,7,7.0,8119
16.938897425044665,13,4.0,-4890
16.939439470321428,13,8.0,-5191
16.940044529568933,7,3.0,7822
16.940386663603324,6,5.0,8626
16.940417256323745,5,2.0,0
16.942097631871192,17,3.0,-1631
16.942262015640104,9,2.0,8088
16.94304597180286,6,2.0,8128
16.943406624135935,8,2.0,7541
16.945532546057862,17,2.0,-3759
16.946129517303497,14,4.0,-4966
16.947139556548237,17,3.0,-3715
16.948244615206747,7,7.0,8414
16.949233378700402,5,1.0,0
16.949382313551805,17,1.0,-2531
16.950935813140717,10,53.0,8686
16.955434808687425,13,19.0,-4791
16.955434808687425,17,19.0,-4791
16.955524531022814,6,2.0,8685
16.955580516393127,17,1.0,-686
16.955630945647144,5,3.0,0
16.955643879495746,17,5.0,-2692
16.95583414474496,14,5.0,-4831
16.95583414474496,17,5.0,-4831
16.95686715429141,10,5.0,8503
16.95722691373081,13,3.0,-4987
16.957258314436732,1,5.0,8689
16.958373111205947,13,2.0,-4809
16.958373111205947,17,2.0,-4809
16.959358720447916,13,2.0,-5125
16.95936090382021,6,2.0,8669
16.960822632214928,16,55.0,1752
16.960826735498788,15,19.0,-2602
16.961325245171764,15,1.0,-2349
16.96196757761043,5,5.0,0
16.962337999096402,13,1.0,-4946
16.963002978660207,11,13.0,8224
16.963677011162844,13,4.0,-4745
16.96374178142451,14,3.0,-5170
16.963904346622932,13,5.0,-4989
16.96405322011215,13,1.0,-5024
16.96405322011215,17,1.0,-5024
16.964101252635427,15,1.0,-2383
16.964768620520836,6,3.0,8570
16.96538395119148,7,1.0,8361
16.968391754056015,7,1.0,8543
16.968881994229015,17,8.0,-316
16.96987736085227,5,1.0,0
16.969965349166053,13,1.0,-5028
16.969965349166053,17,1.0,-5028
16.97110655038031,14,4.0,-5143
16.97110655038031,17,4.0,-5143
16.971523054930202,7,3.0,8328
16.971579064482494,9,1.0,8276
16.971755183358994,13,8.0,-4901
16.972102625882094,5,4.0,0
16.972650370334854,17,2.0,-2632
16.972827802606655,113,29.0,-4852
16.97717521882896,8,2.0,8519
16.978364449272842,14,10.0,-4994
16.97865131460803,5,1.0,0
16.979046289644188,6,3.0,8500
16.983344679980203,7,5.0,8020
16.98429773045015,4,43.0,8690
16.984306689453614,14,8.0,-5150
16.984306689453614,17,8.0,-5150
16.98497259654421,7,2.0,8277
16.985371491237604,14,1.0,-4821
16.98585642212001,5,2.0,0
16.986932821476874,17,2.0,-2565
16.98742385090687,5,1.0,0
16.987964468511997,7,2.0,8429
16.987977653871067,1,2.0,8691
16.99146394277037,13,5.0,-5213
16.992771849899004,7,2.0,8515
16.9931165383081,5,3.0,0
16.993585804994826,14,1.0,-5004
16.99411388625378,14,11.0,-4832
16.99438977471416,5,2.0,0
16.995820487750922,14,1.0,-4743
16.997568642788288,5,2.0,0
16.9990966152151,13,2.0,-4785
16.99921941169449,7,2.0,7864
16.99973636423124,8,2.0,8669
16.999851533223904,5,4.0,0
17.001160981733666,7,2.0,8045
17.001603968714953,14,2.0,-5737
17.00188750088064,10,17.0,8579
17.002120141998354,14,1.0,-5472
17.00281005334381,5,16.0,0
17.003015474097957,7,8.0,8372
17.003959045088312,5,7.0,0
17.005086912566885,13,1.0,-5298
17.00802289172388,13,13.0,-5726
17.008959069691777,18,,0
17.009053385243956,103,57.0,8692
17.01037492396122,14,2.0,-5616
17.011070170183146,18,,0
17.01111999662973,101,5.0,8693
17.011604181973368,5,1.0,0
17.011995458093864,13,3.0,-5282
17.01287617384579,13,12.0,-5505
17.013214983173484,5,5.0,0
17.013896210288983,7,5.0,8125
17.014148654646036,13,1.0,-5609
17.01470654812864,6,3.0,8585
17.015852183852033,7,23.0,8149
17.017754362077973,5,2.0,0
17.01816273734602,5,2.0,0
17.01820380791858,14,2.0,-5264
17.01840258724133,4,3.0,8694
17.01985233793129,5,2.0,0
17.021937689779573,7,2.0,8018
17.023682312046823,5,3.0,0
17.02429371619776,16,1.0,4403
17.024326985897332,14,5.0,-5257
17.025330177016887,5,4.0,0
17.025337824784913,13,3.0,-5306
17.027105117046375,5,1.0,0
17.02716494178307,7,1.0,8187
17.027192364693082,5,2.0,0
17.02778677331599,13,2.0,-5574
17.028226514784578,13,3.0,-5383
17.029151662808776,6,2.0,8680
17.0295415707683,14,3.0,-5301
17.033379559418307,18,,0
17.033475004066883,101,2.0,8695
17.03439625576568,6,2.0,8677
17.034476755578513,5,1.0,0
17.03504320756418,1,6.0,8696
17.035827125299765,13,4.0,-5364
17.037956994209864,15,6.0,-3612
17.039093495172327,15,2.0,-3657
17.04007640489732,9,5.0,8466
17.040508535926005,13,1.0,-5475
17.041592046415413,13,2.0,-5244
17.042181861644796,9,2.0,8395
17.042755299860083,7,5.0,8358
17.042968424124737,7,1.0,8582
17.044609200245446,13,1.0,-5400
17.04488788213878,5,54.0,0
17.045212178945068,9,1.0,8408
17.045724594280212,8,3.0,8570
17.04577118330592,5,1.0,0
17.046137076994523,14,8.0,-5489
17.04655609017004,13,11.0,-5346
17.048414782155994,5,4.0,0
17.048512609665714,11,5.0,8036
17.049632210891158,5,1.0,0
17.050381312819454,13,2.0,-5324
17.050521162627224,6,7.0,8222
17.051853438598037,9,6.0,8438
17.052326270590076,5,3.0,0
17.052771074678773,9,2.0,8519
17.053179324323057,13,1.0,-5403
17.055003425297812,9,1.0,7956
17.05540377586723,5,1.0,0
17.055515933562464,15,2.0,-3671
17.05614531091296,7,1.0,8552
17.057419655612435,11,12.0,8483
17.057702151465858,5,10.0,0
17.0590288677823,14,1.0,-5413
17.05938805152651,5,2.0,0
17.060851791358402,5,2.0,0
17.061441290311656,15,2.0,-3444
17.061645985301944,1,2.0,8697
17.061684435496307,5,4.0,0
17.063599357283387,14,3.0,-5454
17.063746956669153,12,18.0,8663
17.06612786774516,5,6.0,0
17.066805752240214,7,4.0,8191
17.067058338668616,5,16.0,0
17.06803939305067,113,37.0,-5370
17.06820995415147,16,3.0,4679
17.06888372815258,11,17.0,8526
17.06928747133792,13,1.0,-5741
17.069850898821095,5,1.0,0
17.070277254722544,16,1.0,3666
17.070536327066137,14,2.0,-5498
17.072300647762013,17,1.0,-1738
17.07330069876395,16,43.0,4377
17.073916191486816,7,2.0,7243
17.075803289249865,1,2.0,8698
17.07582122544793,5,2.0,0
17.07619974328558,13,3.0,-5376
17.076666743021757,14,1.0,-5345
17.076777292610178,13,2.0,-5440
17.077144498165527,13,7.0,-5661
17.078156425190222,11,33.0,8403
17.07821000335682,5,4.0,0
17.078787167974333,17,3.0,-2159
17.079660222724097,13,2.0,-5305
17.080036497018476,5,3.0,0
17.080476451740257,5,1.0,0
17.080614602682477,17,7.0,-1567
17.08232834836988,5,4.0,0
17.082984850433835,14,1.0,-5500
17.083319454373203,5,4.0,0
17.083323833789144,5,2.0,0
17.083445160996895,13,1.0,-5625
17.08351306569765,14,1.0,-5670
17.08380719929274,7,12.0,8337
17.084418491187716,13,2.0,-5514
17.084571233913255,5,3.0,0
17.086310764861217,6,5.0,8631
17.086703759546435,7,4.0,7714
17.087043567416337,17,1.0,-2012
17.087406469754615,5,3.0,0
17.090810743754005,17,2.0,-2989
17.09128655279941,17,3.0,-1061
17.092126422092186,6,4.0,8499
17.092200892271865,13,1.0,-5612
17.09239933424667,5,2.0,0
17.093142002714973,14,1.0,-5450
17.09335972675906,7,11.0,8188
17.09377386699147,13,2.0,-5601
17.09378159289019,5,6.0,0
17.094463468474665,13,1.0,-5550
17.0945242765497,13,9.0,-5322
17.094571341817336,5,1.0,0
17.0950501196845,5,3.0,0
17.09544156051783,13,1.0,-5633
17.09558473487437,5,4.0,0
17.095616214091393,13,2.0,-5436
17.095763589427253,13,1.0,-5722
17.095778819892562,5,12.0,0
17.09604499983752,14,4.0,-5648
17.096798307445926,7,2.0,8484
17.097512539349935,14,16.0,-5619
17.098081178611785,13,6.0,-5674
17.099382079171647,5,10.0,0
17.100463477896298,5,3.0,0
17.101434656678748,13,7.0,-5740
17.10232482366924,16,5.0,6829
17.10243615507729,1,20.0,8699
17.103291712823218,5,1.0,0
17.10456047627486,5,2.0,0
17.106200327503558,13,2.0,-5679
17.106244439389595,13,14.0,-5470
17.10651155617792,5,1.0,0
17.106590725384873,9,3.0,6258
17.106794148188296,7,1.0,8538
17.107306427129608,6,1.0,8648
17.107422275907126,5,1.0,0
17.107714925458883,5,7.0,0
17.109200739143688,13,13.0,-5647
17.110016540617973,1,2.0,8700
17.110234039900067,8,6.0,7789
17.110753331208688,13,8.0,-5669
17.11151966133691,1,2.0,8701
17.11154732251448,16,6.0,987
17.11282515875926,13,2.0,-5480
17.112902711750827,16,1.0,6256
17.113629993526636,15,2.0,-3231
17.113629993526636,17,2.0,-3231
17.11454164777572,5,9.0,0
17.116930079593146,5,4.0,0
17.117515301333306,13,1.0,-5719
17.117959957790482,5,3.0,0
17.1191984568671,1,1.0,8702
17.12221754030484,13,1.0,-5640
17.1227187627375,14,2.0,-5605
17.12361096904953,13,1.0,-5678
17.124107627887284,7,2.0,8371
17.12412366548245,13,3.0,-5723
17.124197315470916,9,2.0,8341
17.12430115103836,5,1.0,0
17.125237350948375,16,2.0,4818
17.125344048501667,15,3.0,-3247
17.12594882459551,17,8.0,-1813
17.126837969517975,13,2.0,-5375
17.127038431474045,14,1.0,-5527
17.12705505363184,5,1.0,0
17.12763467102189,5,1.0,0
17.129196640419515,5,3.0,0
17.133600624208277,7,4.0,8622
17.133830828799898,9,1.0,8469
17.134241017713695,9,1.0,8577
17.134475250618152,3,29.0,8703
17.135122250699602,13,1.0,-5517
17.135616506104352,9,2.0,8410
17.13581639446115,5,9.0,0
17.136896430070163,6,3.0,8682
17.136952231164244,13,3.0,-5673
17.13853518642378,14,3.0,-5594
17.138914975104473,13,1.0,-5728
17.140228882307095,14,1.0,-5338
17.141045896946068,6,4.0,8600
17.145589296346593,5,1.0,0
17.146987368403977,14,8.0,-5235
17.14724181023093,13,6.0,-5573
17.147338323267835,13,2.0,-5487
17.148007609827875,13,5.0,-5457
17.148308504185362,13,9.0,-5684
17.149043821147135,14,3.0,-5672
17.149066501668763,17,5.0,-1142
17.149089963655243,16,1.0,6169
17.149773378043566,9,6.0,8327
17.15073773215054,14,1.0,-5387
17.151095231890416,6,5.0,8454
17.151382396369204,13,1.0,-5593
17.151695044195883,9,4.0,8389
17.152640076955844,7,2.0,8306
17.153142066840488,13,5.0,-5313
17.153302127598643,8,2.0,8251
17.153681676434932,13,1.0,-5568
17.154427382707546,17,1.0,-3086
17.15540428752267,5,1.0,0
17.15584021373338,5,1.0,0
17.158910648830542,17,5.0,-2719
17.159109384083564,13,4.0,-5724
17.160206582522495,5,4.0,0
17.160904873140964,17,3.0,-1374
17.16097660970616,8,4.0,8600
17.16116311185307,15,10.0,-3167
17.161430167253535,11,7.0,8297
17.16148348568884,13,9.0,-5586
17.161639481594847,14,5.0,-5420
17.16231834168893,7,1.0,8090
17.162644066892128,5,1.0,0
17.16285859591113,17,1.0,-2501
17.16286836869451,15,2.0,-3294
17.162995845691313,5,3.0,0
17.16370718577173,14,29.0,-5510
17.16426891149018,7,5.0,8001
17.164616026995677,6,1.0,8649
17.164677020615162,13,1.0,-5664
17.165108202358912,8,2.0,8637
17.16675165126933,17,3.0,-1634
17.167081024400936,7,5.0,7604
17.16961696309305,7,5.0,8434
17.169707153021974,10,1.0,8594
17.1718140811491,17,3.0,-2758
17.17234652210448,7,1.0,7984
17.174039866716967,6,2.0,8688
17.174150951395827,5,19.0,0
17.175470908336273,7,7.0,8208
17.176318702689954,5,3.0,0
17.17827452313711,113,39.0,-5404
17.181633567826587,16,23.0,2114
17.182267890909625,7,6.0,8344
17.182598898149106,17,1.0,-2677
17.182809846306,6,5.0,8678
17.183416367436884,5,2.0,0
17.183981229147378,13,9.0,-5242
17.18434267124093,14,2.0,-5251
17.18483395095967,5,1.0,0
17.187615788578505,14,1.0,-5419
17.187626216972415,14,2.0,-5713
17.188024286162612,13,1.0,-5554
17.188175563315333,17,3.0,-579
17.189116154398732,13,1.0,-5626
17.18996525825396,6,1.0,8362
17.190553525833575,9,3.0,7896
17.19197281946913,5,3.0,0
17.192729153490635,5,3.0,0
17.192992725799698,1,3.0,8704
17.19368209386191,5,2.0,0
17.19557959819711,5,1.0,0
17.19571001823896,5,1.0,0
17.1995757263499,1,4.0,8705
17.199663220031663,13,2.0,-5432
17.202357296889666,5,3.0,0
17.20241235228832,17,1.0,-327
17.202976941602575,17,2.0,-2471
17.203256675545006,16,2.0,4656
17.20342447933061,13,1.0,-5692
17.203449602092586,17,2.0,-3644
17.203527747474553,5,7.0,0
17.2036029268753,7,7.0,8644
17.203878140465168,13,1.0,-5638
17.204185441924917,5,7.0,0
17.20443540713515,13,2.0,-5744
17.206415935901692,5,6.0,0
17.207029631150796,16,6.0,6975
17.207053421015704,14,3.0,-5240
17.20842040196208,16,22.0,96
17.209443685445077,7,13.0,8509
17.20973366632613,13,16.0,-5493
17.21060841579048,13,2.0,-5576
17.211074585133012,7,1.0,8292
17.21230850858347,13,1.0,-5373
17.213328743821776,15,1.0,-3239
17.213668117599244,7,4.0,8584
17.213785070277936,9,5.0,8321
17.216143670317802,13,2.0,-5476
17.21618782747792,15,1.0,-3443
17.216217010204144,7,2.0,8314
17.217612119678307,7,1.0,8583
17.217770301840712,5,6.0,0
17.218157676272234,5,1.0,0
17.218506411795442,5,5.0,0
17.219530627010357,7,1.0,8015
17.219727661286335,13,1.0,-5361
17.22076637710193,6,3.0,7557
17.223434066042167,14,6.0,-5599
17.223865256431232,13,2.0,-5315
17.223886694592494,14,1.0,-5735
17.22417354591506,1,3.0,8706
17.225262642793464,14,3.0,-5618
17.226056617652652,17,8.0,-4134
17.22637156047691,10,29.0,8703
17.22648856896924,17,6.0,-4986
17.227847255843926,17,1.0,-4135
17.22824872152647,13,1.0,-5263
17.230077348472904,17,11.0,-3085
17.23024260043119,17,11.0,-4836
17.231192909668124,9,1.0,7480
17.232225209229036,10,18.0,7642
17.23292414889424,17,1.0,-1756
17.233460794301642,13,2.0,-5696
17.23400537285071,13,1.0,-5234
17.234162916367865,7,4.0,8348
17.235815365520804,7,2.0,8553
17.235945391458586,4,56.0,8707
17.23623518846272,13,1.0,-5592
17.237551667079092,14,39.0,-5557
17.238597519616967,8,5.0,3119
17.239838613996678,13,3.0,-5551
17.240152527827703,1,2.0,8708
17.24104685623678,9,2.0,8171
17.24119225788387,14,1.0,-5422
17.241528686019752,13,2.0,-5689
17.243134402025376,17,1.0,-1323
17.245466667847538,17,1.0,-858
17.24606625298665,13,1.0,-5530
17.246535714766186,1,1.0,8709
17.248289891389973,14,1.0,-5610
17.248391646521966,5,2.0,0
17.25003033892798,113,25.0,-5643
17.251912782152754,14,3.0,-5447
17.253113464565953,5,1.0,0
17.25411524586803,13,2.0,-5597
17.25508124407896,5,2.0,0
17.255710910933193,17,6.0,-4411
17.25577529964181,13,1.0,-5614
17.2559891415645,17,2.0,-4285
17.256231540655186,5,2.0,0
17.257330160686468,7,1.0,8510
17.258811386345844,5,5.0,0
17.261439644820868,17,8.0,-320
17.261510680380084,1,2.0,8710
17.262402942947222,17,2.0,-2664
17.264157040456855,13,2.0,-5333
17.264427394049285,17,1.0,-5189
17.264750468082255,5,3.0,0
17.264980402883136,5,3.0,0
17.26498075607876,7,1.0,8394
17.26498075607876,16,1.0,8394
17.26512640535497,15,2.0,-3155
17.265463808659554,5,3.0,0
17.265539560535416,6,1.0,8458
17.26664810545489,16,5.0,952
17.267303967352834,17,1.0,-2474
17.267606148137855,11,10.0,8590
17.26761658367584,14,6.0,-5342
17.268894916077127,13,3.0,-5285
17.26916122268755,11,6.0,8255
17.26933759913381,13,4.0,-5328
17.26976092993759,9,5.0,3119
17.270692802616747,17,1.0,-3492
17.270734606310917,14,4.0,-5590
17.270734606310917,17,4.0,-5590
17.270865056373616,13,6.0,-5274
17.271377254630806,12,57.0,8692
17.271790720511156,16,2.0,7826
17.272357790173125,13,1.0,-5662
17.27339418009052,1,1.0,8711
17.27340566133654,14,17.0,-5582
17.27466037029989,5,7.0,0
17.274954907190356,15,3.0,-3476
17.27524529135908,13,2.0,-5615
17.275312863277613,13,4.0,-5524
17.275962596624023,7,3.0,8586
17.27623498702451,14,3.0,-5407
17.278442835184766,6,2.0,8667
17.278468574885018,13,2.0,-5293
17.278771391805286,14,9.0,-5494
17.28007061375349,6,2.0,8710
17.281094519242092,13,2.0,-5753
17.283918841439615,9,57.0,8692
17.28539197630073,13,2.0,-5461
17.286295400259995,7,2.0,7329
17.28709788210193,13,2.0,-5492
17.287300015292683,7,1.0,8391
17.287577616871342,16,3.0,8070
17.287595613595062,8,1.0,8546
17.287783261376614,7,60.0,7901
17.28810256555018,13,1.0,-5644
17.28810256555018,17,1.0,-5644
17.290041072437653,15,9.0,-3505
17.292091193192817,17,1.0,-77
17.292126630808696,17,8.0,-2568
17.292325110616524,16,2.0,4173
17.292395275705704,7,2.0,8561
17.292689283619275,14,2.0,-5272
17.293120836607596,9,7.0,8002
17.293671680503856,14,18.0,-5748
17.29372766650661,14,7.0,-5535
17.29372766650661,17,7.0,-5535
17.293929703667047,14,3.0,-5486
17.296370713454046,17,5.0,-4963
17.297653097149823,14,4.0,-5482
17.29887754456109,14,4.0,-5418
17.29933149867567,9,5.0,7825
17.29942871940933,13,2.0,-5652
17.29942871940933,17,2.0,-5652
17.299856531862535,13,14.0,-5249
17.299856531862535,17,14.0,-5249
17.300283707788374,10,13.0,8654
17.301455452336768,13,2.0,-5423
17.302202741160436,17,3.0,-1873
17.30345157485568,13,3.0,-5681
17.303715746368148,5,9.0,0
17.306502933816496,13,22.0,-5690
17.3067175567858,17,3.0,-2683
17.308184248247194,17,7.0,-3850
17.31080707501394,5,55.0,0
17.31144631900596,13,1.0,-5686
17.31180383179839,14,14.0,-5369
17.31180383179839,17,14.0,-5369
17.311954369872165,14,3.0,-5526
17.31248279470547,10,2.0,7952
17.312782841378535,7,3.0,8636
17.313575879959764,14,1.0,-5699
17.315137233749503,16,7.0,2158
17.316048567585927,14,10.0,-5635
17.317622041983334,14,2.0,-5572
17.317622041983334,17,2.0,-5572
17.318660964354784,6,2.0,7052
17.31924661660227,5,4.0,0
17.32027846964364,9,3.0,7733
17.320334944636123,17,2.0,-566
17.320611322977538,5,18.0,0
17.32063452180679,7,6.0,8556
17.32078375120118,7,2.0,8627
17.32152760129814,5,1.0,0
17.32488986361661,16,1.0,7588
17.32632561030986,13,1.0,-5395
17.32734073479571,17,1.0,-4350
17.327707320058185,15,4.0,-3265
17.328787358531606,6,2.0,8369
17.32895388456397,13,1.0,-5687
17.32895388456397,17,1.0,-5687
17.32931879152061,113,33.0,-5279
17.329677117209474,13,6.0,-5697
17.329684665410724,13,2.0,-5621
17.33028338129068,17,51.0,-79
17.33039356250714,14,2.0,-5565
17.33039356250714,17,2.0,-5565
17.330542292282807,14,3.0,-5477
17.330542292282807,17,3.0,-5477
17.330582716281192,14,6.0,-5745
17.330582716281192,17,6.0,-5745
17.333237777649053,13,1.0,-5336
17.334499702627976,15,2.0,-3645
17.335020112350506,7,6.0,8581
17.33508443709646,13,2.0,-5462
17.336113007311745,16,59.0,7692
17.337131842667084,5,1.0,0
17.338166115780016,6,2.0,8698
17.338419164543705,8,6.0,8598
17.340093047708706,5,3.0,0
17.340732558937745,9,15.0,8165
17.341368054155744,5,10.0,0
17.342032390857266,13,2.0,-5438
17.342032390857266,17,2.0,-5438
17.34220324224328,13,3.0,-5331
17.342410344723703,8,7.0,7362
17.342504150295323,17,4.0,-4386
17.343863096117275,5,6.0,0
17.34408742492955,13,2.0,-5344
17.34411926604174,13,1.0,-5508
17.344578050814775,13,11.0,-5533
17.344736017001015,5,4.0,0
17.346038638250185,10,1.0,8666
17.34783657462806,6,3.0,8641
17.34810271998451,5,2.0,0
17.349073730325365,6,4.0,8614
17.350488437233377,14,8.0,-5552
17.350488437233377,17,8.0,-5552
17.351044248008755,13,1.0,-5701
17.35153936306892,5,6.0,0
17.351612722807882,16,14.0,4990
17.35251175953219,13,1.0,-5321
17.35301146442841,9,3.0,8081
17.354153595263647,14,1.0,-5411
17.354868235261947,17,3.0,-5169
17.35666712090584,5,8.0,0
17.357142186712554,13,1.0,-5693
17.357416712714034,10,56.0,8707
17.358746951652172,13,1.0,-5396
17.358869491583793,17,1.0,-2009
17.36073750027844,13,4.0,-5398
17.36091096751679,13,8.0,-5490
17.36091096751679,17,8.0,-5490
17.36102419511173,14,1.0,-5743
17.36121604624011,13,10.0,-5566
17.36121604624011,17,10.0,-5566
17.361572662058048,13,2.0,-5466
17.36194257332014,13,1.0,-5613
17.362244359412117,17,3.0,-3628
17.362779085104265,7,4.0,6543
17.362996066223758,17,2.0,-43
17.36319993806433,14,3.0,-5752
17.36319993806433,17,3.0,-5752
17.363589232567243,13,2.0,-5332
17.363608983993384,5,4.0,0
17.363848626014143,13,1.0,-5262
17.36422686330428,4,31.0,8712
17.364304944484893,14,4.0,-5250
17.365199464828567,5,4.0,0
17.365478279732738,5,1.0,0
17.36580387553461,1,3.0,8713
17.366062650740645,14,15.0,-5685
17.36824989554111,5,8.0,0
17.368264594212164,14,2.0,-5654
17.370471857817584,1,8.0,8714
17.37248949542799,15,1.0,-3528
17.37403609078488,1,5.0,8715
17.374369081888183,13,2.0,-5433
17.374605971717475,15,2.0,-3419
17.37623765614545,13,2.0,-5271
17.376659521122498,7,1.0,8357
17.376893433106687,17,2.0,-400
17.377748612080616,5,2.0,0
17.37800211478223,13,3.0,-5471
17.378304227209867,17,3.0,-2393
17.37832412543052,17,1.0,-1526
17.381593112232437,16,2.0,3352
17.38221347606987,16,4.0,7164
17.382994671282034,13,1.0,-5465
17.38359063074423,13,1.0,-5570
17.38364647979862,6,2.0,8691
17.38595875097771,13,1.0,-5531
17.38595875097771,17,1.0,-5531
17.386160692742923,13,1.0,-5707
17.386181214622066,14,3.0,-5368
17.387217040491148,7,9.0,8370
17.38858079300031,17,2.0,-2176
17.389019870014742,13,2.0,-5261
17.390051380477644,17,2.0,-3540
17.39037263793466,4,10.0,8716
17.39101629064253,14,3.0,-5522
17.39297071506727,6,3.0,8449
17.39322897196025,13,4.0,-5468
17.393480712793306,13,2.0,-5583
17.39564190741451,1,2.0,8717
17.396993920932424,17,9.0,-973
17.397045067100855,16,44.0,161
17.39729886198003,14,4.0,-5491
17.397451532818685,17,1.0,-4576
17.39779257579471,13,14.0,-5691
17.39788691402959,13,1.0,-5705
17.399853600784866,8,2.0,8501
17.400631507041304,1,4.0,8718
17.401021797034794,5,3.0,0
17.401185682332162,7,4.0,8168
17.40181323953804,14,1.0,-5663
17.40312193192488,5,1.0,0
17.403246389592905,14,1.0,-5513
17.403246389592905,17,1.0,-5513
17.403773406847815,16,15.0,2249
17.404559787546106,6,6.0,8696
17.404559800886215,6,3.0,8704
17.405327318834065,5,2.0,0
17.40717076740172,14,4.0,-5496
17.40812960876403,5,9.0,0
17.408458668837238,5,4.0,0
17.40849004115545,5,1.0,0
17.409819283264184,5,1.0,0
17.41030821436119,6,20.0,8699
17.41039796448025,13,2.0,-5591
17.41039796448025,17,2.0,-5591
17.411060992130857,6,9.0,8658
17.41127803385713,1,3.0,8719
17.41150431502819,7,3.0,7781
17.4151905715565,14,2.0,-5602
17.415496887363638,13,1.0,-5646
17.415496887363638,17,1.0,-5646
17.416587038906755,1,6.0,8720
17.41772877756501,7,8.0,8518
17.41787904536172,7,8.0,8606
17.41799317342253,10,36.0,8646
17.41808524982491,13,9.0,-5634
17.41808524982491,17,9.0,-5634
17.418164013249314,5,14.0,0
17.418245834018933,13,2.0,-5537
17.418384665251082,14,4.0,-5269
17.418384665251082,17,4.0,-5269
17.419074919223966,7,4.0,8533
17.419074919223966,16,4.0,8533
17.419130722549305,17,2.0,-5040
17.41983973087597,17,2.0,-1272
17.41985120501559,11,49.0,7986
17.419912482466913,14,4.0,-5460
17.419912482466913,17,4.0,-5460
17.42089833765687,9,1.0,8331
17.421725273834873,5,4.0,0
17.42238342565897,13,11.0,-5703
17.42238342565897,17,11.0,-5703
17.423086658786833,5,3.0,0
17.423317482151173,1,4.0,8721
17.42341143783812,5,3.0,0
17.42370322180747,13,2.0,-5350
17.424351107085197,5,3.0,0
17.42640118794407,17,3.0,-2650
17.42726231521372,5,6.0,0
17.427446925076715,17,5.0,-849
17.427881797963174,14,4.0,-5747
17.4293016547453,9,3.0,8049
17.430351187930547,1,6.0,8722
17.43045516043619,5,1.0,0
17.43110922745779,14,6.0,-5414
17.431815165674596,7,1.0,8309
17.43295250073558,13,1.0,-5354
17.43309174714105,5,16.0,0
17.435597651611968,13,48.0,-5675
17.435635818736138,15,2.0,-3227
17.438292514151883,17,2.0,-1707
17.4385833400048,9,7.0,8491
17.43882265984489,14,3.0,-5363
17.443524394710643,14,4.0,-5596
17.44509343116438,6,3.0,8719
17.445569186751424,13,7.0,-5281
17.445927005829546,7,33.0,7561
17.44714656124056,5,2.0,0
17.447288856626493,5,1.0,0
17.447469047701752,13,3.0,-5746
17.447469047701752,17,3.0,-5746
17.44822742662406,4,2.0,8723
17.450326770253188,13,1.0,-5532
17.450326770253188,17,1.0,-5532
17.450703555436775,16,4.0,1316
17.450850498151492,6,4.0,8664
17.451021156182563,14,5.0,-5561
17.45141092375805,5,1.0,0
17.45156041065328,14,3.0,-5459
17.45170654579906,7,6.0,8549
17.452763600488574,16,1.0,4341
17.452899916690267,7,4.0,8634
17.45366812456947,14,1.0,-5283
17.45366812456947,17,1.0,-5283
17.45387748631945,13,1.0,-5567
17.45395778716017,6,2.0,8607
17.458337176426365,7,1.0,7905
17.458774268726405,13,6.0,-5469
17.458774268726405,17,6.0,-5469
17.4590410697946,13,2.0,-5631
17.45913769034335,14,2.0,-5302
17.45917726185795,5,3.0,0
17.46058013527549,10,10.0,8716
17.460690063812226,5,1.0,0
17.461262362543494,13,7.0,-5289
17.462963896903318,13,2.0,-5291
17.46358078092384,5,3.0,0
17.4642129433927,4,29.0,8724
17.464689623136557,14,2.0,-5409
17.465519908845945,13,4.0,-5521
17.46938593228913,9,3.0,8570
17.46996240379089,13,1.0,-5545
17.47042194163141,5,3.0,0
17.470984190855948,13,1.0,-5258
17.471499365016385,5,1.0,0
17.472264693163456,10,2.0,8723
17.472308814165814,14,3.0,-5367
17.473877875343703,15,4.0,-3545
17.47427608536781,17,3.0,-1492
17.475940926858364,13,13.0,-5603
17.476805347664737,14,8.0,-5667
17.476805347664737,17,8.0,-5667
17.47812035844347,14,1.0,-5254
17.4789495053056,13,1.0,-5397
17.48054059683191,14,4.0,-5357
17.480988844987447,7,3.0,7773
17.48140232659208,15,5.0,-3180
17.48175752783711,7,7.0,8319
17.48195828365067,16,1.0,3276
17.482128834951062,15,2.0,-3521
17.482306756358387,6,2.0,8642
17.482743759370152,15,3.0,-3573
17.48583978754311,13,1.0,-5622
17.486649891517605,7,4.0,8169
17.48697985044647,9,1.0,8546
17.487806967511915,9,2.0,8380
17.488031825526782,16,3.0,3015
17.488583507021502,1,5.0,8725
17.488690270367307,14,1.0,-5702
17.489257110678764,14,4.0,-5366
17.490086562865912,5,2.0,0
17.49034611114977,15,7.0,-3432
17.490991112297507,17,1.0,-4415
17.492226442199755,14,8.0,-5348
17.492574164580834,17,1.0,-2467
17.492998499537595,15,1.0,-3293
17.493721632957538,14,7.0,-5749
17.494884124344473,13,2.0,-5325
17.49499294019966,17,3.0,-2420
17.495195411947872,5,3.0,0
17.4957671868701,14,7.0,-5256
17.4957671868701,17,7.0,-5256
17.49639973314838,17,25.0,-4707
17.49666156543776,13,1.0,-5309
17.498424984682032,6,1.0,8643
17.49895982643242,5,1.0,0
17.50033303378288,7,8.0,8166
17.50047610924379,17,3.0,-3407
17.502462989608354,13,1.0,-5437
17.503130172959022,5,57.0,0
17.504134257221313,16,2.0,7313
17.50628036642245,5,4.0,0
17.50633951776414,14,3.0,-5515
17.506532031461703,13,1.0,-5458
17.50775113873395,17,3.0,-3600
17.507842637396482,1,6.0,8726
17.508270540951848,5,4.0,0
17.508396012452195,13,1.0,-5449
17.508780405676383,13,5.0,-5430
17.509438822896133,13,9.0,-5660
17.509438822896133,17,9.0,-5660
17.51087284647013,13,1.0,-5608
17.512819343628124,5,1.0,0
17.513910863585444,15,1.0,-3463
17.51556339888725,13,6.0,-5401
17.515973816554776,13,2.0,-5581
17.516337353420415,5,3.0,0
17.517098927142044,13,1.0,-5275
17.517098927142044,17,1.0,-5275
17.51834889051755,9,48.0,8108
17.518915243836986,15,12.0,-3256
17.519368715866637,13,2.0,-5698
17.519368715866637,17,2.0,-5698
17.519722625687436,5,1.0,0
17.52047765243307,16,8.0,5970
17.521779540617104,5,3.0,0
17.522395453361806,9,6.0,7789
17.522795061350664,13,1.0,-5439
17.523288508552586,13,1.0,-5637
17.523288508552586,17,1.0,-5637
17.523323225071216,6,8.0,8684
17.52485293480209,17,2.0,-2415
17.525467991453567,9,1.0,8323
17.52625710553339,17,1.0,-4932
17.52637628350472,14,10.0,-5716
17.52692097728991,1,1.0,8727
17.527474751941487,14,3.0,-5421
17.527554334550082,13,1.0,-5360
17.52910345228237,7,2.0,8334
17.529391002756434,9,4.0,8562
17.530042949574167,17,2.0,-2096
17.53137895505075,5,4.0,0
17.531623465204675,5,3.0,0
17.532156095787073,17,1.0,-3025
17.533313533016567,5,4.0,0
17.533684139426533,8,4.0,8486
17.535084009407708,5,4.0,0
17.53522210669162,13,52.0,-5606
17.53522210669162,17,52.0,-5606
17.536719647110456,6,6.0,8720
17.536751280858134,14,2.0,-5299
17.53829445609995,13,1.0,-5677
17.538803025126256,13,1.0,-5390
17.54048874831757,10,25.0,7994
17.541041257581735,7,4.0,8578
17.54200754353567,13,5.0,-5352
17.544099573238416,13,1.0,-5255
17.544099573238416,17,1.0,-5255
17.544451552069148,13,2.0,-5326
17.544451552069148,17,2.0,-5326
17.54494323699631,13,2.0,-5732
17.548381336713017,13,2.0,-5391
17.548381336713017,17,2.0,-5391
17.548520914111652,5,3.0,0
17.548645047189012,13,15.0,-5656
17.549679868316346,17,3.0,-923
17.550645878567515,14,7.0,-5507
17.551274685360923,9,7.0,8417
17.551771106457313,1,1.0,8728
17.551822255718836,1,3.0,8729
17.551997343414406,13,2.0,-5290
17.552841859013803,13,1.0,-5499
17.552965594521254,14,1.0,-5548
17.553955375466977,5,8.0,0
17.555197412324418,5,6.0,0
17.555431856984193,13,1.0,-5448
17.55576866231973,16,1.0,3517
17.555954163205936,13,5.0,-5382
17.555954163205936,17,5.0,-5382
17.55766337102717,17,8.0,-834
17.55769513611909,7,2.0,8507
17.55888338797347,17,1.0,-3639
17.56242210780653,17,1.0,-5116
17.56255336122783,5,6.0,0
17.562556784242826,7,41.0,6720
17.56275546569521,5,6.0,0
17.562769831184585,11,3.0,8580
17.56386696619824,15,1.0,-3579
17.564086848875476,17,1.0,-2622
17.565824379232716,15,3.0,-3232
17.56705769264393,13,3.0,-5334
17.567224789813206,13,3.0,-5639
17.567224789813206,17,3.0,-5639
17.567652982272048,5,5.0,0
17.567735609693223,13,1.0,-5473
17.567735609693223,17,1.0,-5473
17.56827782678168,5,1.0,0
17.56839213829866,15,3.0,-3510
17.568488710112863,8,7.0,8368
17.568923956061425,5,9.0,0
17.568949529807202,13,3.0,-5266
17.568949529807202,17,3.0,-5266
17.56984005176952,14,1.0,-5718
17.57043699284952,13,12.0,-5426
17.57043699284952,17,12.0,-5426
17.570439868165174,13,10.0,-5307
17.57065480688681,6,1.0,8702
17.570760672674425,13,2.0,-5721
17.570964243250323,17,3.0,-4961
17.571003102630637,7,53.0,8459
17.573720334014176,13,3.0,-5446
17.574863920263276,17,6.0,-2479
17.57493081641401,13,4.0,-5711
17.57493081641401,17,4.0,-5711
17.57535238216305,14,4.0,-5337
17.576328812481236,16,4.0,2955
17.576964016352754,13,3.0,-5316
17.577914524131465,7,1.0,7528
17.579211337486402,13,1.0,-5386
17.579211337486402,17,1.0,-5386
17.580334722581526,16,36.0,800
17.581311796269,17,8.0,-3667
17.581567711909088,17,3.0,-4137
17.583049389071267,17,12.0,-3168
17.583375550500243,1,2.0,8730
17.585269058802705,14,4.0,-5295
17.58546631767429,16,2.0,3866
17.586026495117125,16,3.0,1979
17.58717864712716,17,2.0,-3621
17.587859618723396,13,2.0,-5425
17.588575003652203,8,5.0,8248
17.588623586299022,13,3.0,-5528
17.58958670755655,5,9.0,0
17.591097130711695,5,3.0,0
17.5911496954229,17,2.0,-3046
17.591711490782682,13,6.0,-5739
17.591711490782682,17,6.0,-5739
17.5917653783166,14,1.0,-5680
17.591987317808357,13,1.0,-5481
17.592372720368676,13,1.0,-5523
17.593045054102145,5,19.0,0
17.595716675583564,16,60.0,3420
17.59582082358287,17,1.0,-308
17.595903972394435,5,1.0,0
17.597407528300028,1,4.0,8731
17.598804231725325,13,1.0,-5452
17.598804231725325,17,1.0,-5452
17.600104044049115,15,4.0,-3327
17.600184467251093,5,3.0,0
17.60092977004541,16,4.0,4333
17.60233296240351,7,8.0,8141
17.6040274487574,13,2.0,-5604
17.604109926233413,17,37.0,-1183
17.604872081023885,14,1.0,-5657
17.604901293067883,14,2.0,-5359
17.60585809769477,5,13.0,0
17.606417565457832,16,13.0,2707
17.606731525606513,17,4.0,-2911
17.60766457121821,17,3.0,-2701
17.608003690112078,10,31.0,8712
17.6086646277834,14,2.0,-5435
17.60928113360736,13,1.0,-5562
17.61083709143248,17,3.0,-3788
17.611378988100338,6,8.0,8714
17.611982574900534,5,4.0,0
17.61309641486277,10,11.0,8638
17.61320246014997,5,3.0,0
17.613723936778594,13,6.0,-5580
17.613723936778594,17,6.0,-5580
17.61402815906165,14,2.0,-5252
17.614259918226995,17,1.0,-3607
17.614647048736686,5,4.0,0
17.615521722127156,17,3.0,-5041
17.616128466881065,7,2.0,8345
17.61755240535253,14,1.0,-5518
17.61755240535253,17,1.0,-5518
17.61771941179034,13,8.0,-5314
17.61848134052955,13,1.0,-5372
17.6187090261967,5,2.0,0
17.61880996247782,7,2.0,8233
17.61973259742104,13,6.0,-5704
17.61989925220626,17,4.0,-5088
17.62027120104566,1,1.0,8732
17.620625874051683,16,7.0,647
17.620704169327723,16,41.0,231
17.62092848922609,17,3.0,-4519
17.620973414702924,5,5.0,0
17.62134678438011,7,3.0,8548
17.622286737816335,1,24.0,8733
17.622757258057856,13,5.0,-5327
17.62491026760148,13,10.0,-5453
17.625308500544968,17,1.0,-3756
17.626356062844398,13,7.0,-5410
17.62656762927431,5,4.0,0
17.62690927137548,11,6.0,8480
17.62693094369587,13,1.0,-5308
17.62703032323801,14,6.0,-5434
17.627772719907714,5,4.0,0
17.62834654941937,5,7.0,0
17.630545579747015,17,1.0,-735
17.631564827297243,5,1.0,0
17.633351337608396,113,37.0,-5399
17.633963286222418,13,2.0,-5736
17.63397600015589,7,10.0,8404
17.64015056594231,5,6.0,0
17.640457305995245,16,14.0,5374
17.640637522520052,14,1.0,-5393
17.6415685790363,17,3.0,-3315
17.641748334308538,13,3.0,-5300
17.64190477933775,13,2.0,-5504
17.642104374326177,13,5.0,-5408
17.642998577277652,5,3.0,0
17.64454148472961,13,4.0,-5617
17.64514177682034,17,18.0,-1156
17.64578062591741,1,6.0,8734
17.646064141375057,6,1.0,8711
17.648399992055264,113,25.0,-5623
17.648998444055646,5,3.0,0
17.649493032880013,13,18.0,-5349
17.649937264971438,13,3.0,-5278
17.650702505032534,5,16.0,0
17.652247920394334,10,5.0,8681
17.65387622675911,17,1.0,-1827
17.65402974496213,13,1.0,-5542
17.65402974496213,17,1.0,-5542
17.654170525907126,13,1.0,-5627
17.656086987359696,5,2.0,0
17.656264420222957,5,1.0,0
17.65822423198605,13,6.0,-5320
17.66011176654385,16,54.0,716
17.66259252727917,113,48.0,-5464
17.668410723322076,13,1.0,-5595
17.669955183511725,16,2.0,7982
17.67056480939678,13,2.0,-5238
17.67090076081823,15,3.0,-3532
17.67103679627312,16,2.0,701
17.67112619549461,17,1.0,-2703
17.67162210552581,5,9.0,0
17.673018753547844,5,3.0,0
17.673040449475764,5,1.0,0
17.674055847119693,14,1.0,-5544
17.67450114981268,5,1.0,0
17.674932805249092,5,2.0,0
17.676782369073553,14,3.0,-5362
17.67793289959483,1,2.0,8735
17.678010759002795,14,3.0,-5463
17.678388235674987,17,6.0,-3636
17.678483571266895,16,8.0,1061
17.678923040284943,7,6.0,8475
17.679611275333233,5,2.0,0
17.67985946003358,4,4.0,8736
17.679917187793187,16,7.0,3840
17.681135013440183,7,2.0,8587
17.682373345989863,7,1.0,8150
17.6827575106943,4,6.0,8737
17.682773600293913,16,35.0,117
17.68282061460506,16,1.0,418
17.683407690148606,17,1.0,-4591
17.683576682297403,1,2.0,8738
17.685576895548007,7,12.0,8257
17.685801659168803,17,1.0,-1618
17.686101757181405,8,5.0,8693
17.686352419571353,5,5.0,0
17.68771053089423,5,29.0,0
17.6880645396327,13,1.0,-5374
17.68812280674896,14,4.0,-5479
17.68851621577232,6,2.0,8697
17.688704059069945,13,2.0,-5671
17.689867154886,13,1.0,-5317
17.689867154886,17,1.0,-5317
17.689983960629796,5,7.0,0
17.69016138607406,14,2.0,-5495
17.691438155811372,13,1.0,-5485
17.691438155811372,17,1.0,-5485
17.691841162610128,7,2.0,7801
17.69192098553439,7,3.0,8498
17.69374518969918,5,3.0,0
17.693828335399974,7,3.0,7899
17.694128362987755,13,1.0,-5549
17.69449173864923,5,1.0,0
17.69506990628728,17,2.0,-1231
17.695121995507307,7,8.0,7975
17.695202190440103,13,4.0,-5428
17.695651389639885,13,6.0,-5628
17.696278459714975,15,1.0,-3326
17.696378997350244,13,3.0,-5607
17.69640592876383,1,4.0,8739
17.69657495326343,14,3.0,-5558
17.69681982429027,13,10.0,-5284
17.697722092752993,17,1.0,-3410
17.69777014266855,5,28.0,0
17.697966047919266,13,11.0,-5624
17.699336127871653,16,2.0,804
17.699469224488936,17,2.0,-1789
17.699475008328154,15,1.0,-3428
17.69952978160631,13,1.0,-5237
17.702365403815175,5,1.0,0
17.702414979043205,17,1.0,-643
17.703364642633932,14,1.0,-5416
17.704092764589312,5,3.0,0
17.704525203615756,16,41.0,175
17.704997937246773,6,3.0,8729
17.705727556951754,5,6.0,0
17.706817147481875,13,2.0,-5484
17.70755656638302,7,1.0,7342
17.708144189905664,8,30.0,8540
17.708570293729586,5,3.0,0
17.709509265886055,14,4.0,-5467
17.71025926726683,13,3.0,-5319
17.71025926726683,17,3.0,-5319
17.710396925374646,14,2.0,-5389
17.71193387124713,15,3.0,-3254
17.71338571233852,13,2.0,-5501
17.71338571233852,17,2.0,-5501
17.713485980349635,14,1.0,-5310
17.713485980349635,17,1.0,-5310
17.71409590971967,3,43.0,8740
17.714097350149082,14,3.0,-5714
17.715402193713828,16,44.0,3447
17.715891919012257,5,3.0,0
17.717340063865368,14,1.0,-5371
17.71910157945159,13,3.0,-5343
17.71910157945159,17,3.0,-5343
17.71925563757346,13,3.0,-5560
17.720381290609318,14,4.0,-5497
17.720381290609318,17,4.0,-5497
17.721081654815762,17,1.0,-1104
17.722392930742622,17,1.0,-238
17.722638250966156,13,3.0,-5431
17.72443171780206,14,13.0,-5620
17.72443171780206,17,13.0,-5620
17.724649402392693,7,3.0,8573
17.72501600602984,13,3.0,-5239
17.725322233986237,17,1.0,-3961
17.725348523087025,6,1.0,8732
17.72571393502384,13,2.0,-5277
17.72571393502384,17,2.0,-5277
17.72579446431702,5,2.0,0
17.72739958041914,5,5.0,0
17.72769635114425,13,1.0,-5412
17.729166485425534,16,1.0,2663
17.729974704352678,15,5.0,-3474
17.730010149256593,17,2.0,-5009
17.730276075029956,6,8.0,8657
17.730366281962834,14,4.0,-5611
17.73058705255631,17,2.0,-2253
17.730957232912527,13,1.0,-5347
17.73100754467319,7,4.0,8253
17.73151250345031,14,3.0,-5538
17.73276456459208,1,3.0,8741
17.733731264101348,13,11.0,-5245
17.733741646672485,9,2.0,7541
17.734315501213786,5,1.0,0
17.73465491592877,13,1.0,-5286
17.735217438941948,5,5.0,0
17.735271226353664,13,1.0,-5720
17.735399042568233,17,1.0,-3673
17.736283397975093,5,1.0,0
17.736992785084208,9,3.0,8653
17.737695302213726,17,9.0,-3907
17.73805472707129,17,4.0,-4271
17.738165781047986,13,1.0,-5355
17.738273053914284,14,1.0,-5729
17.738273053914284,17,1.0,-5729
17.739313598403516,17,15.0,-3358
17.739639602856123,13,1.0,-5270
17.739817717425687,14,4.0,-5441
17.74162214973631,1,1.0,8742
17.741660852239402,17,1.0,-2492
17.741925508932322,7,2.0,7678
17.742771170025247,13,1.0,-5312
17.746167487016287,5,2.0,0
17.74658989621384,17,2.0,-3342
17.748239758641862,6,2.0,8735
17.748736850705697,17,1.0,-2014
17.749120780754538,14,17.0,-5303
17.74912863583943,5,1.0,0
17.749251518816777,15,11.0,-3494
17.749536330554605,17,1.0,-254
17.74955308823387,5,1.0,0
17.750036465718374,9,3.0,8096
17.75142590555373,13,19.0,-5265
17.75161407600924,17,3.0,-1527
17.75192828202906,14,4.0,-5323
17.75340501000342,5,1.0,0
17.7540624688026,5,2.0,0
17.75455837711939,13,1.0,-5589
17.754700184581363,8,2.0,8735
17.7560744609412,14,4.0,-5556
17.75631668601045,17,4.0,-1102
17.757396333697645,13,1.0,-5563
17.757396333697645,17,1.0,-5563
17.75766434467499,6,1.0,8235
17.758532748608985,13,2.0,-5417
17.76031536365488,15,1.0,-3211
17.763028111770947,15,11.0,-3597
17.763619263354233,13,1.0,-5553
17.765737743272204,3,35.0,8743
17.76595743897305,13,2.0,-5630
17.7660801893435,13,1.0,-5587
17.766347729003662,15,4.0,-3236
17.76713645979168,17,5.0,-3625
17.76789469516633,4,6.0,8744
17.76849805382335,113,38.0,-5311
17.768655129794944,17,5.0,-2633
17.76900300899973,5,2.0,0
17.769254959843742,17,1.0,-673
17.77017412708931,113,46.0,-5351
17.770188545641304,7,3.0,8275
17.77037664683094,13,1.0,-5365
17.772147746831504,13,3.0,-5559
17.772359007527317,5,2.0,0
17.772712336307897,16,8.0,3495
17.77291505583103,13,2.0,-5402
17.773221252357047,13,2.0,-5442
17.773221252357047,17,2.0,-5442
17.773848539056896,7,4.0,8303
17.774874368096732,14,4.0,-5445
17.774874368096732,17,4.0,-5445
17.776037993222285,13,2.0,-5339
17.77664807205468,13,10.0,-5247
17.77664807205468,17,10.0,-5247
17.777225972167994,14,2.0,-5555
17.777225972167994,17,2.0,-5555
17.777471037744057,7,18.0,6501
17.77764763080685,15,5.0,-3451
17.778499019172077,13,1.0,-5506
17.77889144371526,17,4.0,-1045
17.77904115075313,17,1.0,-4839
17.779821657059845,14,5.0,-5710
17.77984541692075,1,1.0,8745
17.780847888311474,13,1.0,-5456
17.78212170604056,13,1.0,-5509
17.783800017442573,10,12.0,8616
17.78407727788273,5,1.0,0
17.78467557934575,13,4.0,-5379
17.784686869973175,113,39.0,-5427
17.787488618097534,13,1.0,-5330
17.78750473123493,14,10.0,-5519
17.787656325879635,16,2.0,6075
17.787861771068354,14,1.0,-5236
17.787904331909044,13,1.0,-5273
17.788172763537943,14,4.0,-5516
17.78836088458713,7,3.0,8474
17.78968522559458,17,1.0,-330
17.789739378992294,17,7.0,-3206
17.78985063956347,5,3.0,0
17.791182224158923,17,1.0,-3875
17.792098369014163,14,3.0,-5709
17.792098369014163,17,3.0,-5709
17.7939841468875,13,1.0,-5715
17.794301223765604,13,1.0,-5682
17.794301223765604,17,1.0,-5682
17.79504466294599,16,9.0,3782
17.79555364273662,7,2.0,8476
17.79624726852434,13,1.0,-5297
17.7979301345887,1,6.0,8746
17.798255157616104,14,3.0,-5571
17.798255157616104,17,3.0,-5571
17.798295622560158,5,2.0,0
17.80105225906294,14,1.0,-5512
17.801925223695708,17,2.0,-4321
17.804944404481585,5,3.0,0
17.805771366037696,6,5.0,8668
17.805880672273034,17,1.0,-3374
17.805943694495205,6,1.0,8550
17.807064219497175,17,2.0,-1189
17.807104098153022,16,2.0,460
17.80979409542664,9,2.0,8525
17.8107573867944,5,6.0,0
17.810768915722345,13,1.0,-5356
17.811006850643732,13,6.0,-5246
17.811006850643732,17,6.0,-5246
17.811638748602462,13,1.0,-5474
17.811856694337475,5,1.0,0
17.81194553326173,16,7.0,5303
17.813376332599773,14,2.0,-5546
17.813708578028997,17,2.0,-1121
17.813810729670344,17,1.0,-2873
17.813868300964074,13,54.0,-5598
17.813868300964074,17,54.0,-5598
17.814022792511363,13,2.0,-5329
17.8141885497263,7,9.0,8566
17.814255561412097,5,2.0,0
17.81478449312892,14,1.0,-5569
17.814813220819044,17,3.0,-4365
17.81500701802299,11,3.0,8053
17.815062947973946,17,1.0,-4948
17.815534160737744,1,1.0,8747
17.815628307345644,14,28.0,-5629
17.81625847133749,13,1.0,-5641
17.818051004131878,5,1.0,0
17.81808171063594,14,1.0,-5483
17.81808171063594,17,1.0,-5483
17.821744014821913,13,1.0,-5335
17.823432790512793,14,1.0,-5706
17.823432790512793,17,1.0,-5706
17.823703699512613,17,7.0,-191
17.823925432900054,13,7.0,-5540
17.823925432900054,17,7.0,-5540
17.825293389547582,6,5.0,8715
17.826122965294598,14,2.0,-5659
17.82687328180403,17,31.0,-5184
17.827158125801375,14,1.0,-5642
17.827158125801375,17,1.0,-5642
17.82850366145915,14,4.0,-5406
17.829715800485722,16,4.0,5538
17.83104308324834,13,1.0,-5734
17.83115008000953,113,35.0,-5377
17.832202226202412,1,1.0,8748
17.83359562621744,11,53.0,8686
17.83430275022682,14,2.0,-5577
17.83430275022682,17,2.0,-5577
17.834457467424482,7,6.0,8471
17.834577464173744,17,2.0,-2480
17.83488363131972,4,10.0,8749
17.836570324806214,9,2.0,8473
17.837100221111367,13,57.0,-5578
17.837874958819718,13,2.0,-5733
17.838518991428106,15,1.0,-3669
17.838518991428106,17,1.0,-3669
17.8387438962404,13,2.0,-5392
17.839457658012986,14,5.0,-5539
17.839936617334214,14,4.0,-5243
17.84086856828397,16,1.0,5607
17.84120458197246,13,3.0,-5564
17.842316834413985,13,3.0,-5588
17.842392744687494,17,3.0,-1298
17.84241515240665,16,22.0,3387
17.842486015610454,17,24.0,-810
17.842585696885628,13,8.0,-5665
17.844554819103436,6,2.0,8738
17.84472072407311,7,2.0,8352
17.846872759569692,14,4.0,-5353
17.847346154181594,13,1.0,-5520
17.848657508332916,13,8.0,-5529
17.849556055410225,17,6.0,-2208
17.85016263363411,5,7.0,0
17.850599518071558,17,5.0,-2548
17.852521648030482,17,1.0,-3571
17.853262523139733,15,2.0,-3160
17.85452986199994,5,1.0,0
17.85503343060503,5,2.0,0
17.855046499160057,10,43.0,8740
17.85514241554092,7,2.0,8541
17.855923502747167,13,6.0,-5253
17.856227232361924,17,1.0,-1132
17.856503905091156,13,2.0,-5666
17.85661611678686,14,2.0,-5632
17.85695955643199,5,23.0,0
17.857424078093093,7,4.0,8524
17.857636641329304,16,35.0,2570
17.858048925079277,14,2.0,-5405
17.858488200254424,16,55.0,1733
17.85875503485245,14,1.0,-5394
17.858875722640207,5,6.0,0
17.861214445783446,14,2.0,-5451
17.863769886892566,7,7.0,8593
17.86380087208887,13,4.0,-5750
17.863898224067903,16,9.0,3769
17.864496548900792,13,2.0,-5688
17.86467651038078,15,3.0,-3576
17.865692613289454,14,10.0,-5650
17.865692613289454,17,10.0,-5650
17.865789685312265,5,1.0,0
17.865892030949077,16,7.0,703
17.86713263078814,113,53.0,-5717
17.86783308160858,5,2.0,0
17.869572280813944,13,1.0,-5700
17.869577726926796,5,1.0,0
17.87184683824677,13,3.0,-5288
17.87195128086499,16,8.0,3186
17.872258547090702,16,48.0,663
17.873894884337222,13,8.0,-5292
17.873894884337222,17,8.0,-5292
17.873900368004215,5,7.0,0
17.875179106841433,16,9.0,7414
17.875756234525923,16,5.0,906
17.875855971235346,15,1.0,-3516
17.87636365303149,6,1.0,8671
17.87800075235138,5,2.0,0
17.878548388745706,5,3.0,0
17.88056985761713,5,3.0,0
17.88093104902289,17,1.0,-4528
17.88226181828177,17,7.0,-1869
17.88317719510453,5,1.0,0
17.88337484306365,1,8.0,8750
17.883911907884592,5,5.0,0
17.884212090746104,6,3.0,8568
17.88449977151864,14,3.0,-5575
17.88511449706653,17,3.0,-2334
17.885339627429524,5,4.0,0
17.88585572239683,13,8.0,-5668
17.886679351181073,5,3.0,0
17.887650655134056,5,6.0,0
17.888046554376473,15,13.0,-3222
17.88825355056438,17,1.0,-2615
17.888665678282095,7,6.0,8411
17.889591535837894,14,2.0,-5584
17.889591535837894,17,2.0,-5584
17.890006275669997,5,1.0,0
17.890353142912264,7,1.0,7220
17.8911404320575,9,2.0,8521
17.893077449833186,13,2.0,-5358
17.893335882109554,7,1.0,8530
17.894588748955478,17,1.0,-464
17.894652202568913,15,2.0,-3182
17.894929481568195,5,2.0,0
17.89573368102315,14,3.0,-5730
17.89828149819556,5,2.0,0
17.898337653096355,5,3.0,0
17.899143656106233,14,5.0,-5541
17.899425404043683,1,7.0,8751
17.900977852289476,7,5.0,8477
17.901316638598278,11,1.0,8666
17.902937502646715,16,47.0,116
17.902967931690238,13,2.0,-5600
17.904041842537737,5,1.0,0
17.904612599606757,1,4.0,8752
17.905015039671014,14,1.0,-5260
17.90544884092974,13,6.0,-5683
17.90552161037567,14,2.0,-5751
17.90552161037567,17,2.0,-5751
17.907682794044593,17,2.0,-267
17.908016599091567,1,1.0,8753
17.909125346156195,5,6.0,0
17.90936199034705,16,5.0,6323
17.910086465524806,14,6.0,-5694
17.910096898956322,15,1.0,-3425
17.910474442400073,14,6.0,-5676
17.910474442400073,17,6.0,-5676
17.912230659314908,14,4.0,-5280
17.912230659314908,17,4.0,-5280
17.914383383782074,17,1.0,-5144
17.914572157400713,13,3.0,-5525
17.91534514503573,6,4.0,8595
17.915532688365435,13,2.0,-5585
17.91581232049888,15,1.0,-3367
17.916052876851214,13,2.0,-5655
17.916387435059022,7,1.0,8574
17.916655066883642,7,8.0,8393
17.91741313284199,13,1.0,-5455
17.918217381708153,17,1.0,-3054
17.918535841352046,5,2.0,0
17.921593365471654,6,1.0,8709
17.921751894484352,5,3.0,0
17.921959544163332,5,16.0,0
17.923398011850853,15,2.0,-3198
17.9236068927885,5,3.0,0
17.92410574148129,5,4.0,0
17.92563792878523,5,1.0,0
17.925678238043897,17,1.0,-2404
17.92626131970166,13,1.0,-5502
17.92626131970166,17,1.0,-5502
17.926705638244552,14,6.0,-5248
17.926705638244552,17,6.0,-5248
17.926955388177266,1,2.0,8754
17.927482143148833,4,11.0,8755
17.929066262625177,14,1.0,-5742
17.930067878689705,7,2.0,8318
17.931161792788075,7,2.0,8446
17.931348369674005,14,7.0,-5304
17.931907588965228,11,3.0,8652
17.931931792069744,16,2.0,3210
17.933330826417546,13,2.0,-5268
17.93395380623945,13,2.0,-5651
17.93407435763516,5,3.0,0
17.935474073177115,7,11.0,6296
17.935882408319557,13,3.0,-5738
17.935882408319557,17,3.0,-5738
17.93593703662126,13,3.0,-5341
17.93630557950056,1,4.0,8756
17.93657008748068,7,1.0,8343
17.93694696145296,14,4.0,-5287
17.93694696145296,17,4.0,-5287
17.939820537545433,7,20.0,8699
17.940714877123852,1,9.0,8757
17.941031968731465,7,3.0,8641
17.942900499585747,14,3.0,-5443
17.94336913111435,9,2.0,8251
17.943607030263554,5,1.0,0
17.94538429150063,7,1.0,8592
17.94561358516995,14,1.0,-5727
17.94584299730933,13,2.0,-5385
17.94595528963291,13,2.0,-5241
17.946129517303497,17,4.0,-4966
17.94670955237316,5,3.0,0
17.94725012644898,17,6.0,-4670
17.948226852663524,14,6.0,-5276
17.948589188363368,5,2.0,0
17.948634969626948,15,1.0,-3281
17.948767805030393,5,2.0,0
17.94943885093614,16,5.0,2723
17.950460500462157,9,6.0,8236
17.950689558303885,17,18.0,-3423
17.95072615206954,17,1.0,-274
17.952074388396046,13,49.0,-5536
17.95212607122047,16,5.0,3243
17.952239283979594,16,7.0,5807
17.953247734150988,5,7.0,0
17.953750960300816,13,1.0,-5267
17.953965704735555,13,1.0,-5534
17.95502670050397,1,5.0,8758
17.95578694659399,6,1.0,8599
17.955943892965387,17,2.0,-662
17.955959280196694,16,6.0,839
17.95628253558224,5,2.0,0
17.956583172291772,6,8.0,8750
17.95748522676912,13,11.0,-5380
17.958034320487457,5,1.0,0
17.959143695769374,14,2.0,-5653
17.959143695769374,17,2.0,-5653
17.960659588656608,13,4.0,-5547
17.961149554162876,5,3.0,0
17.961385704693797,13,2.0,-5579
17.9614853166644,16,5.0,3837
17.9618017787298,13,1.0,-5318
17.96204766317792,5,4.0,0
17.96236354786732,5,6.0,0
17.96272185549182,14,8.0,-5636
17.96402835489321,13,1.0,-5429
17.96410340061255,13,1.0,-5478
17.96566728254686,14,4.0,-5511
17.96566728254686,17,4.0,-5511
17.96644242015522,5,1.0,0
17.96681025159072,13,1.0,-5424
17.967363964015895,17,7.0,-4593
17.96778742453273,16,7.0,447
17.96809037770193,14,3.0,-5340
17.969490160755697,17,3.0,-1006
17.972110824806617,5,1.0,0
17.972474997131812,15,8.0,-3590
17.972994366461407,5,2.0,0
17.9738856835984,13,1.0,-5488
17.9738856835984,17,1.0,-5488
17.97456991637091,10,10.0,8749
17.97468113631887,14,4.0,-5708
17.975245521050294,5,1.0,0
17.975916591741264,13,1.0,-5259
17.97673806293153,16,5.0,4663
17.977105330603553,5,5.0,0
17.977606752963432,13,1.0,-5695
17.977606752963432,17,1.0,-5695
17.978192145727178,5,1.0,0
17.978772440523503,13,18.0,-5381
17.978772440523503,17,18.0,-5381
17.97977815090433,13,2.0,-5658
17.979882939572235,17,1.0,-624
17.979997380139466,6,2.0,8295
17.98036679874629,14,2.0,-5712
17.980539292315548,11,8.0,8604
17.981809621800856,13,2.0,-5503
17.982556868054303,1,2.0,8759
17.98262489785708,15,5.0,-3562
17.982645984647213,13,12.0,-5725
17.98274124074855,7,4.0,8615
17.983459903353943,5,1.0,0
17.983652397714845,13,1.0,-5296
17.98433848775083,5,3.0,0
17.98487333816115,17,25.0,-4200
17.985127142210697,15,5.0,-3368
17.985340653787187,13,1.0,-5415
17.986857367300008,13,6.0,-5645
17.987057805061987,7,3.0,4822
17.98708331559077,13,2.0,-5384
17.987849336694687,7,3.0,7824
17.989027347599198,13,14.0,-5444
17.98911897780907,17,5.0,-1581
17.98947706213129,13,6.0,-5731
17.989888949478356,6,7.0,8611
17.990738137915926,5,6.0,0
17.990900050832412,17,8.0,-3018
17.991026341764464,13,22.0,-5294
17.99134836758773,17,4.0,-4316
17.992387958980462,14,1.0,-5543
17.99386939361831,5,3.0,0
17.994401737268216,13,3.0,-5378
17.995820487750922,17,1.0,-4743
17.996675742692485,14,4.0,-5388
17.997960685847897,14,6.0,-5649
18.000220023590416,5,1.0,0
18.00116946064101,16,14.0,2482
18.001631170707803,13,7.0,-5798
18.00207125729105,13,3.0,-6076
18.002148888002026,16,3.0,3002
18.002917695495473,13,1.0,-6168
18.003102271109107,14,2.0,-5904
18.00364030940507,14,5.0,-5754
18.004100746269774,13,2.0,-6054
18.004312919626027,14,9.0,-6138
18.004777825734664,9,20.0,8423
18.00509303659198,13,1.0,-5821
18.006255907999645,15,1.0,-4027
18.0078444054719,14,1.0,-6227
18.008980946707,7,3.0,8160
18.01037134927367,13,1.0,-5807
18.010646242476774,14,1.0,-6263
18.01087882129504,5,2.0,0
18.013438875745674,13,3.0,-6326
18.013611292060872,14,2.0,-6053
18.01447240524774,9,6.0,8598
18.014967134914553,13,1.0,-6071
18.01630999529281,15,3.0,-3683
18.017286823149924,13,1.0,-6197
18.020196005042784,15,3.0,-3983
18.020622245906324,5,7.0,0
18.02092012030889,11,4.0,8487
18.021751238151435,5,1.0,0
18.021904352101043,5,4.0,0
18.023144299225866,14,1.0,-6164
18.02388198803293,10,6.0,8744
18.02419804478111,5,3.0,0
18.024296470670077,7,10.0,8601
18.027177993986744,11,6.0,8610
18.027648521307643,13,2.0,-6322
18.028572877121753,1,1.0,8760
18.02869357671665,6,24.0,8665
18.029802511091102,5,1.0,0
18.033314531241288,5,1.0,0
18.034289796419362,7,2.0,8567
18.035051020856585,14,2.0,-6093
18.036880805703834,6,5.0,8613
18.036898681760192,16,5.0,5687
18.038149293317435,14,1.0,-6323
18.039446469988537,8,2.0,8522
18.039475761767996,15,5.0,-4018
18.041271268920546,15,2.0,-3776
18.041404658137015,13,1.0,-6228
18.042024422507012,113,25.0,-5774
18.04207678226541,15,8.0,-3992
18.04220345550193,5,3.0,0
18.042854473091644,9,3.0,8401
18.04382019711188,14,9.0,-5853
18.04488030089196,13,6.0,-5988
18.04929330692689,14,4.0,-6275
18.050203930829607,13,52.0,-5997
18.050738078574703,13,1.0,-6036
18.050742738501647,14,1.0,-6194
18.0509662836052,5,3.0,0
18.05143838820217,5,1.0,0
18.05272629303792,17,2.0,-1961
18.053089368681267,13,1.0,-6041
18.053222602985574,7,5.0,8576
18.053319330679,5,7.0,0
18.05360992489923,16,23.0,2295
18.054088347289614,6,5.0,8673
18.054367475547263,5,3.0,0
18.055148047062005,17,2.0,-2303
18.055689526290017,5,3.0,0
18.056611149728926,8,9.0,8658
18.05676958627955,5,3.0,0
18.056827821770433,15,5.0,-3954
18.05704253879102,15,6.0,-4166
18.058031311946788,5,2.0,0
18.05883207756669,13,1.0,-5783
18.059060167316485,5,3.0,0
18.060176590943897,13,2.0,-5825
18.060827690562807,5,3.0,0
18.060975138206587,16,17.0,5448
18.063321050752286,17,1.0,-2523
18.063454283951405,14,2.0,-6285
18.063543667387197,7,1.0,8293
18.064489880554827,13,3.0,-6022
18.066320933510635,13,7.0,-6240
18.0664042935616,15,1.0,-3944
18.068313431883702,14,3.0,-6155
18.070741923245972,13,4.0,-6191
18.071525151525954,13,1.0,-5994
18.07187422088081,6,2.0,8545
18.074103299431954,16,9.0,3896
18.075649609522113,13,8.0,-6177
18.075709387919318,17,2.0,-1474
18.076777086384524,14,3.0,-5858
18.077789146508756,10,5.0,8676
18.07927537168633,13,3.0,-5975
18.07986084750046,5,1.0,0
18.08002746968178,16,3.0,4354
18.08035483051978,7,2.0,8677
18.081252520665544,15,7.0,-3724
18.08157372014317,13,1.0,-5976
18.082550776196868,5,8.0,0
18.083139991250412,13,4.0,-6265
18.084182904715657,13,3.0,-5915
18.085213916787747,16,3.0,7128
18.085608836112513,17,1.0,-1719
18.08620043580141,5,4.0,0
18.08631837484213,7,1.0,8571
18.08795617401087,13,2.0,-6236
18.088352517060805,1,2.0,8761
18.08845959948627,14,4.0,-5873
18.089812724095825,13,2.0,-5796
18.090332480518658,14,1.0,-5842
18.09064013387551,13,2.0,-5886
18.09075046698508,5,2.0,0
18.091036695764068,13,1.0,-5755
18.09124109341005,5,4.0,0
18.093939859345394,5,3.0,0
18.096563831966275,5,1.0,0
18.096767125688576,13,2.0,-6325
18.097716864464523,6,2.0,8708
18.098750073951617,6,6.0,8734
18.099012246178056,13,4.0,-5925
18.102152869751283,17,9.0,-2991
18.102357240951637,14,2.0,-5762
18.10265700159931,14,2.0,-6001
18.103683316157678,13,3.0,-6145
18.10464337876124,17,4.0,-1317
18.104764720455922,16,3.0,6559
18.10510888109753,13,1.0,-5984
18.106224976752475,16,41.0,3373
18.107090377697215,15,6.0,-4099
18.107233064912812,13,9.0,-5964
18.108818219836373,13,14.0,-5875
18.109985323463658,13,3.0,-6305
18.110320711892108,15,1.0,-3840
18.110668938305015,13,1.0,-5805
18.113329259737416,11,8.0,8555
18.11370250560284,113,51.0,-6112
18.11454926145807,13,1.0,-6217
18.115778720591475,1,7.0,8762
18.116852484924628,14,2.0,-5841
18.11763120145884,13,2.0,-5831
18.117835911490513,5,5.0,0
18.11864349780848,13,1.0,-6226
18.11972454157561,11,1.0,8674
18.12016662283675,7,3.0,8554
18.12061390683203,14,1.0,-6094
18.121161007664824,13,1.0,-5790
18.123405613250956,14,4.0,-6152
18.123465930940235,13,1.0,-6224
18.123950709032115,14,3.0,-5906
18.124350219107612,17,1.0,-3060
18.124469223216924,14,6.0,-6258
18.124604671185555,13,1.0,-6331
18.12462464965458,6,1.0,8753
18.124683562618706,17,1.0,-1819
18.125666229256424,13,1.0,-5801
18.126192484257793,13,1.0,-6030
18.127556478711455,5,2.0,0
18.12912607996482,15,1.0,-3938
18.129282937164806,8,3.0,8462
18.130785008517307,8,5.0,8454
18.13144282499929,5,3.0,0
18.13218895786874,5,5.0,0
18.133832451724444,16,2.0,1797
18.134321008942372,5,3.0,0
18.134436909904757,7,57.0,8099
18.13533774144767,17,1.0,-2394
18.135868879888235,16,10.0,6009
18.13600990639115,13,2.0,-5782
18.136481479885664,14,2.0,-5866
18.137795234979848,17,1.0,-2080
18.138454202129708,15,8.0,-3855
18.138454202129708,17,8.0,-3855
18.1400728958695,5,12.0,0
18.140100062029042,5,3.0,0
18.140446514861537,16,8.0,2294
18.14104094010656,6,3.0,8741
18.141170555913178,15,1.0,-3802
18.141267788093497,14,4.0,-6042
18.141569928084717,13,3.0,-5938
18.142165175460146,6,2.0,8701
18.142211484416347,14,1.0,-5804
18.143283988028728,17,4.0,-1866
18.144527303688967,1,1.0,8763
18.14550646746947,14,4.0,-6100
18.148199954675988,13,5.0,-5836
18.14908619532399,15,13.0,-4132
18.1496192132877,14,4.0,-6148
18.149810618951594,13,5.0,-5957
18.15095287468508,5,1.0,0
18.15143102757882,5,4.0,0
18.151919530942905,5,5.0,0
18.15197753027658,113,52.0,-5837
18.15347863732529,17,1.0,-3148
18.15463978497039,13,1.0,-6203
18.15479665811708,17,3.0,-2034
18.155996121429748,13,4.0,-6332
18.15630952397205,5,3.0,0
18.156451526016788,5,5.0,0
18.15767208956147,16,6.0,2403
18.158262502363105,5,3.0,0
18.15852894710212,6,2.0,8754
18.159206705434983,7,2.0,8528
18.162037687448645,7,5.0,8626
18.16222611807889,11,44.0,8427
18.163937185043473,5,3.0,0
18.16414686890998,7,1.0,8621
18.16470767512503,16,1.0,7177
18.16552892700201,17,1.0,-302
18.165872826575693,16,5.0,5795
18.16821782028434,14,1.0,-5929
18.168598248449616,13,8.0,-5888
18.169560498287655,1,3.0,8764
18.170685950871867,8,2.0,8575
18.171211934269362,13,3.0,-5822
18.172135986230767,5,3.0,0
18.172448040911767,17,2.0,-1093
18.1735323065036,13,1.0,-5770
18.174820291530324,16,47.0,3
18.175842143405106,7,1.0,8405
18.17646968956333,4,24.0,8765
18.17662035962443,17,4.0,-1533
18.177155523171685,5,3.0,0
18.178627512763885,14,3.0,-5913
18.178711674686056,16,8.0,2090
18.17885363450489,7,6.0,8481
18.179144343376638,16,3.0,2120
18.180692077200607,13,2.0,-6089
18.18096502903402,6,4.0,8739
18.182474358014325,13,3.0,-6158
18.1827526909285,5,3.0,0
18.182915152309818,7,5.0,8387
18.183482907054447,5,3.0,0
18.183555431019645,13,5.0,-5876
18.184736978202046,13,1.0,-5919
18.185481595538505,15,7.0,-3783
18.185617677402828,15,3.0,-4028
18.18672352841514,14,3.0,-6288
18.187047685597538,15,2.0,-3886
18.187157558425426,14,1.0,-6223
18.187224137729714,14,1.0,-6254
18.187368837678516,17,4.0,-3282
18.188249408094652,15,1.0,-4041
18.188255246318874,5,3.0,0
18.189158680801444,5,4.0,0
18.189655020659178,15,1.0,-4101
18.189786514531438,14,6.0,-6081
18.1902431728864,13,2.0,-5871
18.191569099517483,5,3.0,0
18.191798612911853,16,13.0,664
18.19194294943629,6,6.0,8655
18.192152884448422,14,4.0,-5900
18.192609165115304,14,3.0,-6110
18.19316770252184,17,3.0,-1418
18.193871590745495,11,38.0,8493
18.194517959994208,5,5.0,0
18.194716663704902,17,4.0,-669
18.194903135610392,5,3.0,0
18.19533200183035,13,1.0,-5936
18.19575543621322,5,10.0,0
18.195904650494427,15,4.0,-3745
18.19602612334787,14,2.0,-5781
18.196103129664674,14,2.0,-6198
18.196130579126894,5,3.0,0
18.19697864236541,16,2.0,280
18.199003540226208,13,1.0,-6021
18.200541438068676,5,1.0,0
18.201159125087663,14,4.0,-6296
18.201396884587282,14,1.0,-6122
18.202541433191804,17,4.0,-361
18.2031782155659,14,1.0,-5791
18.204240768381396,6,4.0,8443
18.20568305049312,17,5.0,-49
18.206181393478076,17,5.0,-1522
18.20694754063528,13,1.0,-5757
18.207132492206945,14,2.0,-6086
18.20760377497216,113,27.0,-6062
18.207687087334815,13,3.0,-6101
18.210561704094097,17,4.0,-4344
18.211629791115218,5,4.0,0
18.211742317670897,14,3.0,-5803
18.2125753030952,14,1.0,-6088
18.213643917982075,14,2.0,-5800
18.213698553906365,5,4.0,0
18.215495282743845,13,1.0,-5856
18.21670055591732,7,3.0,8421
18.21983555576407,14,2.0,-6047
18.22003985114014,17,3.0,-865
18.220829117294542,17,1.0,-3172
18.221200493341165,15,1.0,-3711
18.221487596201523,5,1.0,0
18.22207810819675,13,1.0,-5941
18.222725280400866,17,1.0,-3805
18.22304539865465,15,3.0,-3993
18.22343155454093,14,1.0,-5789
18.223760618227402,13,1.0,-5813
18.223833044928433,15,10.0,-4104
18.22449751760226,17,4.0,-4275
18.225261906195534,14,1.0,-6165
18.225431103840595,13,6.0,-6239
18.226402961146032,5,1.0,0
18.227776734703205,16,6.0,5591
18.228015254880624,13,4.0,-5921
18.228094274730914,13,7.0,-6329
18.228112527766733,5,2.0,0
18.228818836417528,5,29.0,0
18.229480843973874,17,5.0,-958
18.230238715831213,5,1.0,0
18.23097328656846,15,1.0,-3866
18.23104396865247,13,2.0,-6304
18.231646018441154,16,3.0,2620
18.23597872915063,14,6.0,-6190
18.236486970369217,4,7.0,8766
18.236807201683135,17,3.0,-2667
18.237817330497812,16,2.0,3960
18.237828345588053,16,8.0,1038
18.23823648550656,7,1.0,8360
18.23937427277098,14,3.0,-6091
18.24028430575928,16,2.0,4256
18.24032059949252,5,1.0,0
18.240522689788833,5,4.0,0
18.240546019157435,15,3.0,-3942
18.240936802772886,6,2.0,8660
18.24117071637447,16,33.0,341
18.241549058801677,16,14.0,959
18.241812614063114,5,3.0,0
18.242567633344265,16,6.0,7316
18.243868441533813,5,9.0,0
18.244401202405506,16,3.0,8442
18.24479167276748,9,4.0,8486
18.24490087941908,14,1.0,-5776
18.245068525226095,15,9.0,-3984
18.246194820349572,13,2.0,-5826
18.24654347073532,17,4.0,-4713
18.246579469495074,7,3.0,8659
18.246579469495074,16,3.0,8659
18.24732158064345,7,6.0,7792
18.249578150279117,5,15.0,0
18.249701973571995,17,3.0,-3691
18.253021266725256,5,2.0,0
18.253547651327942,10,5.0,8656
18.253778056319316,9,5.0,8454
18.25497481607727,5,3.0,0
18.25594747839646,16,47.0,4880
18.256374865318385,11,29.0,8703
18.25803277440748,5,8.0,0
18.258854393132758,7,2.0,8685
18.25932539936093,5,6.0,0
18.259843095194235,15,3.0,-4064
18.260187415728005,13,2.0,-5850
18.260330646354653,17,5.0,-4870
18.260614332570047,6,24.0,8733
18.260820409114718,15,7.0,-3951
18.261104893423322,9,7.0,7362
18.26115195703311,5,1.0,0
18.261244080266206,6,7.0,8751
18.261702867408953,13,2.0,-6269
18.261832425479135,12,18.0,7642
18.26234775926772,17,1.0,-2889
18.262647022685535,15,2.0,-4076
18.26364050095318,17,2.0,-4917
18.2638914003779,14,3.0,-6234
18.26425111365156,14,1.0,-6095
18.264419952978688,13,1.0,-6004
18.264839324138897,13,2.0,-6057
18.26549497024179,13,5.0,-6105
18.265860991432916,7,4.0,8402
18.270318224492236,13,3.0,-6182
18.270548376990988,17,8.0,-3517
18.270846477096313,13,5.0,-5867
18.270852606265223,13,4.0,-6069
18.270865056373616,17,6.0,-5274
18.27335074091605,13,1.0,-6264
18.273711780904293,14,2.0,-5810
18.275392605188653,13,2.0,-5986
18.275980364051044,14,2.0,-6157
18.27664750456419,5,4.0,0
18.276735891856774,13,9.0,-5949
18.27693089714719,13,4.0,-6310
18.27775967956501,14,3.0,-5920
18.278966907428366,5,1.0,0
18.279042344336236,5,1.0,0
18.27924763182017,16,4.0,4059
18.279255531231524,16,58.0,718
18.27940766650772,13,1.0,-6274
18.27986146136438,13,2.0,-5884
18.28004016636033,17,4.0,-4819
18.280308642927217,13,1.0,-6077
18.280758501744717,13,1.0,-6034
18.281734115733798,13,1.0,-5880
18.283077354622936,17,2.0,-4712
18.28337206691519,5,4.0,0
18.28595089398359,17,6.0,-2993
18.286462467684206,13,2.0,-6186
18.28683488689411,16,1.0,2529
18.288262545783727,13,1.0,-5849
18.289363003942665,6,10.0,8661
18.289369132445543,5,3.0,0
18.289417170902624,15,1.0,-3822
18.2903619362697,13,3.0,-5892
18.290934924285366,15,1.0,-3706
18.291936435596334,14,6.0,-5785
18.292846479171875,7,8.0,8504
18.294040074496127,14,2.0,-6039
18.294897525361357,5,2.0,0
18.297156853108117,13,1.0,-5973
18.297745493392934,5,1.0,0
18.298518631830305,5,3.0,0
18.298585882023342,7,1.0,8437
18.298803967108185,5,11.0,0
18.29893142632118,13,1.0,-5960
18.30122352124117,13,1.0,-5854
18.30128359246179,14,1.0,-6266
18.30207879193021,13,1.0,-5832
18.306407584886113,17,3.0,-3296
18.306612498324213,14,4.0,-5802
18.307619873259632,5,3.0,0
18.309634522228485,13,2.0,-6206
18.311762579011177,13,1.0,-5872
18.311798208873178,17,1.0,-4818
18.312060522913207,14,3.0,-6028
18.312844318154994,7,1.0,8488
18.31314593567582,11,2.0,8492
18.313575879959764,17,1.0,-5699
18.313962171437126,5,4.0,0
18.316669512654713,13,3.0,-6061
18.31814328639634,17,5.0,-232
18.318632505044956,5,3.0,0
18.318709322269115,14,5.0,-6179
18.318898476881753,13,30.0,-5917
18.31936687553944,14,1.0,-6283
18.319449717642406,15,4.0,-3752
18.31954040898621,14,1.0,-6167
18.320516136453517,5,16.0,0
18.32106789466888,15,2.0,-4078
18.321786405917777,5,3.0,0
18.32260132800079,5,4.0,0
18.323317116444663,5,1.0,0
18.323868682885664,7,3.0,8129
18.32416254069445,5,2.0,0
18.324525889036178,16,1.0,5371
18.325590741661426,5,2.0,0
18.32733546190585,13,1.0,-5809
18.327592488401734,5,4.0,0
18.328113782265202,14,26.0,-5879
18.32864914535681,9,7.0,8368
18.328691454350924,13,1.0,-5923
18.329497954256393,1,4.0,8767
18.330313283676194,17,2.0,-3178
18.330683349684055,16,31.0,7
18.331149582207832,16,5.0,4084
18.331223820940238,13,1.0,-5897
18.332840491036777,13,17.0,-6143
18.334822713994985,5,1.0,0
18.334952667015873,5,1.0,0
18.336008790955326,17,3.0,-1640
18.33640027459738,13,6.0,-6180
18.337288710058296,13,1.0,-5766
18.338466551422837,5,7.0,0
18.338800880716295,13,2.0,-6334
18.33898115537479,8,8.0,8750
18.339334184811186,14,5.0,-6257
18.34054097669536,13,5.0,-6280
18.34089564002409,15,6.0,-4129
18.34182382005085,17,1.0,-3372
18.342751628094252,14,3.0,-6233
18.343371285447493,13,5.0,-5889
18.344235372238344,5,4.0,0
18.34451127584682,14,4.0,-6087
18.344944785135024,6,3.0,8764
18.344981882971776,5,2.0,0
18.345163688051482,5,8.0,0
18.345562520683732,11,1.0,8558
18.347212503877117,17,4.0,-1493
18.34727561255009,13,3.0,-6172
18.34744758309735,14,1.0,-5845
18.348077752891452,13,1.0,-5769
18.34885540232194,15,1.0,-4122
18.34893967735926,13,12.0,-5903
18.349792603972045,17,1.0,-4621
18.350017516903335,17,2.0,-4700
18.3505817046604,17,1.0,-4380
18.350911447749446,17,9.0,-3237
18.35102973841818,5,2.0,0
18.35108295272381,5,1.0,0
18.351490213116605,13,13.0,-6270
18.351799058901282,5,4.0,0
18.354366005975315,17,3.0,-597
18.357096076585112,5,2.0,0
18.35734870333159,17,5.0,-4471
18.35870697899427,13,8.0,-6302
18.358776793200157,6,2.0,8700
18.358860869240743,13,1.0,-6247
18.359655489054685,5,2.0,0
18.360164790166156,17,2.0,-391
18.362317945906437,13,1.0,-6121
18.362698320173102,16,4.0,4228
18.36354733048273,5,1.0,0
18.364914011034333,7,6.0,8588
18.365616743333256,4,1.0,8768
18.36609821151628,5,3.0,0
18.366492683414194,17,5.0,-2464
18.36665315657708,5,6.0,0
18.36729981416449,13,2.0,-5775
18.368721690432555,15,2.0,-3920
18.36872915472079,13,4.0,-6067
18.368935977654324,14,2.0,-5814
18.36948864483782,15,1.0,-3806
18.369591564129323,17,1.0,-107
18.37015293515192,13,1.0,-5768
18.370211647739772,5,3.0,0
18.370993445966576,13,2.0,-6134
18.371112010219978,8,3.0,8505
18.37144348648855,17,2.0,-1691
18.373041925016317,7,2.0,8079
18.37347179758336,5,2.0,0
18.37365626024183,15,7.0,-3837
18.374384259445613,17,1.0,-1780
18.37586161654542,14,10.0,-6207
18.375953920187882,5,3.0,0
18.37640139076555,13,2.0,-6114
18.378655551455882,5,1.0,0
18.378706673098357,5,4.0,0
18.378942264617546,11,5.0,8503
18.380056997288673,7,2.0,8697
18.380733283245263,12,2.0,8723
18.380891025790312,13,2.0,-6184
18.38164364133184,13,7.0,-6017
18.38197155023053,5,7.0,0
18.382407858348735,17,1.0,-1838
18.385651237872572,13,3.0,-5979
18.389366196245707,5,6.0,0
18.389737285826367,7,1.0,8465
18.39085343331068,5,4.0,0
18.391890510165986,7,3.0,8500
18.392699987440192,17,1.0,-4614
18.3940640062572,14,11.0,-6025
18.394104144818332,5,10.0,0
18.394446887641987,14,2.0,-5946
18.39494206759433,14,5.0,-6102
18.395419896260528,17,2.0,-575
18.396408962840344,7,3.0,8625
18.39680778872728,13,13.0,-5835
18.397147299546962,14,1.0,-6337
18.397760182708012,17,3.0,-1779
18.398097391233613,9,2.0,8723
18.398268488575138,14,1.0,-6193
18.399642681620726,16,1.0,6548
18.40003404732685,14,4.0,-5763
18.402041634951647,17,1.0,-2475
18.40338366846828,14,2.0,-5772
18.40379999041284,1,1.0,8769
18.403897595610722,5,7.0,0
18.40490685191879,10,7.0,8766
18.405478314934914,13,2.0,-6192
18.4055363167851,13,1.0,-6006
18.40663647081609,11,32.0,8602
18.408812252669424,13,1.0,-6023
18.409502422522902,1,2.0,8770
18.410497261924593,14,11.0,-6185
18.410715115139368,8,2.0,8295
18.411037114027607,15,2.0,-3843
18.41139764987941,17,7.0,-4505
18.41146668604968,16,11.0,4146
18.411538197218114,5,4.0,0
18.411680771435762,17,2.0,-4589
18.41224685411438,13,2.0,-5995
18.412295573199014,14,2.0,-6279
18.41321526067,14,2.0,-6096
18.414579504284234,5,1.0,0
18.415346120860935,13,1.0,-6221
18.416238281935076,17,13.0,-1712
18.416354132351636,16,6.0,779
18.417081861635694,5,2.0,0
18.41824233445908,13,2.0,-6315
18.41830201989379,15,50.0,-3975
18.41919706428523,15,3.0,-3838
18.41925715003604,13,3.0,-5808
18.419621853740274,16,2.0,2379
18.419959448082356,13,1.0,-6243
18.420288495910825,13,2.0,-6107
18.420972153378006,5,2.0,0
18.421255425818924,7,2.0,8680
18.421271283494335,13,1.0,-6201
18.421537739894596,15,1.0,-4010
18.42197146720803,5,3.0,0
18.423616614484637,7,3.0,8557
18.423700824671705,5,5.0,0
18.42407635559583,14,7.0,-5816
18.425998159493307,6,4.0,8752
18.426910821896392,113,52.0,-6187
18.4277768821659,5,2.0,0
18.428312350549955,5,2.0,0
18.428338980427945,17,1.0,-4639
18.428614999546546,14,8.0,-6230
18.430048714879867,14,6.0,-5933
18.430466864901994,17,2.0,-4843
18.43150600714001,5,3.0,0
18.432454333894828,5,4.0,0
18.43253187848253,13,1.0,-5950
18.432944189988625,13,6.0,-5978
18.43341329144346,113,14.0,-5767
18.4339905520106,7,2.0,8463
18.434025438791778,17,1.0,-855
18.43435075183662,16,1.0,5596
18.434639184195216,13,7.0,-6045
18.434955022684726,14,40.0,-6307
18.435755918012212,14,1.0,-5860
18.4367916140793,13,5.0,-6048
18.437579698128346,13,4.0,-6116
18.438460735344023,14,4.0,-6032
18.438482981842068,17,2.0,-39
18.43963816477187,5,1.0,0
18.440987978363157,14,2.0,-6173
18.443306518036305,13,6.0,-5962
18.443502942396083,5,1.0,0
18.445927005829546,16,33.0,7561
18.44660569853789,17,1.0,-92
18.450974354011407,7,7.0,8222
18.451021156182563,17,5.0,-5561
18.45255793369796,113,53.0,-6277
18.452584622392003,13,1.0,-5760
18.452772220083716,13,1.0,-6060
18.454100901199663,16,12.0,1495
18.454169196660878,17,3.0,-2385
18.45526880129731,1,3.0,8771
18.455946630867775,13,3.0,-6037
18.456150229302132,17,3.0,-4661
18.456396339036324,13,5.0,-6133
18.45710587295816,13,1.0,-6150
18.458404738116894,14,4.0,-5846
18.45992177473513,15,3.0,-4059
18.4601615315591,14,4.0,-6161
18.460810248433518,15,1.0,-4127
18.461006031966033,5,1.0,0
18.461785627949457,17,1.0,-638
18.46267848782734,14,2.0,-6324
18.462714038585062,7,2.0,8667
18.463032056001385,13,1.0,-6174
18.46398625642804,11,13.0,8654
18.464428256729704,16,14.0,5304
18.46497892025416,13,2.0,-5855
18.465458454423757,8,2.0,8695
18.466035344937655,14,3.0,-5965
18.466943244215006,13,4.0,-5852
18.467634432000175,13,2.0,-5961
18.46804358926242,17,2.0,-4498
18.46814195281307,7,2.0,8628
18.46869870262771,17,5.0,-4669
18.469294430774667,9,5.0,8693
18.469418777873827,17,2.0,-2960
18.469912461011067,15,4.0,-3733
18.470014280486282,14,1.0,-5874
18.470489582940044,9,2.0,8501
18.473540888233106,1,2.0,8772
18.473955006422596,15,1.0,-4191
18.47425071163941,15,6.0,-3787
18.47534899545198,5,1.0,0
18.47671899060364,16,54.0,305
18.477119385366784,4,5.0,8773
18.479397012096904,9,3.0,4974
18.480148247285417,14,5.0,-5797
18.480504676107227,7,12.0,8479
18.480900924321976,17,3.0,-3438
18.48100685082888,5,2.0,0
18.4814230144125,16,5.0,7006
18.481802870741546,17,6.0,-122
18.48189034392294,13,1.0,-5907
18.482120760373924,17,1.0,-1445
18.482205028439587,13,1.0,-6018
18.48221350931507,5,4.0,0
18.482937709227983,17,3.0,-3560
18.483643181157333,4,15.0,8774
18.483886302423773,5,2.0,0
18.483925264570747,14,2.0,-5932
18.484061283018335,17,5.0,-975
18.4846175747078,13,1.0,-5922
18.484720611053195,13,1.0,-5918
18.485790639853818,5,2.0,0
18.488365405402295,13,1.0,-5898
18.488690270367307,17,1.0,-5702
18.488801671372055,17,1.0,-2389
18.48982279263121,14,2.0,-6204
18.490190978805863,13,1.0,-5788
18.49044413370236,15,2.0,-3928
18.4929781547315,13,1.0,-5761
18.495709008028573,113,40.0,-6319
18.496738250258094,14,4.0,-5784
18.497833450802997,13,1.0,-5891
18.497855045044137,14,1.0,-6253
18.49809810610632,17,2.0,-535
18.49898280032577,13,4.0,-6068
18.500457215658727,14,5.0,-6013
18.501258528809185,13,1.0,-5847
18.502466534059614,17,6.0,-4263
18.50267509389117,13,2.0,-6162
18.502824313963973,17,1.0,-3695
18.503131890755334,113,30.0,-5901
18.50339004370623,13,1.0,-5862
18.503571527958105,13,4.0,-5911
18.504741295617258,13,1.0,-5974
18.506816205375515,13,4.0,-5999
18.507025310590603,16,17.0,284
18.50810746947723,17,2.0,-3335
18.508327185613435,14,2.0,-6272
18.508780405676383,17,5.0,-5430
18.50974166681339,14,2.0,-6118
18.509752139171095,5,4.0,0
18.5099826139325,7,3.0,8449
18.510117025829675,13,3.0,-6335
18.51168095888326,1,12.0,8775
18.512117041094847,5,20.0,0
18.51231458153715,16,11.0,37
18.513907602839474,10,11.0,8755
18.514752410020915,13,2.0,-5980
18.51613618988631,14,5.0,-5894
18.516531970083285,13,1.0,-6298
18.517181010666285,17,4.0,-4158
18.517865171015075,13,2.0,-6092
18.51827826917342,17,1.0,-5195
18.5202598505289,1,2.0,8776
18.52073769346817,16,17.0,757
18.52127352947994,15,1.0,-3792
18.522603968432758,14,3.0,-5971
18.52269453306876,1,1.0,8777
18.523805636614924,16,9.0,7219
18.52449574367805,1,3.0,8778
18.525393593441137,17,1.0,-4887
18.525561982868563,6,4.0,8385
18.52570942100039,5,2.0,0
18.527980894229604,7,5.0,8678
18.528252794645255,14,4.0,-6278
18.52909644824284,15,1.0,-4001
18.529211419572366,13,1.0,-6338
18.529487355344592,13,1.0,-6119
18.53041916314019,13,2.0,-6151
18.531449975397866,5,1.0,0
18.531692574160072,13,1.0,-6244
18.532747551275882,113,53.0,-6202
18.53336503283209,5,2.0,0
18.534303776466455,5,4.0,0
18.534386715929834,17,15.0,-3038
18.535451092975297,14,3.0,-6211
18.536496054759905,17,2.0,-4915
18.53902949302319,14,3.0,-6078
18.53902949302319,17,3.0,-6078
18.54147635132591,6,6.0,8726
18.541632242804702,13,5.0,-5991
18.54194675823377,8,5.0,8539
18.54246765889379,15,3.0,-3676
18.54246765889379,17,3.0,-3676
18.544133833405077,5,2.0,0
18.54453519620286,14,3.0,-5948
18.544661973983658,13,1.0,-6308
18.544661973983658,17,1.0,-6308
18.544829843374135,15,1.0,-4045
18.545000278683272,5,3.0,0
18.5454921992529,14,10.0,-6033
18.546295004291437,15,1.0,-4193
18.54652340673416,16,8.0,6150
18.547401672159925,6,6.0,8687
18.54741860152396,14,1.0,-6183
18.547653865688453,17,2.0,-1773
18.548014393023777,16,45.0,1794
18.549145283407242,7,4.0,8624
18.54924819187728,13,1.0,-6075
18.54930957378865,8,3.0,8609
18.549963559409115,13,1.0,-5935
18.55002215277543,113,31.0,-5840
18.551181415356012,8,4.0,8385
18.5529587987748,7,8.0,8464
18.55545668750028,13,5.0,-6002
18.556214069880067,5,1.0,0
18.55654182031555,13,5.0,-5828
18.55710057630134,5,1.0,0
18.55839937671273,13,1.0,-5773
18.558851407457755,14,3.0,-6050
18.55919819126715,17,4.0,-3240
18.559549043750454,13,1.0,-5792
18.559766604829804,7,2.0,8563
18.55980848272997,14,5.0,-6311
18.560881628956906,14,3.0,-5830
18.560985968395645,13,6.0,-6124
18.56119964194867,13,2.0,-5834
18.56152466795822,13,1.0,-6246
18.56152466795822,17,1.0,-6246
18.56236256300976,6,3.0,8713
18.56321932918464,15,8.0,-3769
18.563340611558953,5,7.0,0
18.563492696016546,17,3.0,-2233
18.564613684121724,17,1.0,-1590
18.565323734067157,5,1.0,0
18.56555921756705,14,3.0,-5806
18.566239707438527,5,2.0,0
18.569145723686027,5,3.0,0
18.569204676818583,17,2.0,-2183
18.569380632602673,14,6.0,-6301
18.57046538267326,14,5.0,-6090
18.570546728730253,17,8.0,-2207
18.57111190311521,17,1.0,-970
18.572347129251547,17,1.0,-1014
18.572475070652867,7,1.0,8433
18.573112215072666,13,2.0,-6195
18.573648823852736,13,2.0,-5937
18.57500834870378,7,2.0,8572
18.575200245449757,13,4.0,-6276
18.57523208480265,13,2.0,-6294
18.57639190796543,15,2.0,-3987
18.576863424940075,5,14.0,0
18.577886019856265,13,3.0,-5977
18.57864874294208,13,2.0,-6300
18.57877561579431,13,1.0,-5877
18.57877561579431,17,1.0,-5877
18.580201914858538,5,1.0,0
18.58148747754318,14,16.0,-6286
18.583655580675725,7,3.0,8596
18.58429225288778,15,30.0,-3902
18.58539463702455,7,5.0,8631
18.58590459274082,15,2.0,-3913
18.586328712770317,13,1.0,-6139
18.587109392692803,5,10.0,0
18.587303900742768,5,3.0,0
18.587369562133524,5,2.0,0
18.5883679577521,13,1.0,-6144
18.5897364279487,13,2.0,-5857
18.59022647450932,13,3.0,-6043
18.590763005787935,13,1.0,-6074
18.591001124400695,13,2.0,-6241
18.59178718932527,13,2.0,-6333
18.592192860225733,5,9.0,0
18.59233843674685,15,2.0,-4043
18.59291560523061,16,2.0,5800
18.593067832684593,5,2.0,0
18.593886568219535,5,4.0,0
18.594851618398515,16,8.0,3470
18.594986716539587,5,4.0,0
18.595048516916194,13,9.0,-6320
18.595387089066193,15,1.0,-3796
18.596029194388212,17,2.0,-2509
18.597213919847146,14,3.0,-6084
18.597287858105062,16,3.0,6659
18.59930092180148,17,2.0,-1498
18.599569043553647,15,1.0,-3935
18.60028380974477,17,2.0,-5020
18.60072416913146,6,2.0,8717
18.600923838374452,5,4.0,0
18.6024997823798,6,5.0,8689
18.60311544451877,16,5.0,2063
18.603182238071312,14,3.0,-5824
18.604185739644993,17,1.0,-4192
18.604767282051032,15,2.0,-4109
18.604910492178377,13,1.0,-5865
18.60505961551397,13,1.0,-5777
18.607401165059223,1,2.0,8779
18.608445351006985,6,1.0,8769
18.60939128424433,13,6.0,-6262
18.60939128424433,17,6.0,-6262
18.609591266831238,13,1.0,-6072
18.60989556940375,5,21.0,0
18.610640182838225,15,1.0,-4179
18.61153102466424,13,1.0,-6154
18.61176508966861,14,1.0,-6108
18.611904504174543,13,1.0,-6215
18.612464947372196,17,1.0,-878
18.61292980950781,16,3.0,4134
18.612949425609646,4,15.0,8780
18.613390019868817,13,1.0,-6291
18.614268422535055,17,2.0,-3779
18.615390862981158,14,3.0,-5987
18.615390862981158,17,3.0,-5987
18.615415057387022,13,1.0,-5954
18.615788592675145,13,1.0,-6141
18.61676851879471,7,1.0,8643
18.617845935846066,17,1.0,-2277
18.618588883280463,14,1.0,-6261
18.61917842760094,15,2.0,-3737
18.61985345912992,14,3.0,-6016
18.620101019217433,13,1.0,-6080
18.62034261620588,5,4.0,0
18.620711015904345,14,2.0,-5992
18.62122548593797,6,12.0,8775
18.621522665272643,7,5.0,8640
18.62198441504732,5,3.0,0
18.621990921798385,5,6.0,0
18.622065604214956,5,5.0,0
18.62355238681461,6,5.0,8758
18.623660236073555,17,2.0,-646
18.62370299812085,11,2.0,8547
18.624460823992745,5,12.0,0
18.624574052551715,14,1.0,-6171
18.624962062276555,16,2.0,5302
18.625739273900226,17,3.0,-1921
18.62660118995115,7,3.0,8704
18.629494042507336,17,2.0,-2746
18.629613833104138,6,6.0,8455
18.62988630438712,17,1.0,-2921
18.629936371874393,6,4.0,8705
18.630795971202687,17,1.0,-4640
18.631250997471305,16,1.0,3325
18.631747727122608,14,1.0,-6142
18.63193007792752,13,1.0,-6222
18.63205330738402,9,2.0,8695
18.63206979311492,1,2.0,8781
18.632167623735885,113,18.0,-6014
18.632171503423375,13,3.0,-6146
18.632171503423375,17,3.0,-6146
18.632220305937764,17,6.0,-3976
18.632232927704866,5,4.0,0
18.633066039294725,14,2.0,-6156
18.633561181053096,113,54.0,-6281
18.634207407928606,15,1.0,-4047
18.635041503035715,1,3.0,8782
18.635455114323722,5,2.0,0
18.636592256750884,14,17.0,-5758
18.63667759133799,15,1.0,-4102
18.637560127665722,13,1.0,-6140
18.63861813569392,17,1.0,-2016
18.63883564171656,5,3.0,0
18.63934872772434,13,11.0,-6009
18.63934872772434,17,11.0,-6009
18.640228260476423,17,3.0,-2450
18.64038120364405,5,1.0,0
18.641047606675983,5,3.0,0
18.64134846571321,17,8.0,-281
18.64199091214833,7,4.0,8618
18.642241998506275,5,1.0,0
18.642546641838354,13,3.0,-6059
18.642546641838354,17,3.0,-6059
18.645027015671925,13,7.0,-5924
18.64651724047707,15,46.0,-4065
18.646817057705842,5,2.0,0
18.647400187276997,13,2.0,-6005
18.64795878645514,14,3.0,-6317
18.6501710361303,17,5.0,-1140
18.650638143497726,5,3.0,0
18.65077330639142,5,7.0,0
18.652210567038626,13,6.0,-5786
18.65261789897226,17,1.0,-1976
18.652722583907956,13,3.0,-5983
18.652724170359686,14,3.0,-6079
18.65280262287886,13,3.0,-6031
18.65405915949825,13,2.0,-6321
18.654585590230887,14,1.0,-5780
18.654585590230887,17,1.0,-5780
18.654798370978803,17,11.0,-4006
18.655082034287165,13,3.0,-6130
18.655956818537785,5,8.0,0
18.656157756329282,14,1.0,-5795
18.65672546092702,6,2.0,8761
18.65685550480943,13,1.0,-6104
18.656914879209392,5,3.0,0
18.657212163612062,17,13.0,-5033
18.66071042931151,13,5.0,-6328
18.661555152476463,13,1.0,-6117
18.661555152476463,17,1.0,-6117
18.66182002360959,17,3.0,-5061
18.662285371711896,1,2.0,8783
18.664146560188883,6,4.0,8756
18.66419979678325,14,10.0,-5943
18.66419979678325,17,10.0,-5943
18.664608351702203,13,1.0,-5779
18.665101812284988,16,1.0,7008
18.666235519689312,13,13.0,-6024
18.66663600040919,1,4.0,8784
18.66839912889243,17,1.0,-3608
18.66844836822249,14,2.0,-6250
18.669284727562317,13,1.0,-6115
18.669570773577618,13,1.0,-6238
18.67099592932065,17,1.0,-3923
18.671998192369614,13,2.0,-6163
18.672301062986666,14,1.0,-5887
18.673755792876346,14,14.0,-5908
18.674329452308587,17,2.0,-4905
18.674580365966317,5,3.0,0
18.674896817540457,17,3.0,-2194
18.67654405431059,13,1.0,-6309
18.676545174466504,13,5.0,-5756
18.676545174466504,17,5.0,-5756
18.678824003251904,15,1.0,-3842
18.679094671510242,14,1.0,-6109
18.679094671510242,17,1.0,-6109
18.679348367439477,13,1.0,-6166
18.679522002147333,13,6.0,-6070
18.679522002147333,17,6.0,-6070
18.679914811934356,14,3.0,-6029
18.680362380187564,6,1.0,8633
18.681899372589413,7,1.0,8332
18.681919841478223,1,2.0,8785
18.682314727489203,14,1.0,-5928
18.68291318526314,1,1.0,8786
18.68292475277763,16,7.0,8529
18.684220888482614,5,4.0,0
18.68502562714184,13,2.0,-6287
18.68588621028868,14,1.0,-6214
18.68645117087367,15,6.0,-3939
18.686478384913798,13,2.0,-5883
18.68679293502957,13,2.0,-5881
18.687182421807005,7,1.0,8753
18.687211047488827,15,3.0,-3795
18.68729992261553,5,3.0,0
18.68811341573385,5,3.0,0
18.68943605823436,7,3.0,8647
18.689641909821383,5,4.0,0
18.69037853518641,13,4.0,-5955
18.691123752649943,17,2.0,-4567
18.691268041630593,16,1.0,7153
18.69186282203459,5,4.0,0
18.692161834155886,17,1.0,-5118
18.69287381000272,13,3.0,-6273
18.693104296242076,17,2.0,-4114
18.693325970857344,13,4.0,-6149
18.693325970857344,17,4.0,-6149
18.693355116898097,5,2.0,0
18.694581737417767,15,1.0,-4014
18.694893186292155,15,5.0,-4160
18.6955417732634,14,30.0,-6085
18.696525736008056,5,5.0,0
18.69671310717419,14,4.0,-5902
18.696808126222265,5,1.0,0
18.697144732253236,5,6.0,0
18.69739038021189,13,6.0,-5958
18.697489362422402,5,3.0,0
18.698079009397702,15,3.0,-3881
18.698079009397702,17,3.0,-3881
18.69818202927286,13,1.0,-6008
18.69818202927286,17,1.0,-6008
18.698210112003633,1,2.0,8787
18.69850209587774,5,1.0,0
18.69897099112286,6,4.0,8718
18.700198490124894,4,1.0,8788
18.700497445421306,15,4.0,-4136
18.700539944176967,13,2.0,-5893
18.700585382708887,9,2.0,8735
18.701465449312565,17,1.0,-1863
18.703206969451642,13,2.0,-6306
18.705641932456942,13,4.0,-6136
18.70643417891916,5,3.0,0
18.70662438333574,13,1.0,-5793
18.707771644517376,13,1.0,-6303
18.708050896646025,13,1.0,-6245
18.7082504214083,17,6.0,-2603
18.709005993823162,7,8.0,8202
18.709210354433143,14,4.0,-5951
18.709488827628018,14,3.0,-6292
18.7106697798815,17,5.0,-4650
18.710939997592497,13,3.0,-6235
18.711137141057385,7,1.0,8458
18.71149289218441,13,1.0,-5878
18.711527236656867,5,23.0,0
18.711646335154402,13,1.0,-5945
18.711800889270727,5,2.0,0
18.711898226502747,17,1.0,-2950
18.71256589069647,5,1.0,0
18.714571602593324,13,1.0,-6330
18.71634457188305,13,2.0,-5970
18.716671782026662,5,1.0,0
18.71890590312525,13,1.0,-6170
18.719884305444328,17,3.0,-4889
18.72165040225478,14,6.0,-5972
18.721750189781094,5,3.0,0
18.721851201606597,14,1.0,-6260
18.721996364180843,14,2.0,-5838
18.724931617627412,17,2.0,-2466
18.72531392052165,13,1.0,-5869
18.725675799627254,14,3.0,-5956
18.72593352744149,14,3.0,-5967
18.726307146654495,14,3.0,-6066
18.72660340689692,13,3.0,-5968
18.726851689247194,14,4.0,-5931
18.72850346056302,9,2.0,7877
18.729930028289385,14,8.0,-5787
18.729974704352678,17,5.0,-3474
18.730957232912527,17,1.0,-5347
18.734060839665737,14,5.0,-6297
18.734927415440914,7,4.0,8595
18.736387052073155,6,2.0,8781
18.737693046354988,5,2.0,0
18.738797787347565,5,5.0,0
18.738970096352844,14,2.0,-6271
18.739817717425687,17,4.0,-5441
18.73994526907526,14,37.0,-6284
18.73994526907526,17,37.0,-6284
18.743026507952788,5,2.0,0
18.74401473805263,16,2.0,3010
18.74453228061865,16,7.0,5365
18.745223208665916,13,1.0,-6290
18.74531116981868,7,4.0,8366
18.747123358393775,4,4.0,8789
18.748101082179435,15,1.0,-4126
18.748662684932572,1,6.0,8790
18.750358742549565,14,3.0,-6169
18.75142590555373,17,19.0,-5265
18.75177383563743,15,4.0,-3726
18.75192828202906,17,4.0,-5323
18.751970437138297,5,1.0,0
18.752543933041217,13,3.0,-6153
18.75348988852102,3,18.0,8791
18.753730847979956,5,1.0,0
18.75449927135528,13,1.0,-5863
18.75452285881199,13,1.0,-5851
18.75455837711939,17,1.0,-5589
18.75465643392982,13,5.0,-5942
18.754750983364275,13,5.0,-6073
18.754750983364275,17,5.0,-6073
18.754993319155147,6,2.0,8776
18.75553869462455,13,1.0,-5890
18.75592066606168,14,6.0,-5982
18.75604010985134,17,6.0,-4568
18.756498384768044,13,3.0,-6237
18.757897903937344,15,1.0,-4083
18.757962798791404,17,1.0,-4511
18.75799747997456,13,1.0,-6147
18.75799747997456,17,1.0,-6147
18.75840145623549,15,18.0,-3814
18.758447142508683,14,1.0,-6120
18.758447142508683,17,1.0,-6120
18.75854216386303,5,4.0,0
18.75978860663852,5,1.0,0
18.75988531365323,14,1.0,-6099
18.760707294598802,13,1.0,-5947
18.760757403908716,5,1.0,0
18.760830309725566,5,57.0,0
18.761069140077065,14,2.0,-5916
18.761851166889194,5,10.0,0
18.762347124307574,13,4.0,-6232
18.763444199541105,17,1.0,-3665
18.763776108958517,6,2.0,8787
18.764021084925997,14,15.0,-5905
18.764287405886137,13,13.0,-6003
18.764287405886137,17,13.0,-6003
18.76449827640473,17,37.0,-4960
18.765089623350466,11,12.0,8616
18.766376899050723,14,2.0,-6135
18.768234683242618,17,1.0,-4578
18.76906166001802,17,1.0,-3728
18.76912716350226,13,1.0,-6126
18.769256054732764,17,1.0,-1199
18.76973946181305,16,5.0,7523
18.769753227466,13,1.0,-6267
18.769770393793753,13,1.0,-6113
18.770075914869388,14,7.0,-5811
18.77013866032473,16,6.0,1920
18.770584571449163,5,7.0,0
18.77099639305668,13,2.0,-6160
18.77132597141886,17,3.0,-4668
18.771979481160866,3,2.0,8792
18.772245864102995,5,24.0,0
18.772730674270875,13,1.0,-6176
18.77438528240285,14,2.0,-6199
18.77461859210407,14,5.0,-6242
18.77525067128355,4,2.0,8793
18.77552748593642,5,1.0,0
18.77635311171693,10,1.0,8788
18.776957615811007,5,9.0,0
18.778003224705564,13,6.0,-6205
18.778095372319886,14,2.0,-6188
18.77996778405427,15,4.0,-4050
18.782592262916832,13,2.0,-6336
18.782592262916832,17,2.0,-6336
18.78294365776475,15,1.0,-4021
18.7846232779207,5,3.0,0
18.78492330662997,5,4.0,0
18.78687101155777,13,2.0,-6255
18.78861980109147,16,14.0,4224
18.788764065362496,11,7.0,8560
18.788905317041216,13,1.0,-5794
18.789727062266852,5,3.0,0
18.79077681546036,13,1.0,-6299
18.790796912916477,13,1.0,-6312
18.79235124888015,1,4.0,8794
18.792839113724472,13,3.0,-5833
18.793226304967966,5,4.0,0
18.794079482746287,13,11.0,-5996
18.79429538182913,15,2.0,-3918
18.794757191201825,17,3.0,-2094
18.794768060403673,14,17.0,-5848
18.79484464961054,9,4.0,8600
18.79529036729379,11,3.0,8300
18.795894373878497,17,7.0,-4268
18.796212656609896,7,9.0,8162
18.79816522308699,13,3.0,-6083
18.798186132040485,13,3.0,-6111
18.79945531757812,14,5.0,-6019
18.799575388092787,5,6.0,0
18.801494776177652,10,6.0,8737
18.802363810671288,15,1.0,-3968
18.803014778621797,5,1.0,0
18.803412173949013,13,1.0,-6316
18.80531628491712,16,15.0,6076
18.80774857510543,6,4.0,8784
18.811092583235205,5,2.0,0
18.811258560098384,17,1.0,-2753
18.811445785513833,5,8.0,0
18.812884247596358,16,3.0,3269
18.81398730016306,13,7.0,-6137
18.81580623483386,15,3.0,-4165
18.815990361676704,13,1.0,-5823
18.816191612744134,15,1.0,-3990
18.816733751989332,13,1.0,-6123
18.817438291437533,15,1.0,-3780
18.817438291437533,17,1.0,-3780
18.818356988106242,13,2.0,-6000
18.818356988106242,17,2.0,-6000
18.81879022197518,13,4.0,-5799
18.818972891994516,14,1.0,-5817
18.818972891994516,17,1.0,-5817
18.822102082718974,13,2.0,-6181
18.822216814099924,13,3.0,-6035
18.822320147856452,13,1.0,-6213
18.823162328361192,17,6.0,-1353
18.823276301048605,14,5.0,-5778
18.82341026384377,5,3.0,0
18.82434734313953,7,2.0,8642
18.82452620664275,13,4.0,-6046
18.825117603020153,13,2.0,-5914
18.825117603020153,17,2.0,-5914
18.82606603090422,13,16.0,-6256
18.82606603090422,17,16.0,-6256
18.82607271470479,1,8.0,8795
18.826466637453983,17,10.0,-1342
18.826859545204513,13,1.0,-6058
18.82714052978403,7,2.0,8065
18.827282063856103,15,1.0,-3834
18.827673965941493,5,1.0,0
18.82899764329028,5,2.0,0
18.829103232207753,15,1.0,-3817
18.82937049069528,5,11.0,0
18.83006616484019,14,1.0,-5864
18.830687492544875,17,2.0,-556
18.830726836995026,14,1.0,-5818
18.831803631655305,1,1.0,8796
18.833061045512952,17,1.0,-4912
18.83335169749516,16,12.0,3117
18.834301037232667,13,1.0,-6097
18.834301037232667,17,1.0,-6097
18.83570749867962,13,17.0,-5820
18.838666815327386,13,3.0,-6052
18.838666815327386,17,3.0,-6052
18.8391755153457,13,2.0,-6189
18.839592966339936,17,1.0,-2939
18.84060281088986,13,1.0,-5927
18.84060281088986,17,1.0,-5927
18.841203556563812,14,2.0,-6010
18.841203556563812,17,2.0,-6010
18.841509757470778,13,2.0,-5910
18.84289088833134,15,3.0,-4048
18.843035514210854,13,1.0,-6106
18.843298316207385,14,2.0,-6103
18.843648596808872,13,4.0,-5981
18.844846848269665,13,3.0,-5827
18.84546935384352,5,3.0,0
18.845665709274563,14,1.0,-5953
18.845774425454916,15,1.0,-3815
18.84737225919902,13,14.0,-5912
18.848028420578615,5,1.0,0
18.84865048813708,15,1.0,-3872
18.848780847387623,113,53.0,-6252
18.849348102629776,5,3.0,0
18.849474088114935,5,1.0,0
18.850683836653094,15,1.0,-3772
18.85100122039929,7,5.0,8715
18.851058603336046,13,1.0,-6131
18.851058603336046,17,1.0,-6131
18.85136578490527,13,1.0,-6220
18.85136578490527,17,1.0,-6220
18.851892170358916,16,3.0,5682
18.85189859792136,14,4.0,-6208
18.852856420968507,14,4.0,-6051
18.852966976250357,5,1.0,0
18.85348591243753,13,3.0,-6218
18.85379830395596,2,2.0,8797
18.855397255504705,13,2.0,-6251
18.856610225170403,5,2.0,0
18.85668695654496,13,3.0,-6209
18.85751127972499,11,22.0,8551
18.85832466080416,5,5.0,0
18.858481099240706,13,1.0,-5819
18.858481099240706,17,1.0,-5819
18.858757169526363,13,24.0,-5959
18.85996492996192,14,21.0,-5940
18.85996492996192,17,21.0,-5940
18.860329077321715,5,3.0,0
18.86197797735399,13,1.0,-6056
18.86197797735399,17,1.0,-6056
18.863358232573393,15,5.0,-4185
18.863584279220774,16,5.0,386
18.86380087208887,17,4.0,-5750
18.864002342832983,15,2.0,-4170
18.86457864556097,5,6.0,0
18.86518466540451,15,7.0,-3892
18.867009251362806,13,2.0,-6040
18.86714319640445,14,3.0,-6327
18.86714319640445,17,3.0,-6327
18.867439495891034,13,2.0,-6063
18.868101897447453,14,1.0,-5930
18.869209432433586,13,5.0,-5985
18.871012131022106,17,1.0,-711
18.871453948853368,5,1.0,0
18.87221264539153,16,54.0,2360
18.87239494074645,13,8.0,-6231
18.87239494074645,17,8.0,-6231
18.87304451232944,13,4.0,-6219
18.87343282407627,5,5.0,0
18.87448364822301,13,1.0,-6196
18.875163842750744,5,5.0,0
18.875234568381398,17,4.0,-2079
18.876836009586963,11,2.0,8359
18.87800755292871,15,2.0,-4128
18.878100053023665,13,2.0,-6289
18.87843339317787,13,3.0,-6225
18.87843339317787,17,3.0,-6225
18.87935837348006,13,1.0,-6212
18.87935837348006,17,1.0,-6212
18.879625217868224,14,12.0,-5899
18.879703196034363,5,2.0,0
18.88072862304715,13,8.0,-5998
18.88157128249692,17,5.0,-251
18.881596239565212,13,4.0,-6049
18.881596239565212,17,4.0,-6049
18.881835389958635,14,23.0,-6178
18.881835389958635,17,23.0,-6178
18.881967484672444,13,5.0,-6082
18.882640715558058,13,2.0,-6020
18.882640715558058,17,2.0,-6020
18.883081901306312,13,1.0,-6011
18.883510758202895,13,2.0,-6248
18.884059757018978,5,4.0,0
18.884368293794953,5,2.0,0
18.88470656695953,13,3.0,-5966
18.885132032047174,17,2.0,-1345
18.88525621187035,5,2.0,0
18.885372520222084,13,3.0,-6200
18.885551459600464,5,7.0,0
18.886303913721747,5,9.0,0
18.888050268077965,7,2.0,8516
18.888219788317,14,4.0,-6132
18.888219788317,17,4.0,-6132
18.8888793330699,8,2.0,8708
18.889089635445778,17,7.0,-3871
18.88910402496205,14,2.0,-6210
18.8901560521024,5,2.0,0
18.89022441992459,5,3.0,0
18.890613296466434,17,11.0,-612
18.891555348245262,17,1.0,-3893
18.894055113957037,13,2.0,-6015
18.895056778670682,15,25.0,-3821
18.89573368102315,17,3.0,-5730
18.895799029008728,17,9.0,-1146
18.898652252150963,13,12.0,-5944
18.898652252150963,17,12.0,-5944
18.899524245629365,7,4.0,2130
18.89954926820193,13,1.0,-6318
18.899859418616273,13,1.0,-5896
18.900979750582312,13,3.0,-5812
18.90286536881647,13,7.0,-6038
18.90295195567927,15,3.0,-3986
18.90318577963855,15,2.0,-4025
18.90399311374629,14,1.0,-6159
18.90399311374629,17,1.0,-6159
18.90437572743433,17,1.0,-5201
18.905756704585034,7,8.0,8597
18.905918323319028,7,8.0,8684
18.90632587392589,13,7.0,-6128
18.90737551518946,13,1.0,-5882
18.907745157492585,13,6.0,-5868
18.907745157492585,17,6.0,-5868
18.908411055195263,14,1.0,-6125
18.911930546676675,14,1.0,-5771
18.912278769659174,13,1.0,-5839
18.91253107098805,14,1.0,-6268
18.91253107098805,17,1.0,-6268
18.912751587149277,16,8.0,3789
18.91297177865531,7,7.0,8467
18.91410418550644,16,10.0,8544
18.9147889999686,13,2.0,-6175
18.914800211598422,5,1.0,0
18.915275858551535,10,1.0,8768
18.915547054334446,13,2.0,-6044
18.915636995039353,13,2.0,-5885
18.917555613288318,7,2.0,8607
18.91899901640924,13,2.0,-6313
18.91899901640924,17,2.0,-6313
18.919024677306286,7,2.0,8660
18.919245172923105,13,1.0,-5870
18.919245172923105,17,1.0,-5870
18.919316434280724,9,30.0,8540
18.91944869033708,13,6.0,-6055
18.919532378553875,8,2.0,8494
18.919643201944734,15,8.0,-4111
18.919978856778418,5,4.0,0
18.92007289708996,13,2.0,-5990
18.920943858168023,6,6.0,8722
18.922986179887726,13,4.0,-5815
18.922986179887726,17,4.0,-5815
18.923106612944718,13,17.0,-5765
18.923259149440973,17,1.0,-4150
18.923743462159198,15,12.0,-4142
18.92406094630312,5,3.0,0
18.92460684147529,17,2.0,-1509
18.925536179220902,13,4.0,-5895
18.925664500925397,13,2.0,-6229
18.926898120699935,10,52.0,8605
18.9287601395971,16,15.0,2088
18.92930000912288,17,26.0,-5071
18.92932213712971,13,1.0,-6026
18.929471745293363,14,1.0,-5934
18.92982810535081,13,1.0,-5989
18.93133090984942,15,5.0,-4141
18.93142213288054,16,4.0,6176
18.93315157531987,15,5.0,-4019
18.93382092698021,17,2.0,-2172
18.933854295422535,5,4.0,0
18.933943182043382,15,12.0,-4008
18.934931876963994,5,3.0,0
18.935203045557387,17,5.0,-165
18.935928578066715,14,1.0,-6064
18.935928578066715,17,1.0,-6064
18.936392010042862,14,4.0,-6065
18.937148940932506,13,1.0,-6314
18.938816907284792,5,1.0,0
18.93899435031797,13,2.0,-6007
18.94082973093271,5,4.0,0
18.94214726644608,14,4.0,-5969
18.942389692740722,5,4.0,0
18.942843431226837,9,2.0,8565
18.94530607470484,9,5.0,7791
18.945546012025122,13,1.0,-6282
18.94625202609679,5,2.0,0
18.946733129487303,1,1.0,8798
18.946763124328662,5,1.0,0
18.948515511415124,17,1.0,-2018
18.950989318941424,13,2.0,-5829
18.951567389883024,17,1.0,-2621
18.952074388396046,17,49.0,-5536
18.95213650089653,17,1.0,-3940
18.9536956782668,14,4.0,-5844
18.9536956782668,17,4.0,-5844
18.95375315214914,5,1.0,0
18.95748522676912,17,11.0,-5380
18.958210146372735,17,1.0,-1329
18.958285473117925,14,4.0,-5859
18.958840982780973,5,1.0,0
18.959860941733947,13,3.0,-5952
18.959860941733947,17,3.0,-5952
18.960787188483902,5,4.0,0
18.962597265428148,5,6.0,0
18.963477429842175,13,5.0,-6027
18.966274848602442,17,1.0,-3316
18.966472104552018,13,6.0,-6259
18.96782105921137,5,7.0,0
18.968005591164932,13,4.0,-6129
18.970196042062,7,2.0,8502
18.970315495466387,13,2.0,-5926
18.970806419696864,13,1.0,-6249
18.971512235360898,13,1.0,-5939
18.97173881156541,6,2.0,8770
18.97218552336812,4,1.0,8799
18.972579707543677,13,3.0,-6012
18.972579707543677,17,3.0,-6012
18.973469616831988,11,43.0,8740
18.97527166682181,16,16.0,3016
18.97536852148229,13,3.0,-5963
18.976087516996433,7,6.0,8425
18.976503490943408,5,2.0,0
18.97653940580724,13,1.0,-5843
18.97653940580724,17,1.0,-5843
18.976620991510657,13,6.0,-5909
18.977029141507945,16,1.0,443
18.978364449272842,17,10.0,-4994
18.978851492094844,13,7.0,-5764
18.97990657456761,5,2.0,0
18.980299422857737,5,2.0,0
18.981211793126647,15,4.0,-3721
18.981890751224736,6,1.0,8728
18.98189967028587,13,2.0,-6216
18.98251722989745,14,2.0,-6295
18.98251722989745,17,2.0,-6295
18.983162032404355,5,3.0,0
18.98351800168371,13,2.0,-5759
18.98436477072816,13,1.0,-6098
18.984603396216354,14,7.0,-5861
18.984884337026074,15,1.0,-3816
18.987673028600206,15,4.0,-3725
18.987991185728276,17,19.0,-150
18.988101788622558,17,3.0,-1725
18.98826952462554,5,2.0,0
18.988383940373776,15,3.0,-3982
18.98869643491467,13,9.0,-6293
18.988929549277668,15,2.0,-3994
18.98912640522296,5,2.0,0
18.98920360587088,17,2.0,-1455
18.99086839941724,5,1.0,0
18.99152679498593,14,1.0,-5993
18.991615338402124,5,4.0,0
18.991682979479208,16,32.0,1223
18.992311033063103,5,2.0,0
18.994530690015438,13,2.0,-6127
18.99453958749787,10,2.0,8793
18.997069729183316,10,5.0,8773
18.99834160268664,17,2.0,-3704
18.998669520764288,16,3.0,6221
19.000512529322087,5,1.0,0
19.00072015500943,5,3.0,0
19.00123634791632,10,4.0,8736
19.002128491845777,13,6.0,-6828
19.003604281098266,5,11.0,0
19.0036596722834,13,4.0,-6872
19.004107756917605,5,2.0,0
19.004400023830563,14,1.0,-6500
19.004561350920277,14,1.0,-6660
19.005340047662063,7,4.0,8614
19.00553817266004,13,3.0,-6649
19.006987967055927,5,12.0,0
19.0074354332087,13,7.0,-6448
19.007643460633194,113,31.0,-6737
19.007812249864525,5,5.0,0
19.008826249769147,14,2.0,-6467
19.00908548126163,13,1.0,-6518
19.00916535817501,5,4.0,0
19.009846814974253,5,5.0,0
19.009862486274564,10,33.0,8537
19.010311898185304,15,1.0,-4267
19.010330278231972,5,2.0,0
19.010976787769984,14,4.0,-6522
19.011281198581393,16,7.0,2122
19.012920959986,1,4.0,8800
19.01293655541217,5,4.0,0
19.013516865938016,13,8.0,-6786
19.01402682297834,13,2.0,-6471
19.014141546746064,6,4.0,8794
19.014194370399274,15,22.0,-4557
19.014194370399274,17,22.0,-4557
19.016919270504847,13,3.0,-6691
19.018256036873773,16,9.0,7440
19.018404428507143,113,34.0,-6344
19.018988550630322,13,3.0,-6773
19.01986969583282,5,4.0,0
19.021273800378946,5,2.0,0
19.021887791473286,16,45.0,2040
19.024463134909713,5,12.0,0
19.02486326069351,13,1.0,-6553
19.02561323006133,13,36.0,-6561
19.027635709097,13,11.0,-6813
19.03017660132946,4,13.0,8801
19.030432141511188,5,4.0,0
19.030435617218355,7,5.0,8673
19.030464817348594,13,2.0,-6816
19.031345733564745,14,3.0,-6501
19.032221084865203,13,2.0,-6837
19.034051001879718,13,1.0,-6631
19.034308070102945,9,2.0,8522
19.036917965911858,10,24.0,8765
19.03883499766046,113,35.0,-6468
19.039126399993407,16,3.0,6610
19.039147375935205,13,2.0,-6616
19.03953061062526,5,2.0,0
19.039594053854653,14,5.0,-6703
19.039769502471536,11,5.0,8676
19.04052119125836,11,17.0,8579
19.04108081949248,6,9.0,8757
19.041271268920546,17,2.0,-3776
19.041342824807916,16,2.0,1927
19.041503065089913,17,2.0,-1311
19.04399053169938,14,3.0,-6525
19.04660999937785,5,13.0,0
19.047022036835447,4,19.0,8802
19.047497992076043,13,8.0,-6617
19.047957302521947,13,1.0,-6889
19.04798763614666,1,3.0,8803
19.047992196826073,13,1.0,-6731
19.048661673239696,7,2.0,8650
19.04906736799696,5,4.0,0
19.04926719735618,7,2.0,7530
19.049915217389017,5,3.0,0
19.050280612449935,15,17.0,-4541
19.050298862827525,15,4.0,-4393
19.050596706805695,14,8.0,-6564
19.051630349629512,15,1.0,-4608
19.052687564780417,15,2.0,-4416
19.055171623028983,14,2.0,-6667
19.05519305913495,14,4.0,-6399
19.056189394737785,14,1.0,-6550
19.057329239268423,13,2.0,-6695
19.05783918873691,13,1.0,-6542
19.058051844127878,11,54.0,8489
19.05854508677588,13,2.0,-6858
19.058554803358785,11,31.0,8712
19.061859525406945,5,14.0,0
19.06214870128831,14,1.0,-6848
19.063606238509493,5,4.0,0
19.06470604476297,13,1.0,-6506
19.064994250381815,13,1.0,-6651
19.065996298714428,13,3.0,-6878
19.067963920781008,6,3.0,8350
19.06884825719109,17,1.0,-1991
19.071319513484205,5,1.0,0
19.07244961395798,14,4.0,-6799
19.07246851930186,15,3.0,-4296
19.073250806576297,5,4.0,0
19.073353790293154,13,1.0,-6765
19.07396633728596,13,1.0,-6922
19.074096813947868,13,2.0,-6582
19.075007265645414,14,26.0,-6404
19.07504204477607,7,16.0,8445
19.07566071712771,17,2.0,-1113
19.075900226591113,14,1.0,-6378
19.075919904683428,5,2.0,0
19.076455523229598,5,2.0,0
19.076492262060345,16,3.0,4862
19.077148708261902,1,3.0,8804
19.077958438575504,15,2.0,-4534
19.079853351297782,7,4.0,8443
19.080714711184264,13,2.0,-6885
19.08129695285433,15,2.0,-4509
19.08166406562827,15,1.0,-4711
19.08211944212036,5,4.0,0
19.08217878048202,7,1.0,8649
19.08239930826174,16,33.0,1154
19.082403460857964,13,2.0,-6748
19.08384916122568,113,36.0,-6357
19.083985514392364,5,6.0,0
19.084355346857578,16,15.0,149
19.084925731612337,7,10.0,8589
19.085440768496415,5,4.0,0
19.085743103941425,13,1.0,-6633
19.085960788473905,6,2.0,8759
19.086167356287042,9,2.0,8494
19.086247269142962,15,3.0,-4234
19.086867184896125,13,1.0,-6736
19.08777918881127,15,4.0,-4527
19.087819683436493,17,1.0,-2584
19.088530968143136,16,14.0,5593
19.090632525840203,16,2.0,6491
19.09323064509486,13,5.0,-6784
19.09355644788835,13,2.0,-6541
19.094037166466485,16,20.0,2161
19.094402844308995,3,7.0,8805
19.094475797848315,15,14.0,-4239
19.096483723777524,15,1.0,-4660
19.09751805897576,16,43.0,1062
19.098430518498862,15,4.0,-4418
19.098562542361776,13,8.0,-6516
19.09858220546846,14,1.0,-6832
19.09883028744794,13,9.0,-6906
19.09958201641908,15,1.0,-4394
19.099883512120737,6,1.0,8629
19.101001953295757,14,1.0,-6798
19.10253643620792,13,1.0,-6895
19.102983894913542,6,1.0,8745
19.10468212316099,13,7.0,-6778
19.10616109483241,13,1.0,-6417
19.106500815657785,13,23.0,-6554
19.106626170663382,113,56.0,-6712
19.106939434291846,14,4.0,-6741
19.107151343603835,9,4.0,8419
19.107730124374438,16,17.0,7817
19.108693278310742,16,5.0,3660
19.111609284195506,5,2.0,0
19.11380705978838,7,2.0,8701
19.11494230784829,8,2.0,8738
19.114996625467,17,8.0,-2675
19.115049166989188,7,13.0,8630
19.116658785236933,9,2.0,8637
19.118364980693855,16,3.0,7614
19.118399197597004,7,24.0,8733
19.119052710934156,13,2.0,-6588
19.119511702677933,13,1.0,-6767
19.11959794179483,16,1.0,7874
19.119770319758683,14,2.0,-6620
19.120392449550653,7,2.0,7836
19.12042914394397,17,2.0,-138
19.121229418052852,4,6.0,8806
19.122599034776226,13,2.0,-6854
19.12313539086796,10,2.0,8792
19.12356010967558,5,1.0,0
19.124311152221736,13,9.0,-6484
19.12530028401111,16,1.0,2889
19.12737305804263,13,2.0,-6791
19.12884489866423,13,3.0,-6517
19.12886697119402,17,12.0,-718
19.129621026742488,14,1.0,-6893
19.129674158310042,5,1.0,0
19.1303417781172,15,2.0,-4447
19.13037599007974,13,1.0,-6590
19.130845660833344,5,1.0,0
19.131052336235637,13,2.0,-6354
19.131385083421097,15,2.0,-4433
19.132891593870887,13,7.0,-6599
19.134146229316922,14,1.0,-6809
19.1342293401887,5,2.0,0
19.134400011501786,5,4.0,0
19.134924360998728,13,3.0,-6666
19.135525513228146,13,1.0,-6622
19.13625576643494,5,24.0,0
19.13732093127844,17,24.0,-1078
19.138360968760036,17,15.0,-3658
19.139366626110355,5,1.0,0
19.13956656834059,13,1.0,-6827
19.140397511037843,13,1.0,-6560
19.142836279348575,6,4.0,8731
19.144741314562435,13,2.0,-6841
19.14727116014031,13,9.0,-6775
19.147648670495684,14,2.0,-6807
19.14781810237664,13,24.0,-6386
19.14871806505907,15,1.0,-4408
19.14910606625411,17,3.0,-1226
19.149623682430523,16,2.0,3191
19.150943603447708,15,13.0,-4425
19.15192549349367,16,19.0,5733
19.152262397832928,5,7.0,0
19.152902303733317,13,3.0,-6770
19.153618469668938,16,2.0,4689
19.154113978068548,16,5.0,4490
19.154525224978443,16,5.0,6570
19.1546629952213,17,2.0,-3134
19.15519394083414,13,5.0,-6596
19.155960269522396,7,3.0,8729
19.15641380566985,14,1.0,-6552
19.15721541626235,6,7.0,8679
19.157411424602273,5,2.0,0
19.157608622076264,5,4.0,0
19.15763758415267,7,1.0,8416
19.158144208279317,13,1.0,-6725
19.15921971954553,14,29.0,-6340
19.160113630047917,5,6.0,0
19.160784369161934,14,4.0,-6586
19.16091912579991,5,1.0,0
19.16194751330852,1,1.0,8807
19.16208816539929,13,7.0,-6790
19.162215779902805,7,1.0,8448
19.16370956399688,14,2.0,-6700
19.16386329817298,13,2.0,-6710
19.165832634397443,15,4.0,-4649
19.166896747222033,16,2.0,1135
19.167171284094426,13,2.0,-6600
19.16724337850551,13,3.0,-6654
19.167634078227962,5,5.0,0
19.16959106764493,5,3.0,0
19.17141862377556,5,2.0,0
19.17282185212196,14,3.0,-6744
19.173426106542294,13,1.0,-6812
19.173572404389372,13,5.0,-6662
19.173705806719923,15,2.0,-4547
19.174200574489994,5,57.0,0
19.176073377057183,9,3.0,8609
19.176469827489647,13,3.0,-6861
19.176669331091407,7,4.0,8664
19.177413736161878,5,3.0,0
19.177612708433067,5,3.0,0
19.17778819257155,15,2.0,-4390
19.178986483556823,13,1.0,-6439
19.181591689935914,6,2.0,8785
19.18189245130548,13,1.0,-6688
19.182065669801037,13,2.0,-6342
19.183104264789794,7,20.0,8635
19.18346747588716,16,30.0,3176
19.18363347947687,13,3.0,-6720
19.18521763691599,14,10.0,-6418
19.18566381373696,5,3.0,0
19.18658845274878,15,2.0,-4655
19.187114556365845,15,5.0,-4579
19.18794486458854,7,2.0,8453
19.18824838865318,15,5.0,-4412
19.18965814983323,15,12.0,-4508
19.19001694297016,16,46.0,799
19.191124295510612,15,1.0,-4235
19.19219367617834,15,1.0,-4685
19.192706698529612,5,18.0,0
19.193254597647687,13,1.0,-6862
19.193507788759998,14,1.0,-6678
19.195109333226704,5,10.0,0
19.19680870313406,5,17.0,0
19.196934533240714,13,3.0,-6390
19.196936092551457,13,24.0,-6577
19.19802257518049,5,20.0,0
19.198242308276516,15,1.0,-4677
19.198399135673355,13,1.0,-6611
19.19991137375284,14,1.0,-6701
19.199913877851163,13,4.0,-6473
19.199957718417366,13,1.0,-6479
19.200428004323925,13,1.0,-6369
19.2007683748058,13,1.0,-6866
19.200901303491676,14,3.0,-6366
19.20178249732016,14,1.0,-6794
19.202288125823326,5,1.0,0
19.202573010649825,5,1.0,0
19.20281596725644,14,2.0,-6899
19.20292461679417,7,1.0,8711
19.20512452695698,13,1.0,-6610
19.205484598381844,16,43.0,1447
19.206029189862477,5,1.0,0
19.206065666304493,14,7.0,-6642
19.207078938870378,14,4.0,-6421
19.2074350874574,5,3.0,0
19.208042742325265,14,10.0,-6555
19.20899947455449,15,5.0,-4522
19.20988346157596,17,27.0,-4451
19.210687151364983,13,1.0,-6565
19.21157093014989,17,6.0,-4587
19.212204416719494,17,5.0,-4653
19.21337687678218,13,1.0,-6410
19.215098342180063,13,2.0,-6489
19.215276720067084,114,60.0,-6883
19.21584815535901,14,48.0,-6842
19.216175376405726,13,2.0,-6766
19.21657958505178,14,4.0,-6529
19.21721403949348,5,3.0,0
19.218206213382803,13,1.0,-6533
19.21851982131015,13,2.0,-6511
19.22039428273136,13,1.0,-6551
19.220854486339597,13,1.0,-6536
19.221905382707746,5,2.0,0
19.2222065675163,5,4.0,0
19.222746374039154,16,1.0,8140
19.223166323124328,17,3.0,-2146
19.223379518654735,14,1.0,-6396
19.223636683798073,7,3.0,8719
19.223636683798073,16,3.0,8719
19.223732893628654,13,1.0,-6689
19.224537952133396,17,1.0,-3593
19.2258141542042,8,1.0,8648
19.22830241583727,14,3.0,-6512
19.22873959455973,16,3.0,6443
19.229362555643764,13,2.0,-6914
19.231081008557897,14,10.0,-6916
19.231631965582125,15,2.0,-4623
19.232251094369552,6,5.0,8725
19.233091599315543,17,1.0,-2849
19.23321446038706,17,3.0,-1312
19.235364110265433,5,4.0,0
19.23582096126151,14,2.0,-6801
19.23703679771119,14,13.0,-6815
19.237959836084432,4,2.0,8808
19.238052617594217,5,2.0,0
19.238076386371,5,1.0,0
19.238422026726425,13,3.0,-6696
19.238956204114494,5,4.0,0
19.238958817682065,14,4.0,-6562
19.23912148031501,14,5.0,-6768
19.239616303383993,17,6.0,-4495
19.239693161855094,14,1.0,-6673
19.239879055849826,5,1.0,0
19.24132419911728,17,1.0,-2954
19.241514484227324,15,1.0,-4367
19.241612439604538,17,3.0,-4493
19.24352462184631,5,3.0,0
19.24394128686687,5,2.0,0
19.2441186482404,9,2.0,8708
19.24420906694623,13,1.0,-6636
19.245330666518846,14,1.0,-6664
19.246973918124034,17,2.0,-5100
19.246992118773882,5,1.0,0
19.25088295955739,10,18.0,8791
19.251620782012765,13,1.0,-6409
19.25370541964646,13,10.0,-6420
19.256374865318385,16,29.0,8703
19.258108393429367,14,1.0,-6350
19.25862768502876,5,4.0,0
19.258951672418632,17,1.0,-4951
19.259047567131343,14,5.0,-6615
19.259156284113814,5,1.0,0
19.259584124266528,13,2.0,-6578
19.259791733732243,5,1.0,0
19.26174562036038,16,3.0,3337
19.261853438560987,5,3.0,0
19.262290240124845,5,8.0,0
19.262663380181998,14,3.0,-6379
19.263014009542946,17,11.0,-3826
19.263495755678186,6,7.0,8762
19.264623168159225,5,1.0,0
19.265556524509737,13,1.0,-6452
19.266383053981542,16,5.0,3699
19.26816041162443,13,1.0,-6836
19.268894916077127,17,3.0,-5285
19.269204966220006,1,2.0,8809
19.270530599802708,9,5.0,8248
19.27219327567873,16,1.0,3662
19.272502930354623,14,2.0,-6825
19.273180468723265,5,14.0,0
19.274341342833054,7,1.0,8392
19.274546403899198,13,7.0,-6609
19.274562959250492,13,1.0,-6480
19.274918893793483,14,2.0,-6556
19.27494312898724,14,1.0,-6507
19.276152740190934,16,4.0,6416
19.276809214069477,13,5.0,-6413
19.277353578099586,6,1.0,8760
19.27737406886822,6,1.0,8798
19.279613883246117,13,2.0,-6655
19.279620063644582,13,1.0,-6762
19.280027438120975,13,1.0,-6713
19.2800965604012,17,2.0,-83
19.280308245540112,13,8.0,-6853
19.280335920432485,5,4.0,0
19.28107802209417,13,1.0,-6780
19.281760368236288,13,1.0,-6821
19.282303259187117,14,1.0,-6395
19.283627161520542,13,1.0,-6460
19.284001329666232,17,8.0,-3209
19.284005339284697,14,5.0,-6401
19.28431155507739,13,3.0,-6859
19.284786790570738,14,1.0,-6618
19.285279241650723,5,4.0,0
19.28539197630073,17,2.0,-5461
19.28569449477098,14,6.0,-6355
19.286118202623612,5,5.0,0
19.28686068061741,15,1.0,-4466
19.289003353765974,5,3.0,0
19.28964119384784,17,2.0,-3846
19.289744676549336,14,8.0,-6774
19.289885673607372,17,1.0,-3684
19.290281312329142,14,3.0,-6364
19.291488134868906,13,1.0,-6591
19.291554626144222,13,3.0,-6681
19.292038673394792,13,3.0,-6781
19.292054005958576,15,2.0,-4398
19.292888922654424,14,2.0,-6619
19.29353272998499,17,1.0,-472
19.293756593150352,14,2.0,-6690
19.294534485517705,5,4.0,0
19.294569564201943,17,1.0,-2574
19.29517088113357,5,4.0,0
19.29550470079027,13,1.0,-6833
19.297122839570772,13,2.0,-6464
19.297378503528854,14,1.0,-6483
19.297655535390234,14,1.0,-6789
19.29772778704571,14,4.0,-6377
19.29777576929406,14,2.0,-6595
19.297945466150267,17,5.0,-1620
19.298229788297334,5,1.0,0
19.298290977528232,5,4.0,0
19.299859509620788,15,1.0,-4358
19.300755210413108,5,1.0,0
19.30104980276105,7,2.0,8246
19.30186282471259,13,42.0,-6645
19.302641678819036,16,47.0,2846
19.303313320984923,15,2.0,-4613
19.303313320984923,17,2.0,-4613
19.304515896895172,17,6.0,-2222
19.304929000876424,17,1.0,-4195
19.30616394284877,9,1.0,8648
19.30665249558597,13,1.0,-6714
19.30698291873232,13,9.0,-6514
19.3082487667316,13,3.0,-6442
19.308499168580795,8,48.0,8482
19.31084136222136,5,4.0,0
19.31148701138966,5,2.0,0
19.311546289531883,13,1.0,-6656
19.311865314467664,13,3.0,-6817
19.31246854399632,14,1.0,-6880
19.312634840581524,14,4.0,-6391
19.312667996613854,5,6.0,0
19.313663061873577,14,1.0,-6881
19.314086793101556,113,35.0,-6341
19.3149869894495,17,13.0,-590
19.315036119974796,13,8.0,-6456
19.315133323720417,16,2.0,7501
19.315178696423303,7,4.0,8499
19.316020152875605,13,2.0,-6394
19.31658832176214,7,2.0,8688
19.3179602516283,14,51.0,-6674
19.31904619738597,13,1.0,-6358
19.319903881630335,5,4.0,0
19.320295097608128,5,11.0,0
19.320529673248828,16,6.0,1322
19.32194391142208,13,1.0,-6549
19.32272627466848,6,5.0,8506
19.32280485484735,14,7.0,-6566
19.323008750033186,6,3.0,8803
19.32309780111069,14,2.0,-6574
19.323462368622863,14,1.0,-6628
19.324101114650897,13,3.0,-6882
19.325377562309143,17,1.0,-1301
19.32717965744568,13,1.0,-6831
19.327847581060645,17,3.0,-263
19.32801413813026,13,3.0,-6724
19.32918844076947,17,3.0,-2754
19.330066232629314,17,2.0,-3033
19.3309058043584,5,6.0,0
19.33144381916731,13,2.0,-6481
19.331612627540938,5,2.0,0
19.3326026606552,14,1.0,-6398
19.332773502147692,5,3.0,0
19.33315023611207,16,3.0,4130
19.334017223768885,15,9.0,-4368
19.334521632772802,5,10.0,0
19.334785442370602,7,3.0,8585
19.336250122896136,7,6.0,8655
19.336958665937523,7,3.0,8531
19.338825445194132,17,1.0,-3378
19.339462764245187,6,1.0,8742
19.341144125863398,13,2.0,-6356
19.34156980464724,15,3.0,-4208
19.341827667986507,17,1.0,-4572
19.341981818259143,14,6.0,-6385
19.342086862495638,5,3.0,0
19.342817013617374,13,1.0,-6494
19.342894104349316,14,24.0,-6716
19.34303361801298,17,2.0,-4345
19.344883724896334,13,6.0,-6580
19.345340276518808,5,5.0,0
19.3454598536634,10,35.0,8743
19.346352011476593,5,1.0,0
19.346690953423252,10,22.0,8542
19.347484466018827,13,1.0,-6363
19.347606532128523,15,3.0,-4274
19.348949238026833,13,6.0,-6718
19.34912840972356,16,4.0,3223
19.350813062056236,11,59.0,8441
19.350983974782718,13,3.0,-6361
19.351053805841783,17,1.0,-3403
19.353967835364536,5,3.0,0
19.354036392546767,13,2.0,-6496
19.35407665471372,17,1.0,-5101
19.356178321705652,14,1.0,-6783
19.356226335636595,15,4.0,-4480
19.356754194732204,7,7.0,8435
19.357184746245558,17,1.0,-4950
19.358061950017788,15,1.0,-4379
19.359882035727892,14,7.0,-6545
19.36041413281284,17,2.0,-4312
19.36361635668253,9,1.0,8456
19.364412460477002,14,1.0,-6719
19.365437322440304,14,6.0,-6711
19.367587754410973,13,13.0,-6639
19.368631032507842,7,4.0,5476
19.3699742663465,17,3.0,-3917
19.370954445752734,13,7.0,-6771
19.37311579140912,5,1.0,0
19.373668343529236,15,5.0,-4276
19.37623765614545,17,2.0,-5271
19.37631027365191,8,12.0,8775
19.377653513787305,14,1.0,-6751
19.378092395976033,13,1.0,-6348
19.378415936237893,13,1.0,-6754
19.38032090825015,17,8.0,-3215
19.380580870463127,13,5.0,-6708
19.381171827168153,5,4.0,0
19.382258697950004,16,1.0,1984
19.382324695682822,13,1.0,-6638
19.383434669552212,14,2.0,-6779
19.38363544700436,13,2.0,-6455
19.385342489601772,13,5.0,-6733
19.385544564663924,6,2.0,8730
19.385647184951804,13,2.0,-6698
19.385722226663567,15,3.0,-4580
19.385724306567912,13,2.0,-6534
19.385828180355524,5,5.0,0
19.386160692742923,17,1.0,-5707
19.38891994664749,13,1.0,-6644
19.38972891204956,5,2.0,0
19.392260561671016,5,1.0,0
19.39481477235069,14,3.0,-6444
19.395102085778387,8,5.0,8668
19.39633026575676,17,2.0,-4746
19.397052532419938,14,6.0,-6749
19.39771713228995,14,1.0,-6346
19.39776752420633,13,2.0,-6487
19.398045581625944,14,1.0,-6887
19.399252192956048,13,1.0,-6888
19.399384095448045,17,5.0,-3386
19.40028020719361,6,2.0,8809
19.400713760505095,13,2.0,-6904
19.401841685161777,17,2.0,-1279
19.40229232000189,15,1.0,-4428
19.40415493699117,13,1.0,-6699
19.404483765832406,5,2.0,0
19.405192295694306,16,1.0,2928
19.405815896312312,13,1.0,-6624
19.406906627155273,13,4.0,-6898
19.406952206536474,1,3.0,8810
19.40879104813527,2,2.0,8811
19.40964436026442,13,1.0,-6597
19.410431852603026,11,1.0,8594
19.410840300206807,113,48.0,-6499
19.41226266975742,6,1.0,8807
19.412618224493293,13,3.0,-6657
19.41286020905747,17,7.0,-1096
19.412950661290612,13,18.0,-6608
19.41368801573963,13,3.0,-6838
19.414528766039894,13,1.0,-6428
19.41475487610916,7,6.0,8734
19.415997538391764,16,9.0,7505
19.416424291225727,14,7.0,-6384
19.417459071076966,5,1.0,0
19.41766702909861,15,1.0,-4606
19.417738040601865,13,2.0,-6760
19.418109583462865,13,2.0,-6535
19.418612085892946,13,1.0,-6594
19.420332026620844,13,9.0,-6593
19.421777200873926,16,29.0,7037
19.42203531834239,14,1.0,-6598
19.42234373620296,13,2.0,-6513
19.423731405847953,14,6.0,-6793
19.42386064257523,10,4.0,8789
19.424287752500135,14,1.0,-6892
19.424832317193037,5,4.0,0
19.424883835788954,7,1.0,8617
19.425281018358838,14,1.0,-6742
19.429015593696864,17,1.0,-5200
19.42929454533478,13,2.0,-6764
19.42940557780489,13,1.0,-6490
19.43248491108195,15,6.0,-4429
19.43295250073558,17,1.0,-5354
19.433210224011376,7,3.0,8741
19.43529739586061,14,4.0,-6380
19.43532899869617,14,1.0,-6920
19.43604946025929,5,3.0,0
19.436306920651976,5,5.0,0
19.436666829569905,5,8.0,0
19.43716661766699,17,1.0,-548
19.43771656209622,13,1.0,-6901
19.438674043051954,17,3.0,-533
19.441588314694826,13,10.0,-6349
19.443289951993222,5,1.0,0
19.444029632059422,6,2.0,8772
19.444403931126292,13,6.0,-6753
19.4454682842769,6,6.0,8746
19.445522250644522,7,1.0,8550
19.446166632876718,16,20.0,227
19.446408771910193,17,6.0,-2966
19.446613053311523,7,1.0,8508
19.446845814256545,4,57.0,8812
19.447429596850192,13,2.0,-6606
19.44810834108482,16,31.0,4592
19.44891590092193,13,5.0,-6411
19.448937267173957,7,9.0,8535
19.449348784774223,13,1.0,-6745
19.45031845380442,17,2.0,-2853
19.450333560944223,5,1.0,0
19.450468683737256,16,6.0,5502
19.450525026130663,6,8.0,8795
19.450912803308587,14,2.0,-6707
19.452092173848197,13,3.0,-6359
19.452660930202725,7,2.0,8369
19.45387748631945,17,1.0,-5567
19.455486091697445,13,1.0,-6543
19.456368392384174,5,4.0,0
19.457681619929943,16,2.0,3829
19.45829645205491,10,2.0,8808
19.459098302076203,14,25.0,-6647
19.4597388211514,13,3.0,-6383
19.461259095095823,13,6.0,-6431
19.462069843824498,5,21.0,0
19.46509981011298,13,6.0,-6851
19.465558894569334,17,2.0,-2157
19.466590804935755,13,1.0,-6353
19.46700560072317,17,7.0,-2612
19.467192994333132,5,1.0,0
19.467282233255585,17,1.0,-2953
19.46816809937958,5,4.0,0
19.468915232169444,14,10.0,-6604
19.46912386338758,13,3.0,-6581
19.46937229669505,17,4.0,-3550
19.47039766462759,17,2.0,-3514
19.470592707687267,5,15.0,0
19.471520952834222,11,56.0,8707
19.47154553913805,13,1.0,-6470
19.472765600488326,13,4.0,-6478
19.47305582929172,5,3.0,0
19.473230465274437,13,6.0,-6788
19.47385477703024,15,1.0,-4625
19.473979659712217,14,1.0,-6351
19.474236145666495,5,4.0,0
19.474368547785733,13,6.0,-6835
19.474677542239167,13,3.0,-6900
19.476018621363817,6,2.0,8811
19.476528793623128,13,2.0,-6874
19.476528793623128,17,2.0,-6874
19.476574231258798,17,1.0,-4844
19.476805827908446,14,2.0,-6375
19.477089859565993,16,10.0,4936
19.477472055642522,15,2.0,-4441
19.47777864444138,16,5.0,6257
19.47812035844347,17,1.0,-5254
19.479181062988424,13,4.0,-6796
19.479181062988424,17,4.0,-6796
19.479735827294327,5,4.0,0
19.48054059683191,17,4.0,-5357
19.480911868065906,16,2.0,3504
19.48128081107411,13,6.0,-6573
19.48250791888627,5,1.0,0
19.483047580725355,17,1.0,-1476
19.486551548243526,9,18.0,8663
19.487282710861095,16,4.0,7481
19.488378993735775,15,2.0,-4375
19.488399955234954,5,6.0,0
19.48873636858051,14,2.0,-6819
19.48873636858051,17,2.0,-6819
19.489226752424152,17,1.0,-4308
19.489353070099952,5,6.0,0
19.490143710169292,7,4.0,8675
19.490823885263623,9,2.0,8575
19.490823885263623,16,2.0,8575
19.49090201865984,13,3.0,-6894
19.491310295378536,9,5.0,8539
19.491644503499316,14,2.0,-6424
19.49237851537781,13,1.0,-6575
19.49237851537781,17,1.0,-6575
19.494694128591753,14,2.0,-6687
19.494863416862984,13,1.0,-6433
19.494863416862984,17,1.0,-6433
19.494911516848937,17,1.0,-4595
19.495223066755468,13,4.0,-6670
19.49564419613704,13,7.0,-6761
19.49583944942493,15,5.0,-4223
19.49657992176981,6,3.0,8810
19.497585391732237,113,38.0,-6426
19.49770512728909,4,47.0,8813
19.49795400306722,13,3.0,-6532
19.498086334423594,14,1.0,-6402
19.498118242742105,13,1.0,-6474
19.498426664479656,5,1.0,0
19.498931401415014,14,5.0,-6601
19.499781492708255,11,36.0,8646
19.500076565984035,5,2.0,0
19.500432140693576,16,54.0,3721
19.501739167344873,14,1.0,-6613
19.501825524832277,15,2.0,-4442
19.501854020449173,5,5.0,0
19.502285671429473,7,5.0,8613
19.50285552403041,16,19.0,7897
19.50348074113835,14,1.0,-6540
19.504366763117655,13,2.0,-6870
19.504366763117655,17,2.0,-6870
19.506020911376595,13,1.0,-6405
19.506031575306,13,1.0,-6432
19.50627322713915,5,6.0,0
19.507070247163764,5,1.0,0
19.507945081498132,13,3.0,-6884
19.507945081498132,17,3.0,-6884
19.50866966969962,13,5.0,-6374
19.509999320683043,13,3.0,-6735
19.510366085181413,8,4.0,8756
19.513406449017904,13,7.0,-6465
19.513406449017904,17,7.0,-6465
19.51388109867851,17,1.0,-3559
19.514061546385904,17,1.0,-322
19.515361240122317,16,1.0,7427
19.516493598775863,13,2.0,-6576
19.51672358137075,7,24.0,8665
19.516987479551773,15,2.0,-4708
19.5178228753326,14,4.0,-6408
19.518380091757148,13,6.0,-6805
19.518446132514196,5,3.0,0
19.520458011786662,14,4.0,-6919
19.52112275891195,13,2.0,-6671
19.521210072939724,16,2.0,6201
19.521471044190548,16,1.0,3817
19.521736540785838,14,46.0,-6457
19.521736540785838,17,46.0,-6457
19.521762685539365,14,4.0,-6663
19.522526918000022,10,15.0,8780
19.522795061350664,17,1.0,-5439
19.52290611148092,5,1.0,0
19.52579792550771,13,1.0,-6345
19.526273637737656,5,3.0,0
19.526488462871512,13,1.0,-6680
19.530503267954913,3,53.0,8814
19.53110498309475,5,6.0,0
19.531600123312252,15,1.0,-4445
19.531662869609832,13,2.0,-6508
19.53233551560524,17,2.0,-5045
19.532762899463897,16,6.0,6196
19.532889713365297,17,1.0,-2210
19.53338938945449,13,1.0,-6787
19.533552499956773,17,9.0,-1255
19.53502795720709,13,3.0,-6498
19.53544820813451,16,3.0,3244
19.53617262702799,5,2.0,0
19.53672552381574,13,4.0,-6429
19.53672552381574,17,4.0,-6429
19.537104628112065,14,3.0,-6743
19.537920718422875,13,1.0,-6834
19.53891855860254,17,31.0,-4504
19.53912921299169,14,1.0,-6890
19.53912921299169,17,1.0,-6890
19.540265263894696,13,2.0,-6648
19.540265263894696,17,2.0,-6648
19.540391281004524,14,2.0,-6800
19.540785591197256,13,7.0,-6822
19.540855197980246,13,2.0,-6605
19.542026893957345,13,1.0,-6772
19.542026893957345,17,1.0,-6772
19.542225807944305,13,6.0,-6472
19.543951969613133,13,10.0,-6584
19.543989835003927,13,7.0,-6684
19.544636954379385,17,1.0,-1217
19.54467089841249,5,11.0,0
19.54494323699631,17,2.0,-5732
19.545674199401034,17,2.0,-3678
19.545787003103918,113,39.0,-6367
19.546420021462513,13,3.0,-6808
19.546777854965068,5,1.0,0
19.54764131130449,14,2.0,-6661
19.548138309406124,16,1.0,4251
19.5496864310273,13,1.0,-6510
19.54972449296527,11,60.0,8612
19.551007390087864,15,1.0,-4340
19.552693153808733,15,2.0,-4388
19.55443208329332,15,1.0,-4397
19.55524745475814,13,1.0,-6814
19.55561782336967,17,5.0,-3731
19.555763595403217,13,1.0,-6864
19.55689215733833,14,1.0,-6830
19.55689215733833,17,1.0,-6830
19.557370173782612,13,8.0,-6897
19.55763535293842,13,1.0,-6486
19.55769173089332,5,1.0,0
19.557801544824024,7,42.0,8620
19.558068211081196,1,3.0,8815
19.55809562299266,11,5.0,8681
19.559273719902894,7,3.0,8632
19.560184785618507,13,1.0,-6650
19.56099072295125,14,54.0,-6727
19.562643330392827,5,2.0,0
19.563429552173158,13,1.0,-6912
19.56344458959082,5,3.0,0
19.56523945881986,16,42.0,7900
19.567330919997822,5,1.0,0
19.567423768026778,13,2.0,-6569
19.567423768026778,17,2.0,-6569
19.568481849554924,17,1.0,-3970
19.569380632602673,17,6.0,-6301
19.569684444649873,15,5.0,-4560
19.57248615092191,17,4.0,-2099
19.572708430958897,13,1.0,-6602
19.573137416474033,13,1.0,-6441
19.573370091259164,17,7.0,-3022
19.57368592211171,5,5.0,0
19.574348750443612,17,29.0,-2542
19.576023353666887,13,2.0,-6382
19.576023353666887,17,2.0,-6382
19.57662653250784,13,1.0,-6505
19.576689402613738,16,4.0,7226
19.577577912990566,6,1.0,8747
19.578128593671355,113,54.0,-6811
19.57864874294208,17,2.0,-6300
19.579379246607896,13,1.0,-6422
19.579587385365063,5,4.0,0
19.58077441474714,13,1.0,-6903
19.580845297130082,13,1.0,-6503
19.581862549343995,14,7.0,-6497
19.581862549343995,17,7.0,-6497
19.583134249663868,15,2.0,-4396
19.5857640214704,1,1.0,8816
19.58592936579493,13,9.0,-6846
19.58592936579493,17,9.0,-6846
19.58599819107258,16,33.0,2128
19.586945865777857,17,1.0,-4427
19.587610055608398,17,2.0,-1815
19.587758986550373,15,2.0,-4289
19.587924683523152,13,8.0,-6627
19.59032822640947,5,1.0,0
19.590542930086023,13,2.0,-6756
19.590780231774076,5,3.0,0
19.591643182379993,13,5.0,-6641
19.591667677154994,16,5.0,2930
19.59188968709507,5,4.0,0
19.591920956830997,13,14.0,-6734
19.594048324684486,14,1.0,-6603
19.594423252132955,13,2.0,-6672
19.5945789653601,9,1.0,7504
19.596126605643,7,4.0,8752
19.59687564584066,14,5.0,-6852
19.597018236149083,5,5.0,0
19.597837070003383,5,7.0,0
19.599046663206316,5,2.0,0
19.599203551161196,16,3.0,3640
19.599616647985744,14,8.0,-6849
19.599685062308353,13,4.0,-6804
19.601112482062803,14,2.0,-6829
19.601112482062803,17,2.0,-6829
19.60192893771032,17,1.0,-1307
19.602703351201907,15,1.0,-4583
19.603754673695278,13,1.0,-6729
19.603849295568253,17,1.0,-1235
19.603862733410402,14,1.0,-6504
19.603862733410402,17,1.0,-6504
19.604303301418447,13,1.0,-6476
19.604303301418447,17,1.0,-6476
19.60447118682735,15,1.0,-4309
19.604684226523105,14,2.0,-6523
19.604684226523105,17,2.0,-6523
19.604872081023885,17,1.0,-5657
19.605246268960688,13,4.0,-6634
19.60573605732863,16,1.0,5565
19.60593081629234,14,2.0,-6614
19.606391696190446,5,1.0,0
19.607299270545756,5,2.0,0
19.607949179444507,15,24.0,-4571
19.608914883723347,17,3.0,-1184
19.609192915235532,14,3.0,-6434
19.60920960461866,13,1.0,-6755
19.611048986454463,15,2.0,-4361
19.61222120608906,13,1.0,-6502
19.61227446965585,16,13.0,1517
19.61232951317209,13,1.0,-6589
19.61232951317209,17,1.0,-6589
19.612415590235,1,6.0,8817
19.613409582919154,13,5.0,-6397
19.616688267315435,15,2.0,-4501
19.61853326875586,16,57.0,1306
19.61875809947884,13,1.0,-6392
19.61981054445981,15,3.0,-4374
19.620845373536415,15,1.0,-4533
19.621047076775735,13,1.0,-6750
19.621047076775735,17,1.0,-6750
19.621369911027994,13,2.0,-6857
19.624111512378214,13,4.0,-6587
19.626069843467135,16,22.0,968
19.62632779188252,5,4.0,0
19.626841428801953,13,1.0,-6459
19.62693094369587,17,1.0,-5308
19.628737092648972,15,10.0,-4602
19.6315221154481,15,1.0,-4494
19.63214974318581,13,6.0,-6538
19.63214974318581,17,6.0,-6538
19.6326677828643,12,48.0,8536
19.63417996226877,13,4.0,-6806
19.634251127612956,5,7.0,0
19.63428139136419,10,29.0,8724
19.634836094796288,17,3.0,-5104
19.63498078715868,13,1.0,-6705
19.635820357767468,13,3.0,-6653
19.63707544283092,14,2.0,-6918
19.637176687395083,13,1.0,-6910
19.637176687395083,17,1.0,-6910
19.637961781622824,17,1.0,-1594
19.638498839618126,3,16.0,8818
19.638748412914012,17,1.0,-756
19.63885281822182,13,2.0,-6371
19.639015864858045,5,1.0,0
19.63901612990877,5,6.0,0
19.639176579718637,5,1.0,0
19.639880782910456,5,1.0,0
19.639887270068133,1,4.0,8819
19.640878650298976,13,5.0,-6658
19.641338777082808,15,3.0,-4287
19.641835873688745,13,9.0,-6423
19.641835873688745,17,9.0,-6423
19.642158824725932,17,3.0,-72
19.642738664072667,15,2.0,-4693
19.642957358625218,13,1.0,-6782
19.642957358625218,17,1.0,-6782
19.643860204704275,14,4.0,-6810
19.644798036978088,5,1.0,0
19.645313539436287,1,3.0,8820
19.645396805039347,14,8.0,-6839
19.646619628134715,17,1.0,-1068
19.64726927821492,12,6.0,8744
19.64880882173867,5,1.0,0
19.649053920804686,5,2.0,0
19.649159950636452,17,5.0,-4155
19.65044859941696,16,1.0,5639
19.65054071981359,5,3.0,0
19.65081294452636,15,1.0,-4364
19.650889850245918,15,4.0,-4313
19.65125866959328,13,7.0,-6400
19.652413307723208,17,2.0,-3488
19.65336846694306,13,1.0,-6491
19.65457041128201,15,6.0,-4450
19.655082034287165,17,3.0,-6130
19.65630263016934,7,4.0,8705
19.656823794612567,17,1.0,-2967
19.65696481732045,13,6.0,-6908
19.657293317378812,14,1.0,-6747
19.658423629646958,14,1.0,-6453
19.65876257792802,5,4.0,0
19.65982106446498,5,4.0,0
19.660524107219945,13,2.0,-6568
19.66107081462487,17,3.0,-265
19.662281700755575,15,3.0,-4232
19.663010490638925,17,7.0,-1771
19.663477113421855,15,1.0,-4261
19.663493164682198,13,1.0,-6630
19.664303442609423,11,50.0,8512
19.665305767201534,17,2.0,-1241
19.665738771222287,17,2.0,-4601
19.666162142795756,15,1.0,-4315
19.66654860955711,17,2.0,-3210
19.667396239318776,5,9.0,0
19.667399127831267,17,14.0,-3979
19.66756814747983,17,1.0,-1220
19.66793724044121,13,5.0,-6629
19.66793724044121,17,5.0,-6629
19.66811980457733,6,6.0,8817
19.669382176609506,5,5.0,0
19.67096086831611,13,1.0,-6436
19.67148205816627,13,2.0,-6412
19.671491087834596,17,1.0,-4780
19.67189159644023,14,3.0,-6381
19.67189159644023,17,3.0,-6381
19.672648091434773,17,2.0,-3392
19.67325686883314,13,14.0,-6531
19.674055847119693,17,1.0,-5544
19.675967935230386,15,3.0,-4658
19.67645012804613,13,2.0,-6803
19.678699798533025,13,2.0,-6785
19.679786075476184,17,5.0,-4944
19.680156345045507,5,1.0,0
19.68151972321433,16,2.0,54
19.682523932864257,14,5.0,-6488
19.683788653168783,17,2.0,-4363
19.685136608280825,13,3.0,-6547
19.68607793248288,6,1.0,8796
19.68608009478998,14,2.0,-6818
19.686767365365057,14,4.0,-6482
19.689490135251884,7,1.0,8235
19.689866660826798,13,2.0,-6558
19.689866660826798,17,2.0,-6558
19.691925162079304,14,3.0,-6685
19.691925162079304,17,3.0,-6685
19.69295214243119,14,1.0,-6669
19.69295214243119,17,1.0,-6669
19.693222480524128,13,16.0,-6493
19.693325765730716,1,2.0,8821
19.693531853633996,13,5.0,-6463
19.694160258309545,13,1.0,-6447
19.694160258309545,17,1.0,-6447
19.69534373578551,16,6.0,1460
19.697465305570887,15,2.0,-4543
19.697698882456514,13,3.0,-6637
19.697989491826217,17,3.0,-2597
19.698702819762644,8,2.0,8759
19.699468148526087,14,3.0,-6855
19.69977606685884,13,2.0,-6923
19.70001901561481,13,6.0,-6559
19.701049773459204,9,2.0,8738
19.701497623294934,16,2.0,1468
19.703206969451642,17,2.0,-6306
19.703611862922273,16,2.0,1266
19.705299195329943,16,3.0,4482
19.70574732933897,17,2.0,-576
19.70662438333574,17,1.0,-5793
19.70747486545059,5,1.0,0
19.708567330575526,13,2.0,-6389
19.710429217798083,14,1.0,-6843
19.71202744411739,16,45.0,8333
19.71251890440561,17,1.0,-1956
19.713953485552707,14,3.0,-6492
19.714217417802494,13,5.0,-6868
19.714571602593324,17,1.0,-6330
19.71634457188305,17,2.0,-5970
19.716455323616596,13,3.0,-6721
19.717624012630843,13,2.0,-6715
19.718379930787435,16,7.0,6760
19.71840091395359,6,3.0,8778
19.71890590312525,17,1.0,-6170
19.720227727074985,14,3.0,-6759
19.720227727074985,17,3.0,-6759
19.72057078840431,5,3.0,0
19.720644337194493,5,1.0,0
19.724122998216377,5,2.0,0
19.7244946920572,9,6.0,8744
19.726636437471967,16,4.0,4008
19.72713043004631,5,2.0,0
19.72881447379916,6,1.0,8619
19.729661045740897,14,4.0,-6777
19.730101380209444,13,3.0,-6728
19.730101380209444,17,3.0,-6728
19.730331508295173,16,2.0,5355
19.731905354275078,13,1.0,-6683
19.732319003500834,14,8.0,-6632
19.73240475378086,13,1.0,-6856
19.73240475378086,17,1.0,-6856
19.73247020386806,5,4.0,0
19.732744297911886,15,1.0,-4563
19.734003009672485,17,1.0,-4457
19.73444216413055,16,1.0,6509
19.736035398631838,13,2.0,-6723
19.736035398631838,17,2.0,-6723
19.736488366298673,13,1.0,-6393
19.736488366298673,17,1.0,-6393
19.736975776790754,5,3.0,0
19.737050723757893,13,2.0,-6635
19.737600693873382,17,1.0,-3072
19.738111847916674,12,35.0,8743
19.73821820038636,13,3.0,-6905
19.73910395165932,9,2.0,8295
19.739639602856123,17,1.0,-5270
19.740787644383808,14,2.0,-6537
19.74132392605497,13,9.0,-6388
19.74210704008933,6,2.0,8231
19.742111666237516,7,1.0,8769
19.74259527189912,13,4.0,-6865
19.74259527189912,17,4.0,-6865
19.743528003442368,17,2.0,-2885
19.743938140574517,5,1.0,0
19.74429153929852,10,3.0,8694
19.74455163860735,17,1.0,-1309
19.74500727192228,14,1.0,-6891
19.748030350029712,13,1.0,-6739
19.74833066885622,16,3.0,2605
19.750106951697,10,43.0,8690
19.751101180972785,16,4.0,5294
19.75171324787027,14,4.0,-6706
19.75184471079439,17,6.0,-4355
19.75233765462689,14,3.0,-6469
19.753139356677067,13,1.0,-6860
19.753139356677067,17,1.0,-6860
19.75355761024956,13,1.0,-6840
19.753890885071776,5,2.0,0
19.75449927135528,17,1.0,-5863
19.75464738176455,13,2.0,-6520
19.754783003932463,14,3.0,-6820
19.754783003932463,17,3.0,-6820
19.755272927573042,13,2.0,-6675
19.75528788388141,5,4.0,0
19.756645303639576,5,4.0,0
19.756797482951487,4,9.0,8822
19.758204984203118,13,1.0,-6752
19.75900021343803,6,1.0,8763
19.759322376800455,13,1.0,-6567
19.759322376800455,17,1.0,-6567
19.759536094655644,5,2.0,0
19.760302729817315,15,1.0,-4599
19.76112259111609,13,1.0,-6524
19.76112632348971,13,1.0,-6795
19.761232095685628,5,3.0,0
19.761912348533365,6,4.0,8662
19.76284463060209,13,1.0,-6425
19.766744427790112,13,1.0,-6625
19.769434600492943,13,4.0,-6373
19.770780855773545,7,1.0,8709
19.770780855773545,16,1.0,8709
19.77099639305668,17,2.0,-6160
19.77135309097423,13,1.0,-6907
19.77159924396063,15,4.0,-4624
19.7726362561108,13,2.0,-6746
19.773247692673024,4,2.0,8823
19.773974479529326,13,2.0,-6477
19.77426940984399,5,4.0,0
19.77430242619728,13,2.0,-6913
19.77430242619728,17,2.0,-6913
19.77480860560907,13,3.0,-6921
19.77480860560907,17,3.0,-6921
19.77509145228264,17,1.0,-438
19.77599769754517,16,1.0,3835
19.77630021507132,7,2.0,7052
19.778947804603764,14,2.0,-6548
19.779235172613486,15,1.0,-4426
19.779784968767046,15,3.0,-4681
19.781071547186908,13,1.0,-6869
19.78131652283143,13,1.0,-6592
19.782356772884604,13,1.0,-6824
19.782356772884604,17,1.0,-6824
19.782651355944896,11,2.0,8792
19.784808543203898,4,3.0,8824
19.786174500495118,14,1.0,-6451
19.78775429337376,15,2.0,-4444
19.78778545742064,13,10.0,-6612
19.78795754688297,15,3.0,-4562
19.788651807918246,15,1.0,-4619
19.789102333517352,13,1.0,-6607
19.789577467112462,5,6.0,0
19.78991690692258,5,4.0,0
19.790553588231813,5,2.0,0
19.792575539430725,5,4.0,0
19.792666248921144,13,3.0,-6738
19.79295602117402,17,1.0,-1982
19.793293326214147,15,2.0,-4688
19.79331249098196,16,6.0,4362
19.794334915263274,5,2.0,0
19.794337963759475,15,2.0,-4616
19.7954907101684,14,5.0,-6850
19.79555364273662,16,2.0,8476
19.795849737064167,17,5.0,-1047
19.797071477598507,1,2.0,8825
19.79784879363568,16,31.0,1687
19.797858875900257,7,2.0,8787
19.79920241513122,13,1.0,-6909
19.799203044931264,5,2.0,0
19.799566772125353,14,4.0,-6709
19.799566772125353,17,4.0,-6709
19.801979145004445,13,2.0,-6896
19.80218999437826,17,11.0,-681
19.802469586804385,13,41.0,-6845
19.802469586804385,17,41.0,-6845
19.80344394712643,14,3.0,-6886
19.80344394712643,17,3.0,-6886
19.804791202731433,15,1.0,-4320
19.805063043838732,17,1.0,-3223
19.806018054356493,5,2.0,0
19.80626969573324,14,6.0,-6911
19.807081189909933,17,8.0,-1416
19.80803009072372,15,5.0,-4230
19.808139150374803,17,3.0,-4520
19.80893470403795,16,26.0,3959
19.80929897660826,17,3.0,-779
19.80956758508429,13,2.0,-6692
19.810335924703097,5,2.0,0
19.810342009564582,5,6.0,0
19.81251493463471,16,3.0,2298
19.813705049153803,16,1.0,1312
19.814426201904215,16,12.0,5128
19.81478449312892,17,1.0,-5569
19.81560846128905,14,1.0,-6583
19.81560846128905,17,1.0,-6583
19.81580623483386,17,3.0,-4165
19.815894429726356,14,1.0,-6339
19.818353922247304,17,6.0,-3570
19.818840932188728,5,3.0,0
19.818983898084795,13,1.0,-6623
19.819461619659776,7,2.0,8710
19.8197807047491,14,1.0,-6519
19.82055392616823,13,1.0,-6917
19.82055392616823,17,1.0,-6917
19.820579664937757,13,3.0,-6446
19.821737423854586,11,25.0,7994
19.822218655982702,13,3.0,-6646
19.82248209646227,17,39.0,-2996
19.822843309465217,13,1.0,-6697
19.822932974916778,5,29.0,0
19.823323345189674,16,2.0,1335
19.823921337030406,5,3.0,0
19.82395480241331,113,51.0,-6368
19.824760977572,13,1.0,-6443
19.824913662327926,13,2.0,-6722
19.824913662327926,17,2.0,-6722
19.8250254662494,16,2.0,2440
19.825077483485202,5,1.0,0
19.82629073350784,5,2.0,0
19.82641308208006,13,1.0,-6844
19.82641308208006,17,1.0,-6844
19.827371139372737,13,5.0,-6679
19.82781537815155,17,1.0,-3414
19.829318716829075,14,1.0,-6521
19.83289676042735,15,5.0,-4675
19.83338766070656,13,5.0,-6668
19.83481987357172,17,2.0,-1791
19.834935093080723,13,1.0,-6475
19.834935093080723,17,1.0,-6475
19.835064800197507,17,2.0,-4180
19.83508799763908,13,1.0,-6879
19.835299924705854,10,47.0,8813
19.83544114380458,113,40.0,-6693
19.83570749867962,17,17.0,-5820
19.83642121248565,15,1.0,-4598
19.836485844949426,13,3.0,-6403
19.836542109668656,5,2.0,0
19.838124530595856,14,2.0,-6462
19.838124530595856,17,2.0,-6462
19.83870898897552,13,3.0,-6823
19.8392552236131,14,1.0,-6360
19.83927884595507,5,1.0,0
19.83976370754037,9,48.0,8536
19.84161728739106,10,16.0,8818
19.84171591357828,13,1.0,-6730
19.84171591357828,17,1.0,-6730
19.842801958855656,5,6.0,0
19.84528531397684,5,1.0,0
19.847514079719577,14,1.0,-6652
19.848081548451777,13,2.0,-6343
19.848528978141818,6,1.0,8786
19.849785707581578,15,2.0,-4697
19.851492812121826,16,9.0,853
19.85153102316695,13,29.0,-6528
19.851651744822433,13,4.0,-6572
19.851822052436148,16,7.0,5905
19.852012940369978,17,2.0,-4775
19.852029237887496,13,1.0,-6677
19.85277684534112,9,9.0,8658
19.85307970268664,16,4.0,890
19.85475483449744,17,11.0,-2572
19.85477722688834,14,2.0,-6802
19.855555751483077,13,3.0,-6757
19.85780354996099,14,1.0,-6372
19.858109646897056,17,4.0,-4241
19.859147669792897,16,25.0,481
19.859656044706124,17,4.0,-3452
19.860799634069444,17,4.0,-5122
19.86148466555465,14,3.0,-6686
19.86193628515591,13,1.0,-6826
19.86193628515591,17,1.0,-6826
19.8620225739964,13,1.0,-6419
19.86209567331071,13,3.0,-6875
19.86218443021121,17,1.0,-4842
19.86221620157577,17,15.0,-4406
19.862299671677153,5,4.0,0
19.862827589777055,16,3.0,8272
19.862849689628348,13,1.0,-6871
19.86307567786074,17,38.0,-4952
19.86392161103071,15,1.0,-4604
19.864013653400185,113,51.0,-6544
19.864510899843232,13,2.0,-6643
19.864747633761457,17,2.0,-2540
19.865069896439657,5,4.0,0
19.866011436233116,7,3.0,8534
19.867138573860434,13,1.0,-6430
19.86741492072948,12,22.0,8542
19.869829028567107,5,2.0,0
19.86990405460822,9,8.0,8750
19.87007240215122,17,1.0,-4475
19.87026809982574,13,3.0,-6579
19.87163420238203,14,42.0,-6458
19.8724620100676,16,3.0,3987
19.87345393119814,5,3.0,0
19.874028990118763,15,12.0,-4205
19.874087657277137,5,4.0,0
19.87448364822301,17,1.0,-6196
19.875037910904418,13,1.0,-6515
19.875555654467572,15,28.0,-4404
19.875918684064004,5,3.0,0
19.87650459780317,17,1.0,-2264
19.876634671865194,5,1.0,0
19.877278281407406,15,2.0,-4628
19.877687927387058,13,2.0,-6437
19.877687927387058,17,2.0,-6437
19.877762807261433,13,1.0,-6682
19.877762807261433,17,1.0,-6682
19.878587039794542,14,15.0,-6732
19.87866063369789,15,6.0,-4298
19.879761426714126,13,1.0,-6370
19.879761426714126,17,1.0,-6370
19.880399069055095,13,3.0,-6704
19.880883456834255,1,2.0,8826
19.881605518044154,13,26.0,-6717
19.882443437161495,14,1.0,-6415
19.88251710227926,14,7.0,-6571
19.88329265882782,13,1.0,-6676
19.88487223985131,13,10.0,-6454
19.88584748705596,12,15.0,8780
19.888323161913913,17,1.0,-4673
19.89034342429167,5,49.0,0
19.890754547479908,15,1.0,-4629
19.890933169232103,13,1.0,-6407
19.8920136653229,5,5.0,0
19.892026823490834,5,1.0,0
19.893279969030957,14,3.0,-6726
19.893948731791454,17,1.0,-4749
19.894155862074687,16,1.0,1384
19.89491303823664,17,12.0,-3529
19.8961898552542,16,1.0,7768
19.89657725031083,16,6.0,2195
19.89749603140258,14,4.0,-6387
19.897719631218816,15,2.0,-4468
19.898418272325284,5,11.0,0
19.898452152354277,5,30.0,0
19.898605065519348,11,5.0,8656
19.898854826294592,13,2.0,-6435
19.89890669567849,17,5.0,-4144
19.899143656106233,17,5.0,-5541
19.899187025913577,17,5.0,-2923
19.9015673547876,5,2.0,0
19.903632447867142,13,1.0,-6740
19.905143272057316,17,1.0,-4617
19.905976619024333,13,4.0,-6406
19.906098282585937,14,1.0,-6485
19.906098282585937,17,1.0,-6485
19.906645886506155,5,3.0,0
19.907240331441393,6,1.0,8748
19.90737551518946,17,1.0,-5882
19.90789035175553,15,4.0,-4679
19.90846181753636,6,1.0,8727
19.909458271202496,13,2.0,-6527
19.910097514511648,14,3.0,-6539
19.910097514511648,17,3.0,-6539
19.910118306384305,17,5.0,-80
19.910479994348854,16,5.0,5055
19.91058084480761,5,3.0,0
19.911181186431165,17,2.0,-2442
19.91121913431588,5,2.0,0
19.91284780509906,5,7.0,0
19.915767265381383,13,1.0,-6440
19.915767265381383,17,1.0,-6440
19.916966187650992,14,4.0,-6450
19.916966187650992,17,4.0,-6450
19.91810998174046,5,3.0,0
19.92041151513545,16,5.0,3004
19.920701956243867,13,1.0,-6915
19.921360594817777,5,2.0,0
19.9213775383058,13,1.0,-6797
19.921770960239776,13,1.0,-6776
19.92242633327438,13,1.0,-6352
19.92242633327438,17,1.0,-6352
19.922614161701663,13,2.0,-6758
19.922614161701663,17,2.0,-6758
19.923591919012722,13,1.0,-6876
19.924333589415518,10,8.0,8639
19.924613967173574,17,1.0,-4990
19.92540867179173,15,1.0,-4366
19.92596423103613,16,8.0,2578
19.926573511992384,17,2.0,-801
19.927792806104353,5,1.0,0
19.92930455966442,7,1.0,8671
19.92964762683646,16,1.0,6200
19.929836572368416,16,16.0,5522
19.929920071703805,16,4.0,1503
19.932634074675363,17,1.0,-3026
19.932962654818724,6,2.0,8779
19.933330826417546,17,2.0,-5268
19.933446390412982,13,3.0,-6347
19.934023022851484,15,1.0,-4336
19.934023022851484,17,1.0,-4336
19.934305121279,13,4.0,-6873
19.934305121279,17,4.0,-6873
19.934621960585282,17,9.0,-225
19.93505320337956,17,2.0,-495
19.935203507413544,13,3.0,-6702
19.93528868567066,16,14.0,3811
19.93706691496778,5,4.0,0
19.938699533757646,13,1.0,-6902
19.939205989437717,5,2.0,0
19.940250685255293,113,24.0,-6416
19.94217577036312,5,2.0,0
19.942467199446792,10,7.0,8805
19.94272573158863,5,2.0,0
19.944160914325014,13,3.0,-6546
19.94417517466418,13,3.0,-6449
19.944639723617442,13,1.0,-6438
19.944639723617442,17,1.0,-6438
19.944802494688982,13,1.0,-6376
19.94597924649515,14,1.0,-6640
19.94597924649515,17,1.0,-6640
19.94599928722325,5,4.0,0
19.946903578948852,17,4.0,-2773
19.94724317627012,17,2.0,-3513
19.947296004168113,7,3.0,8568
19.948287915330315,13,2.0,-6557
19.948287915330315,17,2.0,-6557
19.949737663564576,13,4.0,-6495
19.949772989079214,7,1.0,8633
19.949818486237746,17,3.0,-3405
19.95011922414093,13,3.0,-6461
19.950162581870277,113,47.0,-6509
19.950539147957723,13,1.0,-6445
19.950539147957723,17,1.0,-6445
19.952784803653536,4,7.0,8827
19.95353403197433,16,2.0,4395
19.953965704735555,17,1.0,-5534
19.954148935748037,113,14.0,-6847
19.95498956186742,13,3.0,-6530
19.95529654032033,13,2.0,-6621
19.955524167653202,14,1.0,-6659
19.955857002744462,13,9.0,-6863
19.956696350361167,13,2.0,-6414
19.956849679981342,13,4.0,-6585
19.95769031129388,14,5.0,-6362
19.959563385164813,14,4.0,-6665
19.959563385164813,17,4.0,-6665
19.959690620531404,13,4.0,-6427
19.960064064749446,17,6.0,-4219
19.960414956780856,13,2.0,-6763
19.960458503424505,15,1.0,-4597
19.961350279408506,15,10.0,-4414
19.96251055809502,13,57.0,-6563
19.963754253492873,9,4.0,8385
19.96392786501031,5,1.0,0
19.96493793781478,5,12.0,0
19.965337342416927,13,2.0,-6626
19.967965713125327,13,16.0,-6877
19.968005591164932,17,4.0,-6129
19.970120490445595,17,2.0,-1776
19.97277422141388,5,2.0,0
19.972915180202655,6,3.0,8645
19.972982811913642,15,5.0,-4392
19.97332402322412,5,8.0,0
19.975077755989677,5,10.0,0
19.975152206397144,14,1.0,-6570
19.975754800679745,5,11.0,0
19.978679247336203,16,3.0,6422
19.97881042187,16,3.0,4174
19.97983182882336,5,2.0,0
19.98118066030923,15,5.0,-4470
19.98238036547559,7,2.0,8545
19.983179781808893,16,58.0,174
19.98437849875168,9,4.0,8756
19.986070288147655,6,2.0,8826
19.98612993932086,17,1.0,-3121
19.987764378311716,13,8.0,-6466
19.98893453671417,13,1.0,-6792
19.989268853242343,1,4.0,8828
19.989900256233028,17,3.0,-392
19.990493767255032,17,3.0,-999
19.991411912798263,5,2.0,0
19.99210875028929,13,1.0,-6867
19.992321342128427,14,5.0,-6769
19.99309429304343,5,1.0,0
19.9939233672539,13,1.0,-6526
19.9939233672539,17,1.0,-6526
19.994715428898953,15,1.0,-4594
19.995275589556172,16,1.0,5556
19.996365006855637,13,7.0,-6694
19.997252695364715,13,3.0,-6365
19.998297279472304,9,4.0,8273
20.000468868484607,13,1.0,-7017
20.000823162242646,13,3.0,-7220
20.002113318573596,14,4.0,-6929
20.002243705115646,5,36.0,0
20.003509990980003,13,2.0,-7480
20.003792929638035,15,1.0,-5199
20.004851879436174,11,5.0,8773
20.00538696507887,13,1.0,-6970
20.00684254427014,13,3.0,-7309
20.007340282740252,5,3.0,0
20.0077748664415,14,2.0,-7192
20.008925419458148,5,13.0,0
20.00959053552487,13,1.0,-7481
20.010274221934328,15,4.0,-4999
20.010467760594143,13,2.0,-7059
20.010513878086293,7,3.0,8682
20.010640185687,13,1.0,-7189
20.012701537891253,15,4.0,-5112
20.014872262567977,13,2.0,-7109
20.01635267284837,13,8.0,-7348
20.01719221920015,1,4.0,8829
20.017943112861225,13,3.0,-7198
20.01802797141685,13,1.0,-7035
20.018695215333995,13,1.0,-7498
20.018980117894976,16,7.0,928
20.021382082512854,5,5.0,0
20.023337712410967,6,1.0,8670
20.024122498794682,13,1.0,-7355
20.024426056711974,5,1.0,0
20.025464460621848,14,15.0,-7373
20.026538382594175,16,11.0,7700
20.027000419798924,13,1.0,-7026
20.02762084572707,7,6.0,8726
20.02834752900025,5,1.0,0
20.02950772988891,16,26.0,1762
20.03040162441601,13,2.0,-7096
20.032209730338195,5,3.0,0
20.034083128919207,9,3.0,8505
20.03446781992978,11,52.0,8605
20.03446860085993,16,6.0,5373
20.037296750479385,5,2.0,0
20.03772929864408,14,1.0,-7253
20.038362880705698,11,11.0,8638
20.038957867962427,113,59.0,-6991
20.0391279350605,16,3.0,1461
20.039954101849037,9,5.0,8668
20.040340188355245,13,1.0,-7188
20.040548701362507,4,1.0,8830
20.041093988955147,5,1.0,0
20.042041482737016,13,3.0,-7217
20.044069277785482,11,7.0,8766
20.044704303167233,5,9.0,0
20.04623264710642,17,10.0,-2965
20.046522623567782,7,3.0,8713
20.047044817460936,13,6.0,-7267
20.04790689757174,5,51.0,0
20.048473128391574,13,4.0,-7421
20.04879333172531,5,6.0,0
20.05017917331692,14,4.0,-7050
20.050653431637837,113,45.0,-7312
20.050836108540235,13,2.0,-7248
20.052115642916313,13,3.0,-7047
20.05212911445692,15,1.0,-5066
20.053469648988376,15,3.0,-5219
20.053679914893358,16,5.0,4308
20.054078460688487,15,1.0,-4969
20.054628554782937,15,1.0,-4973
20.055099445858314,113,31.0,-7191
20.05579661113488,13,1.0,-7486
20.057143825515173,13,1.0,-7124
20.057704965273174,13,2.0,-6940
20.057761595631995,6,2.0,8825
20.058383101957222,13,2.0,-6930
20.0586510795489,17,2.0,-2257
20.06098962672402,14,4.0,-7086
20.061194074480554,9,2.0,8669
20.0613296293554,14,2.0,-6963
20.06210745200204,14,5.0,-7326
20.06346724059842,17,1.0,-1166
20.063712315930516,15,1.0,-4864
20.066212083609546,15,1.0,-4886
20.066456510534685,14,7.0,-7433
20.066738271593135,13,1.0,-7435
20.06683838078609,16,10.0,2104
20.067512197217823,14,4.0,-7316
20.06888123375441,4,5.0,8831
20.07151593735575,13,3.0,-7315
20.071554092750965,5,2.0,0
20.071988739762055,16,3.0,6840
20.07269888683531,13,1.0,-7016
20.073959956363037,13,2.0,-7162
20.07422536118446,13,3.0,-7006
20.074537503780412,14,21.0,-7500
20.074905365725133,13,6.0,-7322
20.075126981567063,1,6.0,8832
20.075225192212695,7,6.0,8722
20.075417208455228,14,3.0,-7466
20.07993247826637,5,2.0,0
20.08005856070946,5,1.0,0
20.080435031161443,1,1.0,8833
20.082870687432056,16,8.0,636
20.083136514521367,8,7.0,8762
20.083577633678097,14,3.0,-7374
20.08551486188693,13,1.0,-6985
20.087123814540284,16,10.0,7855
20.087656079824505,7,1.0,8362
20.089396103398265,13,1.0,-7403
20.091230076123225,5,7.0,0
20.09215687653449,7,8.0,8009
20.093206664452964,15,2.0,-5070
20.09349229962612,16,6.0,5159
20.095353647195957,16,2.0,7697
20.09725568433505,14,1.0,-7363
20.09949141185878,17,4.0,-2504
20.09964946657537,16,28.0,3036
20.100378686903323,15,26.0,-4922
20.100973089260826,5,2.0,0
20.101805462391994,14,52.0,-7144
20.10220030167514,14,1.0,-7080
20.10233535840403,14,8.0,-7151
20.102909611983506,14,2.0,-7091
20.10414644194552,13,1.0,-7023
20.10425004773509,14,4.0,-7453
20.104554383855625,13,1.0,-7132
20.104565409750027,16,11.0,1681
20.10554985110786,5,2.0,0
20.1058105562045,13,2.0,-7247
20.106497088388114,14,1.0,-7062
20.106607066285072,17,3.0,-2163
20.10801265229015,17,14.0,-3056
20.10831233597871,13,1.0,-7181
20.111122665437072,13,2.0,-6938
20.11126966789667,5,1.0,0
20.111753589107796,1,3.0,8834
20.11300857419852,13,13.0,-7289
20.113212702225248,13,2.0,-7202
20.11434562471344,5,2.0,0
20.114817850848343,5,9.0,0
20.115187595514744,14,4.0,-7037
20.115721229661293,17,4.0,-1212
20.11847394151432,13,5.0,-7019
20.118537615003387,5,3.0,0
20.11971630199009,16,1.0,1497
20.119752039100067,13,1.0,-7410
20.120470760145615,7,8.0,8714
20.12160311023638,16,9.0,2300
20.121933699055372,13,2.0,-7194
20.122989357667986,5,9.0,0
20.123494116301238,16,2.0,3368
20.126382879220795,13,3.0,-7335
20.126668302449808,17,2.0,-485
20.12729446557458,14,1.0,-7409
20.127960669238746,11,13.0,8623
20.128437699419038,17,3.0,-2599
20.13111740651662,14,2.0,-7496
20.131694524184102,13,1.0,-7186
20.131911415101303,5,3.0,0
20.132414363357846,15,1.0,-5127
20.134378763487224,14,2.0,-7072
20.135339875701927,13,3.0,-7169
20.135619457989375,13,2.0,-7075
20.136148173992215,15,5.0,-4777
20.136341700101674,7,8.0,8657
20.13665646688302,5,3.0,0
20.137344001161054,14,2.0,-7445
20.138844034191372,17,1.0,-3311
20.13939519132677,13,1.0,-7250
20.13964378494345,15,2.0,-4748
20.139673725175406,17,13.0,-1246
20.141064351529074,5,1.0,0
20.141553319514294,14,3.0,-7213
20.142098776797038,5,3.0,0
20.142674998306056,13,1.0,-7469
20.143183872945954,5,2.0,0
20.14494279005677,13,7.0,-7271
20.145468895373114,5,2.0,0
20.14621308186189,5,1.0,0
20.14721750273935,13,1.0,-7356
20.14812681807256,7,2.0,8128
20.14885491898779,13,1.0,-7283
20.1491353883266,5,4.0,0
20.14933577579108,13,1.0,-7418
20.15014683832208,17,1.0,-1464
20.1502981510929,14,3.0,-7008
20.15071131306784,13,1.0,-7447
20.15251511267662,13,1.0,-6982
20.154090745737456,15,2.0,-5065
20.154866045869976,17,4.0,-236
20.15569478096549,14,1.0,-7325
20.157419936000473,17,1.0,-1325
20.157447497561265,7,1.0,8629
20.158095954323237,15,1.0,-5186
20.158209811042813,15,1.0,-4826
20.159759631008654,16,58.0,147
20.1603423726129,16,45.0,1123
20.16041300431091,1,3.0,8835
20.160641748595783,13,1.0,-7133
20.161137859535906,5,3.0,0
20.161958956410608,14,2.0,-6966
20.163239208478817,13,4.0,-7506
20.16352179811527,1,2.0,8836
20.163943524899892,5,1.0,0
20.165855956199277,13,2.0,-7196
20.16586095729682,5,1.0,0
20.16657649044784,8,5.0,8758
20.166775095459272,13,5.0,-7116
20.168184848760355,14,2.0,-7195
20.168368133118197,6,3.0,8815
20.16987155867697,5,4.0,0
20.17203370558464,13,12.0,-7207
20.172993241437396,14,1.0,-7082
20.17350483612982,13,1.0,-7365
20.174113715356178,13,1.0,-6995
20.176343211597494,16,50.0,1591
20.17768006377118,13,5.0,-6953
20.177707155301157,16,23.0,6977
20.177893199768082,13,1.0,-7261
20.178864551875485,17,5.0,-1091
20.179381277062586,13,7.0,-7369
20.17980652517841,13,1.0,-7018
20.182022958158413,17,3.0,-3393
20.182775954104706,13,3.0,-7372
20.183602918837124,17,1.0,-1032
20.1850953784964,17,4.0,-1211
20.18526929718569,5,8.0,0
20.185826801936674,13,5.0,-7085
20.187114556365845,17,5.0,-4579
20.18824838865318,17,5.0,-4412
20.188410167279628,13,1.0,-7404
20.18869652728436,5,13.0,0
20.19005909430974,5,2.0,0
20.190320168542108,13,1.0,-7128
20.191363684237086,15,2.0,-4937
20.192451266623507,14,15.0,-7475
20.192801147744913,13,1.0,-7131
20.194220087540057,13,3.0,-7268
20.194615723569207,13,1.0,-7033
20.194654607782205,16,2.0,1761
20.194840446868813,13,6.0,-7092
20.194851321487942,14,5.0,-6989
20.19695440193857,13,1.0,-7255
20.19828073691226,5,8.0,0
20.19987904543156,13,11.0,-7411
20.20113618465907,5,6.0,0
20.201842672608013,15,13.0,-4827
20.201842672608013,17,13.0,-4827
20.20207099537316,13,1.0,-7347
20.20241862176737,14,3.0,-7216
20.202529192269488,17,2.0,-2526
20.203949738351685,5,1.0,0
20.20463466021622,16,2.0,7046
20.204722241378416,13,3.0,-7497
20.204740236355608,15,1.0,-5124
20.208185972273153,13,1.0,-7236
20.208282420492516,13,6.0,-7299
20.209365668883944,17,3.0,-3262
20.209619751113465,17,11.0,-3175
20.209630032258165,7,1.0,8747
20.209775855453366,13,4.0,-7172
20.209947692549395,13,1.0,-7170
20.209978404880832,13,2.0,-7446
20.210088070878967,5,3.0,0
20.210476514527738,5,2.0,0
20.21133483531296,13,7.0,-6962
20.211697805815337,17,1.0,-4585
20.212966126640552,13,2.0,-7079
20.213300506312173,16,2.0,5681
20.213924388007175,13,1.0,-6976
20.214029000748926,13,1.0,-7045
20.214322095576506,13,2.0,-7051
20.215397989122522,13,55.0,-7375
20.21628010851093,13,1.0,-7228
20.216997828500073,1,1.0,8837
20.217089495641556,13,1.0,-7244
20.217503679610356,13,2.0,-7294
20.217573597815665,5,1.0,0
20.217930976220593,13,3.0,-7130
20.218140434351604,13,6.0,-6960
20.218383374466278,15,2.0,-5048
20.219126327411004,13,2.0,-7076
20.219241715917146,5,10.0,0
20.22031469595848,13,1.0,-7388
20.220808006269685,14,16.0,-7428
20.220899663082896,5,5.0,0
20.221941742612803,5,5.0,0
20.221968858891113,15,1.0,-4772
20.221984406018283,6,3.0,8835
20.223132289055116,5,5.0,0
20.22349557018231,14,2.0,-7002
20.224374152789114,7,10.0,8661
20.22445559722121,17,1.0,-2699
20.224846764613478,15,3.0,-4803
20.22648019032955,10,6.0,8806
20.226725669468173,13,1.0,-7249
20.227228994808694,5,1.0,0
20.227721270923556,13,2.0,-7245
20.22874891000463,13,1.0,-7459
20.2288719050244,13,3.0,-7068
20.228888054604802,17,2.0,-978
20.22984830995739,13,1.0,-7391
20.23046685634609,17,2.0,-3854
20.231412561745156,5,3.0,0
20.2314560595738,14,1.0,-6956
20.231501880908755,5,1.0,0
20.23379690410364,15,1.0,-5014
20.23379690410364,17,1.0,-5014
20.234002188554545,15,3.0,-4867
20.23604617665403,14,1.0,-7354
20.23701050493052,113,37.0,-7385
20.23782379367568,17,1.0,-4531
20.23843944483332,5,1.0,0
20.23909401470704,13,2.0,-7073
20.2391992027675,13,4.0,-6993
20.240155150348812,13,5.0,-7304
20.24069848626427,15,3.0,-4975
20.240944231411405,13,8.0,-7276
20.24176449874437,15,2.0,-5013
20.242250027283585,15,14.0,-5037
20.243153906861707,7,4.0,8718
20.244613191951853,13,2.0,-7422
20.244613751965062,5,2.0,0
20.245668281992355,17,6.0,-5145
20.245864011489562,14,1.0,-6935
20.24740265666667,5,3.0,0
20.24794982434639,11,2.0,7952
20.251591868719565,13,4.0,-7048
20.251923807102006,13,2.0,-7503
20.25430032828229,14,1.0,-7049
20.255219300928335,5,6.0,0
20.255474577160417,113,34.0,-7434
20.257414445989212,14,4.0,-6994
20.258366727588644,15,2.0,-4731
20.25841803000459,16,3.0,5308
20.25952154873653,13,2.0,-7140
20.261162737562728,15,1.0,-4770
20.26219035821187,5,2.0,0
20.262356786876342,5,1.0,0
20.26276909380889,15,2.0,-5178
20.264157040456855,17,2.0,-5333
20.264741320276425,13,2.0,-7243
20.26486215673945,15,4.0,-4977
20.26511307294475,5,1.0,0
20.265641706643155,11,10.0,8749
20.265747644087337,13,2.0,-7204
20.265762596167118,4,4.0,8838
20.266342025202864,14,3.0,-6997
20.26717931989434,5,1.0,0
20.26808810015182,16,35.0,920
20.269244712627202,5,3.0,0
20.270881942452757,5,3.0,0
20.270929123467617,5,11.0,0
20.271158046140563,13,1.0,-6945
20.271361918751733,14,1.0,-7083
20.27140805192942,5,1.0,0
20.271965238552283,13,20.0,-7462
20.27240007033282,17,5.0,-3058
20.27267389660578,14,2.0,-7145
20.274395288804175,16,1.0,1422
20.274852335256426,14,2.0,-7224
20.27582519540477,13,2.0,-7277
20.27618703193198,17,3.0,-3670
20.277166528442454,5,1.0,0
20.277681960898587,5,7.0,0
20.278584231769077,17,3.0,-3450
20.280202015839773,17,2.0,-2695
20.280505056291716,13,1.0,-7094
20.281046841781865,5,3.0,0
20.281769464950166,17,13.0,-3635
20.282348101095018,13,1.0,-7393
20.282529270276825,17,6.0,-1886
20.282626458894224,13,2.0,-7230
20.283092183886353,13,11.0,-6954
20.283119628895964,14,7.0,-7419
20.28774106875165,113,24.0,-7450
20.28778049871201,15,2.0,-5126
20.288036452739377,15,9.0,-4988
20.288110745779438,13,1.0,-7457
20.288765369432447,13,13.0,-7487
20.289024648932273,5,2.0,0
20.29040970415434,15,4.0,-5132
20.292878286534297,17,1.0,-4247
20.292976381671185,13,17.0,-7399
20.29334047334789,5,1.0,0
20.29425539963085,15,2.0,-4923
20.294313410885902,3,39.0,8839
20.296250784394317,17,4.0,-4696
20.297070934725348,7,3.0,8764
20.297070934725348,16,3.0,8764
20.298894378926114,13,2.0,-7472
20.299320589859665,5,3.0,0
20.29932870958531,17,3.0,-1439
20.30015961685847,13,1.0,-7084
20.301900012388877,13,1.0,-7240
20.302696447106776,14,4.0,-7280
20.3041939367407,5,1.0,0
20.30421995730237,3,3.0,8840
20.30427980738296,5,2.0,0
20.30462238937333,13,1.0,-7270
20.30488072106386,14,3.0,-7122
20.308577727184673,5,1.0,0
20.31083257334684,5,1.0,0
20.3116161689196,16,12.0,3557
20.312148851532335,17,5.0,-5030
20.3134282670261,13,11.0,-7266
20.31424232388268,13,1.0,-7339
20.31570366277756,5,2.0,0
20.316740566519428,17,3.0,-166
20.319360304009198,10,3.0,8824
20.319626186288158,6,1.0,8777
20.32028024278134,10,9.0,8822
20.320483836587535,13,1.0,-7134
20.320488357010856,13,1.0,-6949
20.321181426721076,17,1.0,-1853
20.321223853439534,15,1.0,-4891
20.321496116785372,7,2.0,8770
20.3228750481317,17,12.0,-5049
20.324176273099003,14,3.0,-7125
20.324693717956066,13,2.0,-6934
20.32570207108578,16,1.0,122
20.325967201804048,13,15.0,-7288
20.327451777104326,13,11.0,-7405
20.327649524174078,5,3.0,0
20.327913930288087,5,1.0,0
20.327991980093866,14,1.0,-6944
20.328245828864464,15,2.0,-4882
20.328320547990828,14,1.0,-6964
20.328334841162754,15,2.0,-4958
20.32883473496293,5,3.0,0
20.32896958448515,13,1.0,-7007
20.329400560222684,16,12.0,1249
20.329743443854042,14,2.0,-7390
20.330877110203936,13,2.0,-7013
20.330896782722125,13,2.0,-7222
20.33118105158303,16,2.0,4491
20.33137854393732,17,7.0,-4455
20.33167092516482,13,5.0,-7328
20.332341775319016,13,3.0,-7246
20.333038234587654,17,4.0,-3934
20.334962103874233,14,4.0,-6955
20.33527889834144,14,1.0,-6974
20.336139038507568,17,8.0,-5090
20.33619177872803,14,26.0,-7077
20.336401855500107,13,2.0,-7429
20.338404791907944,16,3.0,644
20.338596497861925,14,1.0,-7432
20.340493330820877,5,3.0,0
20.340683803457065,16,1.0,3165
20.340921263196208,13,3.0,-7368
20.34127725135637,16,6.0,6353
20.342062834944063,14,8.0,-7093
20.342758059382973,13,5.0,-7259
20.34334675047231,14,7.0,-7310
20.343735816173417,13,1.0,-7430
20.344416341137933,13,3.0,-7436
20.344532136971203,16,59.0,2033
20.349255625470217,13,1.0,-7293
20.35005252425495,17,2.0,-3221
20.35054219499053,13,1.0,-7460
20.35118818017542,13,1.0,-6979
20.351607098779517,5,2.0,0
20.351962390964502,14,1.0,-7292
20.35271943427425,7,2.0,8691
20.353412148111424,17,1.0,-4220
20.353997828499764,15,3.0,-5224
20.35407421887088,14,3.0,-7357
20.355728979883253,16,1.0,2428
20.356552401333218,16,1.0,5331
20.356989784219316,7,2.0,8785
20.35720831892443,16,45.0,1785
20.357236602705076,7,6.0,8720
20.360041752346223,15,2.0,-4929
20.36088377654352,5,5.0,0
20.36168020829205,17,1.0,-5230
20.3617566031458,17,1.0,-3270
20.36178328359042,13,1.0,-6987
20.364214847348165,16,4.0,5385
20.364304944484893,17,4.0,-5250
20.36650946638602,14,12.0,-7442
20.367705819074416,5,2.0,0
20.368324201274213,14,6.0,-7066
20.368517798143962,13,1.0,-7009
20.36863737550006,17,15.0,-4297
20.369032133430416,13,6.0,-7034
20.369048047141252,15,6.0,-4871
20.369481542736537,17,2.0,-1769
20.370057269219355,15,8.0,-5046
20.37107319702222,13,4.0,-7070
20.372689312250834,15,4.0,-4927
20.37270974992242,15,5.0,-4894
20.37368696229307,14,4.0,-7119
20.37376067736399,16,1.0,1305
20.37473094927647,14,3.0,-7311
20.37525347551112,6,4.0,8829
20.37663431674084,17,3.0,-906
20.377901216121614,13,1.0,-6973
20.378560822430753,5,1.0,0
20.378904385405818,13,9.0,-7089
20.3792201423242,14,3.0,-7043
20.380019907758324,15,6.0,-5188
20.38016883789523,5,8.0,0
20.380657701085727,14,10.0,-7381
20.381234632427603,16,6.0,7461
20.38138964308801,13,8.0,-7406
20.383083291458995,16,4.0,3139
20.38340831265449,113,33.0,-7065
20.384593516255233,14,1.0,-7407
20.385574248255367,13,11.0,-7491
20.385834268507377,14,1.0,-7273
20.386015924020736,5,2.0,0
20.3878421891683,6,1.0,8816
20.38852206109422,16,5.0,5944
20.390633373755165,13,3.0,-7493
20.39113094177829,14,2.0,-7251
20.392824240649748,13,2.0,-6931
20.393193733882303,13,2.0,-7319
20.393872115662518,7,4.0,8436
20.395218768997417,5,1.0,0
20.396785329834753,5,4.0,0
20.397412278869954,5,1.0,0
20.397676988841525,15,2.0,-5056
20.398599296398654,16,46.0,643
20.398932532323037,14,2.0,-7362
20.400199135041348,13,2.0,-7337
20.400876709128053,17,21.0,-1832
20.401023935989695,15,9.0,-4739
20.401556349433413,14,4.0,-7426
20.402724764478705,6,4.0,8767
20.402934194424404,13,1.0,-7494
20.404167886522714,14,1.0,-7042
20.40441268296237,15,1.0,-4830
20.405085344305125,17,1.0,-88
20.405099000466755,13,2.0,-7477
20.407744101148705,13,1.0,-7360
20.40978970496723,13,4.0,-6981
20.409820132922203,14,2.0,-7175
20.409973578806383,13,2.0,-7303
20.41178737405389,15,1.0,-4771
20.41206482954675,13,2.0,-7420
20.4126465574848,10,7.0,8827
20.41331358467034,14,4.0,-7137
20.41548357115095,5,2.0,0
20.416053947345084,5,1.0,0
20.416562820277584,5,1.0,0
20.4175160536983,5,1.0,0
20.41756745619548,17,2.0,-1066
20.41905814341395,14,3.0,-7456
20.419382408929405,14,1.0,-7499
20.419425518780656,16,1.0,8158
20.419891737232945,14,6.0,-7205
20.421638683027126,16,17.0,2906
20.421657437700876,14,3.0,-7300
20.424619262424148,6,5.0,8651
20.42476851141471,17,10.0,-2245
20.424947451577474,17,18.0,-1958
20.425555087802817,14,7.0,-7397
20.426844138861625,15,2.0,-4873
20.42696470587608,13,2.0,-7417
20.42811661061843,1,2.0,8841
20.428491191101436,15,2.0,-4789
20.428962285960708,5,3.0,0
20.429710909770908,14,16.0,-7127
20.430908693889844,14,5.0,-7210
20.431324733389516,14,4.0,-7416
20.432664959860325,5,4.0,0
20.43269367531601,13,3.0,-7115
20.433064261145308,16,1.0,4365
20.433191097154513,13,1.0,-7150
20.434261352354355,16,7.0,5353
20.43508183352129,15,3.0,-4983
20.43534168001075,5,5.0,0
20.43782312154617,5,1.0,0
20.438892595402706,15,3.0,-4980
20.439852156400065,13,2.0,-7400
20.44001895331155,5,1.0,0
20.440796988219724,5,12.0,0
20.441030892994384,17,1.0,-1689
20.441870792940197,13,1.0,-7113
20.44313430128951,14,1.0,-7039
20.444878437846572,17,2.0,-1210
20.445551387244308,15,1.0,-5108
20.446379770946972,5,6.0,0
20.446996783933045,8,1.0,8763
20.4472029128539,13,1.0,-7126
20.448558059311175,13,3.0,-7361
20.448843336730555,5,4.0,0
20.448890292421137,6,2.0,8797
20.449576201552787,17,2.0,-4420
20.449582553991952,14,1.0,-7501
20.449684572346538,14,5.0,-7223
20.451521593147945,13,1.0,-7260
20.45232448368095,5,21.0,0
20.453466102573994,13,3.0,-7233
20.45423902338531,13,2.0,-7225
20.454275661887937,17,1.0,-4925
20.45428100661736,17,21.0,-4680
20.45559763304915,14,1.0,-7317
20.456160124504333,13,1.0,-6950
20.4561924658361,5,5.0,0
20.457096408511173,13,2.0,-7060
20.45717429508676,5,8.0,0
20.45761679348989,14,4.0,-7155
20.458972789101207,6,3.0,8834
20.45913769034335,17,2.0,-5302
20.460496578343044,13,2.0,-7286
20.460686228568928,17,3.0,-2328
20.460798016372028,15,4.0,-4840
20.46256033889056,17,2.0,-2908
20.463790924411164,14,2.0,-7295
20.465518703597166,14,3.0,-7114
20.465519908845945,17,4.0,-5521
20.46647990652622,15,3.0,-4763
20.467078138064625,13,2.0,-7238
20.46712462291515,15,3.0,-4829
20.468214379605186,15,3.0,-4769
20.46873512976908,16,4.0,2243
20.46893179040497,15,1.0,-5153
20.469477653726493,1,5.0,8842
20.47028626121957,5,46.0,0
20.47179707888089,113,33.0,-6957
20.471893095467184,13,2.0,-7437
20.47286614674201,5,2.0,0
20.47357966052229,15,3.0,-5069
20.47357966052229,17,3.0,-5069
20.474387514908727,5,7.0,0
20.476896867525507,5,20.0,0
20.47730300448604,14,4.0,-7206
20.47858289131414,13,2.0,-7341
20.479691592376383,17,2.0,-3241
20.480352698898084,13,1.0,-7290
20.481224516976138,14,17.0,-7237
20.481533668712597,13,2.0,-7221
20.48633105150884,13,2.0,-7382
20.486888556512724,15,2.0,-5138
20.489257110678764,17,4.0,-5366
20.49029079125338,15,1.0,-5123
20.49040173396307,13,5.0,-7232
20.496775707576443,5,1.0,0
20.496889183042157,13,1.0,-6943
20.497081763292663,5,1.0,0
20.49914803845283,14,4.0,-7439
20.501145456055244,113,26.0,-6996
20.502190758681547,5,4.0,0
20.50382024448859,113,24.0,-6927
20.50430005768847,13,1.0,-7121
20.50479577335446,13,3.0,-7298
20.505066507874076,5,1.0,0
20.505084554017905,13,1.0,-7349
20.505145142956515,13,5.0,-6983
20.505145142956515,17,5.0,-6983
20.507542051960094,17,2.0,-1436
20.50767403796182,13,1.0,-7215
20.50767403796182,17,1.0,-7215
20.507894765910414,113,14.0,-7318
20.508396012452195,17,1.0,-5449
20.50850372189999,14,1.0,-7505
20.509134815415585,13,2.0,-7030
20.509134815415585,17,2.0,-7030
20.51022430377409,13,1.0,-7427
20.510331532650515,13,2.0,-7185
20.510356285864155,13,1.0,-7146
20.51098752559172,13,2.0,-7004
20.511483974433713,13,1.0,-7366
20.511573308413038,14,10.0,-7104
20.51258071924688,14,2.0,-7478
20.512849480954348,14,1.0,-7449
20.512849480954348,17,1.0,-7449
20.51306951954481,16,1.0,5077
20.513258613893623,17,3.0,-4874
20.513525124681273,5,1.0,0
20.51481742758783,17,3.0,-2128
20.515067155677425,5,1.0,0
20.515463070550137,14,7.0,-7120
20.515973816554776,17,2.0,-5581
20.516130616975726,7,1.0,8745
20.516221400484756,113,59.0,-7129
20.517034706039524,17,1.0,-3193
20.518380091757148,17,6.0,-6805
20.51855968132405,13,2.0,-7055
20.52061225314397,16,3.0,3200
20.521045094472342,5,5.0,0
20.52209163521777,15,1.0,-5207
20.522687891508202,5,2.0,0
20.524379737615703,5,4.0,0
20.52471194831734,15,7.0,-4786
20.52471194831734,17,7.0,-4786
20.525600868818792,5,10.0,0
20.52693403290047,16,2.0,372
20.52871668860651,13,4.0,-7301
20.529471428510966,16,3.0,1787
20.52958649729366,16,2.0,5669
20.529593854777982,8,5.0,8651
20.529707874598973,5,2.0,0
20.530553836549544,13,2.0,-7402
20.53287274370387,15,6.0,-5232
20.534874490636795,13,1.0,-7097
20.535496220161757,14,5.0,-7334
20.5373360975313,17,3.0,-586
20.5373758371179,1,6.0,8843
20.539490163590315,13,1.0,-7078
20.53960478407267,13,3.0,-7474
20.53960478407267,17,3.0,-7474
20.539890369884525,13,2.0,-7379
20.539966604263878,13,1.0,-7057
20.540079453861345,16,59.0,4535
20.540391281004524,17,2.0,-6800
20.540408409546988,14,2.0,-7386
20.541624960817245,13,2.0,-7173
20.54200754353567,17,5.0,-5352
20.543718126982053,13,2.0,-7038
20.543881735880774,13,1.0,-6999
20.54453519620286,17,3.0,-5948
20.54571105239366,5,14.0,0
20.545930029705502,5,1.0,0
20.547881624042144,13,1.0,-7488
20.547881624042144,17,1.0,-7488
20.54798703652609,13,1.0,-7274
20.548073747205734,17,6.0,-127
20.54843599778735,15,3.0,-5064
20.548593778343957,17,1.0,-2242
20.54900527659701,15,9.0,-4812
20.5496331322976,15,1.0,-5233
20.549675985402413,13,1.0,-6951
20.551189596641834,5,13.0,0
20.55126665710594,17,1.0,-3824
20.5526383843516,14,1.0,-6977
20.5526383843516,17,1.0,-6977
20.552841859013803,17,1.0,-5499
20.552849289333853,14,5.0,-7226
20.552849289333853,17,5.0,-7226
20.55523585374645,14,30.0,-7183
20.55703438144484,7,6.0,8696
20.557488531372478,16,48.0,1095
20.558492407496047,113,56.0,-7159
20.55884594397916,17,3.0,-2737
20.55954005098025,5,1.0,0
20.560131613947583,13,1.0,-7358
20.561620226405676,15,3.0,-5058
20.561629888947145,13,1.0,-7218
20.56227456907353,13,1.0,-7090
20.562419406429818,15,3.0,-5136
20.56419944205497,17,1.0,-4177
20.564803559383513,14,2.0,-7046
20.564803559383513,17,2.0,-7046
20.567443304546238,15,1.0,-5206
20.56833344808208,5,1.0,0
20.56938622623064,13,2.0,-7110
20.56975627741287,14,36.0,-7067
20.56975627741287,17,36.0,-7067
20.57164617752907,13,1.0,-7063
20.573118320289325,14,3.0,-7392
20.57352261463791,13,13.0,-7211
20.57352261463791,17,13.0,-7211
20.573720334014176,17,3.0,-5446
20.574631342105928,17,49.0,-2286
20.575061353867337,13,2.0,-7214
20.57506828173023,13,3.0,-7476
20.575348080687665,5,2.0,0
20.57607482608983,5,8.0,0
20.576519760015255,14,7.0,-7412
20.576519760015255,17,7.0,-7412
20.578039890054935,13,1.0,-7492
20.57892938054546,13,1.0,-7015
20.581740168232276,15,1.0,-4945
20.581883960537432,15,1.0,-4998
20.582027722550222,14,5.0,-6978
20.582027722550222,17,5.0,-6978
20.58220195001745,13,1.0,-6942
20.582239831975027,13,1.0,-6946
20.582392153119773,5,6.0,0
20.582824841065865,14,1.0,-7307
20.58372533148003,13,1.0,-7395
20.58529020314527,17,2.0,-1144
20.585435817195847,15,4.0,-4857
20.58600851139122,9,48.0,8482
20.58609478197611,14,3.0,-7000
20.58609478197611,17,3.0,-7000
20.587202072239794,6,6.0,8790
20.587335273569092,14,2.0,-7081
20.587335273569092,17,2.0,-7081
20.588303165844273,13,5.0,-7041
20.588303165844273,17,5.0,-7041
20.588703343104726,15,2.0,-4837
20.589332187132065,15,1.0,-5176
20.589517956978547,10,3.0,8840
20.589971213348015,13,1.0,-7171
20.589971213348015,17,1.0,-7171
20.590812701566666,13,2.0,-7190
20.59105997957639,7,2.0,8811
20.591777374864353,14,2.0,-7117
20.59304519598671,16,19.0,2102
20.59306721509035,13,1.0,-6959
20.593152213235015,13,28.0,-7367
20.59340563865235,17,1.0,-3471
20.5937056006239,16,2.0,918
20.593826972875394,13,2.0,-7331
20.593826972875394,17,2.0,-7331
20.594241359705553,13,2.0,-7279
20.594852682587117,7,1.0,8728
20.595020067357765,13,11.0,-6952
20.595048516916194,17,9.0,-6320
20.5953719760617,8,2.0,8772
20.595958479342432,5,4.0,0
20.597313711910704,13,2.0,-7010
20.597313711910704,17,2.0,-7010
20.599737279785888,9,2.0,8759
20.601175484653826,17,1.0,-3408
20.60119268741013,13,3.0,-6947
20.601557379634738,5,8.0,0
20.60283106734883,5,1.0,0
20.603130948761198,13,1.0,-7275
20.603285894376317,13,2.0,-7056
20.603285894376317,17,2.0,-7056
20.604330649018273,17,9.0,-2977
20.607139274550782,13,3.0,-7383
20.607925515700977,14,16.0,-7052
20.607925515700977,17,16.0,-7052
20.608094764723496,13,2.0,-7242
20.608904021279674,7,2.0,8717
20.610277108133637,14,16.0,-7269
20.61056221982853,113,33.0,-6986
20.6117480227812,16,55.0,544
20.61448132263351,17,1.0,-4163
20.61468795959983,5,3.0,0
20.616292452724117,17,15.0,-1636
20.616545247656937,17,4.0,-2869
20.61690781779352,13,1.0,-7141
20.617123806192033,5,2.0,0
20.617231258058105,5,3.0,0
20.617836150827443,5,4.0,0
20.6183529464177,17,1.0,-2956
20.61859268343728,13,1.0,-7105
20.618841087697106,5,2.0,0
20.619793746821337,17,2.0,-4664
20.62003118879971,13,8.0,-7024
20.62003118879971,17,8.0,-7024
20.62033234616146,13,4.0,-7088
20.62053557153941,17,1.0,-1483
20.62065609564063,5,3.0,0
20.620771655859375,13,1.0,-7389
20.62105254712987,5,6.0,0
20.62317899441193,16,6.0,6055
20.623649714640266,17,2.0,-4224
20.624049272387825,16,56.0,1301
20.624378950772513,13,2.0,-7448
20.624378950772513,17,2.0,-7448
20.624903867317133,17,3.0,-3845
20.6265257144685,7,2.0,8779
20.626655524038565,15,3.0,-4942
20.627193748282817,13,6.0,-7106
20.627924405611775,13,1.0,-7014
20.628611664528353,5,3.0,0
20.62874218461514,17,4.0,-965
20.62994794291464,13,1.0,-7264
20.630088182546103,5,1.0,0
20.631141851133982,16,1.0,856
20.631418246905753,11,2.0,8793
20.631603328413224,113,56.0,-7157
20.633963286222418,17,2.0,-5736
20.634340260790818,13,2.0,-7444
20.635253532958487,5,1.0,0
20.635398658848363,14,2.0,-7425
20.635398658848363,17,2.0,-7425
20.635408846952718,5,2.0,0
20.635453998339067,13,2.0,-6992
20.63656047990344,17,8.0,-2102
20.636904969048064,5,4.0,0
20.637330062115446,5,2.0,0
20.63751851826033,15,1.0,-5053
20.638576097237078,13,1.0,-7142
20.639397446557787,13,3.0,-7118
20.63953650987611,13,6.0,-7443
20.639721576833747,14,4.0,-7364
20.641315609115765,16,6.0,5383
20.643571154878035,14,1.0,-7103
20.643571154878035,17,1.0,-7103
20.644103252278452,13,1.0,-7332
20.645222089452886,5,10.0,0
20.646071332056685,16,31.0,3168
20.64753377770167,17,2.0,-4884
20.647751141744557,13,1.0,-7040
20.648025513071246,17,3.0,-4279
20.64827941511145,15,1.0,-4806
20.649008912782918,13,49.0,-7371
20.649008912782918,17,49.0,-7371
20.650199916000844,5,4.0,0
20.651567442206222,13,2.0,-7359
20.652391186242774,5,1.0,0
20.653784844313773,5,6.0,0
20.653955289276094,5,1.0,0
20.65405915949825,17,2.0,-6321
20.654496981033798,14,2.0,-6936
20.655640442357786,14,13.0,-7022
20.656019131177963,13,1.0,-7187
20.65658468804828,13,3.0,-7350
20.658830092081583,14,2.0,-7262
20.658830092081583,17,2.0,-7262
20.659012275960997,13,3.0,-7158
20.659329070975566,17,1.0,-3272
20.660019884553805,5,9.0,0
20.66024457086383,14,1.0,-7345
20.660599918724643,17,1.0,-969
20.662396996062164,14,6.0,-7208
20.662396996062164,17,6.0,-7208
20.662457063482332,13,4.0,-7423
20.662859953634843,1,3.0,8844
20.663137317422557,5,1.0,0
20.663693534679865,14,3.0,-7378
20.664183742354123,11,6.0,8496
20.66440128020706,13,2.0,-7200
20.664551431285187,13,2.0,-6924
20.665930186428838,17,2.0,-2628
20.666063844409763,11,10.0,8716
20.66673293009149,13,1.0,-7495
20.667526566340392,5,1.0,0
20.671509402102675,15,1.0,-5034
20.671515812838727,15,1.0,-5078
20.672301062986666,17,1.0,-5887
20.672482213868072,14,2.0,-7012
20.673755792876346,17,14.0,-5908
20.673810013281553,13,3.0,-7201
20.675313117576657,5,2.0,0
20.676291777458502,14,49.0,-7306
20.676296747302814,13,7.0,-7123
20.676296747302814,17,7.0,-7123
20.67683888400226,13,1.0,-6961
20.67683888400226,17,1.0,-6961
20.67696056432996,13,2.0,-7069
20.67696056432996,17,2.0,-7069
20.67729301967614,14,3.0,-7036
20.67805390305262,17,1.0,-5217
20.678767617558773,5,1.0,0
20.679348367439477,17,1.0,-6166
20.680713368405534,13,1.0,-7482
20.681900225957186,13,7.0,-7415
20.682329726937155,16,6.0,5987
20.682391953368068,17,7.0,-3534
20.68254455289248,5,36.0,0
20.685136608280825,17,3.0,-6547
20.685508372413818,15,1.0,-5031
20.68608009478998,17,2.0,-6818
20.68650329185446,5,1.0,0
20.687225450834152,13,7.0,-7107
20.687225450834152,17,7.0,-7107
20.687498100519374,13,6.0,-7287
20.688790002753393,5,55.0,0
20.68932107968322,13,5.0,-7241
20.689391004686893,5,22.0,0
20.690064758775854,17,1.0,-5194
20.690900459116328,14,2.0,-7252
20.690991971756596,16,3.0,1313
20.691524203061956,114,60.0,-7256
20.694614663477722,13,3.0,-7163
20.694723931821333,5,1.0,0
20.695202190440103,17,4.0,-5428
20.69577103401387,14,6.0,-7164
20.69582850390801,14,25.0,-7424
20.696045366156973,13,1.0,-7044
20.696045366156973,17,1.0,-7044
20.696085959534475,15,1.0,-5180
20.696378997350244,17,3.0,-5607
20.69835617726576,13,1.0,-7177
20.69835617726576,17,1.0,-7177
20.69892464579033,17,5.0,-784
20.698957730906066,14,2.0,-7376
20.698957730906066,17,2.0,-7376
20.70042788325559,13,1.0,-7160
20.700539944176967,17,2.0,-5893
20.70165386107196,17,4.0,-3915
20.702723677848592,1,1.0,8845
20.702899201455047,13,1.0,-7011
20.702899201455047,17,1.0,-7011
20.70370775824664,13,3.0,-7483
20.704959243239852,15,1.0,-5086
20.706817147481875,17,2.0,-5484
20.707104099837824,14,1.0,-7098
20.7086160999037,5,3.0,0
20.70868146272782,13,4.0,-7464
20.708829876489887,13,2.0,-6925
20.70903754224166,6,1.0,8683
20.709199066232422,17,57.0,-4458
20.709637857116192,15,1.0,-5023
20.71033932405861,13,5.0,-7490
20.710364617341078,6,3.0,8782
20.71063407629234,5,4.0,0
20.714082420342898,14,5.0,-7278
20.714082420342898,17,5.0,-7278
20.714441105803548,13,3.0,-7111
20.714441105803548,17,3.0,-7111
20.715368697647843,13,1.0,-7152
20.715743139463996,15,2.0,-5082
20.715978126885613,5,2.0,0
20.71672886510294,13,1.0,-7329
20.71693950312089,13,2.0,-7431
20.716990147698613,13,1.0,-7394
20.718083889105745,13,1.0,-7005
20.718083889105745,17,1.0,-7005
20.71892584547305,13,2.0,-7061
20.719091712766176,5,4.0,0
20.72026191975605,13,7.0,-7352
20.72026191975605,17,7.0,-7352
20.720543628726706,13,2.0,-7176
20.720543628726706,17,2.0,-7176
20.72180200621453,5,1.0,0
20.721889565550345,5,2.0,0
20.722638250966156,17,3.0,-5431
20.723814840126234,13,2.0,-6988
20.72652129034727,13,1.0,-7101
20.72660340689692,17,3.0,-5968
20.728452380704887,17,3.0,-695
20.729135575522175,5,3.0,0
20.729357228707705,14,2.0,-7414
20.730280699605817,17,4.0,-5057
20.73058563590393,17,2.0,-3161
20.731141949168403,17,3.0,-4701
20.731434874045444,5,2.0,0
20.731526297348672,113,25.0,-6928
20.731905354275078,17,1.0,-6683
20.732319003500834,17,8.0,-6632
20.733274762178453,5,2.0,0
20.73371366660041,5,3.0,0
20.733725359423904,13,2.0,-7321
20.73465491592877,17,1.0,-5286
20.73529190826476,5,2.0,0
20.736844472243234,15,11.0,-4750
20.736915541105475,5,3.0,0
20.740289657366535,14,1.0,-7020
20.740586229334486,5,3.0,0
20.740618624282988,13,4.0,-7340
20.741429533673568,13,4.0,-7320
20.74169809286693,15,1.0,-4834
20.742494382322807,5,1.0,0
20.742510802558616,17,10.0,-3537
20.742796951131062,17,4.0,-3558
20.742895848420385,14,2.0,-7197
20.742895848420385,17,2.0,-7197
20.743645660768813,17,6.0,-3672
20.743850677115276,13,1.0,-7401
20.743961314450782,8,3.0,8782
20.746185084664628,13,1.0,-6941
20.746185084664628,17,1.0,-6941
20.746306374896008,13,1.0,-7272
20.74680232271918,13,1.0,-7387
20.749838486242346,11,24.0,8765
20.751153573728427,13,1.0,-7380
20.75233765462689,17,3.0,-6469
20.752663416092506,13,1.0,-7135
20.753448069604335,14,5.0,-7353
20.753559818598887,7,6.0,8687
20.753691789437916,5,3.0,0
20.753865322086455,13,1.0,-6990
20.753929817900776,17,5.0,-1606
20.754214119543235,113,18.0,-7054
20.754362666302768,13,7.0,-6969
20.754362666302768,17,7.0,-6969
20.754400521138766,13,4.0,-7455
20.755272927573042,17,2.0,-6675
20.75544261900039,13,2.0,-7452
20.756418038975603,17,1.0,-3707
20.756746769350666,15,6.0,-4822
20.75753266870503,17,5.0,-5212
20.757731559671548,5,2.0,0
20.75801030629486,5,1.0,0
20.758875359953265,13,3.0,-7099
20.760244994733377,17,2.0,-260
20.760270057406732,17,1.0,-3914
20.762034789511045,5,1.0,0
20.762076913892596,13,1.0,-7095
20.762076913892596,17,1.0,-7095
20.76315594454197,7,1.0,8760
20.7656664738755,11,11.0,8755
20.767224135767737,16,55.0,2131
20.767288722014346,15,1.0,-5222
20.768201760729088,13,5.0,-7212
20.768872013222385,7,3.0,8778
20.769172046678523,7,1.0,8599
20.769638413228716,14,3.0,-7323
20.770838054146182,13,3.0,-7108
20.77094564675568,15,3.0,-4727
20.772121113991112,11,33.0,8537
20.77304232973229,5,1.0,0
20.773589907964425,16,1.0,740
20.773598047862144,15,2.0,-4833
20.777961868184953,5,3.0,0
20.77803109073647,13,4.0,-7507
20.778107703850623,16,5.0,6185
20.77853154750113,13,1.0,-7209
20.77870477350369,5,3.0,0
20.778833444804967,13,1.0,-7154
20.778833444804967,17,1.0,-7154
20.778926876560256,15,7.0,-5025
20.779109860652184,15,1.0,-4759
20.780588908084994,17,1.0,-3764
20.781065964967897,16,7.0,4044
20.78135964758343,13,1.0,-7239
20.782756962885347,13,1.0,-6967
20.782916405146402,17,17.0,-2403
20.78309082311518,5,3.0,0
20.78403417189338,13,1.0,-7313
20.784684371556224,5,6.0,0
20.785069852371144,16,13.0,1677
20.785427312417188,17,1.0,-4146
20.78647738773409,5,9.0,0
20.786798571552566,17,2.0,-90
20.788054659088818,1,5.0,8846
20.788193053034465,13,2.0,-7441
20.789038055340992,5,1.0,0
20.78933958340809,13,1.0,-7285
20.791114932834994,5,11.0,0
20.791512965715153,4,3.0,8847
20.792438206599112,14,8.0,-7336
20.79263276503077,14,11.0,-7473
20.793909558872624,16,48.0,1899
20.79622914341151,17,1.0,-4387
20.796316383418606,15,7.0,-4883
20.796990375611248,11,29.0,8724
20.79813410284615,5,2.0,0
20.79827612096983,13,1.0,-6933
20.798658789356942,14,4.0,-6948
20.800172987149097,13,4.0,-7308
20.800847256547126,7,2.0,8754
20.801908809735608,13,6.0,-7167
20.802412510139078,16,2.0,1351
20.804617664778014,15,2.0,-4726
20.804881755126456,6,4.0,8819
20.80509229362933,17,3.0,-2250
20.806078886694852,13,2.0,-7102
20.809419683163007,17,1.0,-2858
20.809502208392903,13,1.0,-7451
20.81082202102652,7,2.0,8776
20.810909880320203,13,2.0,-7031
20.8130803157184,17,2.0,-2594
20.81315615006737,14,8.0,-7227
20.813367814213134,5,6.0,0
20.81352408976828,17,3.0,-3230
20.814517224495212,17,1.0,-1263
20.814685508021725,15,2.0,-5225
20.815418068243364,13,1.0,-7454
20.8160312479822,15,34.0,-5216
20.816188679900023,16,1.0,3182
20.816726288048862,17,1.0,-2964
20.81909067496298,5,9.0,0
20.821320263067598,17,14.0,-726
20.82161067515181,5,4.0,0
20.82185414945867,13,1.0,-6998
20.822374762253503,13,2.0,-7028
20.822673567156222,13,8.0,-7174
20.822673567156222,17,8.0,-7174
20.82321503430171,5,2.0,0
20.823588826443263,5,1.0,0
20.82366972640946,5,1.0,0
20.825925910625507,14,25.0,-7479
20.82623200408683,16,46.0,573
20.82637439838155,17,1.0,-3552
20.826502169168034,16,12.0,1119
20.826601409951373,14,10.0,-7324
20.827068378588866,13,8.0,-7071
20.827540324604577,5,3.0,0
20.82769543639085,17,1.0,-2071
20.828266975682194,13,3.0,-7471
20.828266975682194,17,3.0,-7471
20.82874853096969,13,2.0,-7029
20.82903217206614,14,2.0,-7074
20.829769578116778,5,1.0,0
20.829806358019006,17,3.0,-3174
20.83006616484019,17,1.0,-5864
20.830726836995026,17,1.0,-5818
20.83246256091992,16,5.0,2279
20.833747948215176,5,8.0,0
20.83408281018351,17,1.0,-2006
20.834237722910913,7,1.0,8742
20.83469643032988,13,6.0,-7184
20.83490427197023,17,3.0,-3323
20.83902749240939,5,2.0,0
20.840003839491025,14,3.0,-7302
20.840787883014773,14,26.0,-7305
20.841675481391185,9,5.0,8758
20.842039536329175,15,5.0,-5120
20.844016327132813,17,1.0,-768
20.84489747301326,5,4.0,0
20.845406338196064,5,2.0,0
20.84744479044003,5,1.0,0
20.848857952867096,5,4.0,0
20.85034305517424,17,8.0,-4012
20.851464000520537,13,1.0,-7333
20.851464000520537,17,1.0,-7333
20.85151873734401,5,3.0,0
20.851559927237236,5,1.0,0
20.853245463216602,13,8.0,-7153
20.853476972838592,13,1.0,-7149
20.853476972838592,17,1.0,-7149
20.854631190392332,13,1.0,-7199
20.85479142646814,14,3.0,-7258
20.85531927480149,13,3.0,-7254
20.85642600077592,7,3.0,8672
20.857279135999487,17,9.0,-4971
20.858347552006144,14,2.0,-6926
20.859187147378933,13,1.0,-7112
20.859187147378933,17,1.0,-7112
20.859189576629383,16,3.0,5941
20.860260939144574,5,12.0,0
20.86029926654011,17,1.0,-2566
20.86036867203246,13,1.0,-7377
20.86036867203246,17,1.0,-7377
20.860786341371437,5,1.0,0
20.861011827445616,17,5.0,-2197
20.861419652442862,14,6.0,-7413
20.861419652442862,17,6.0,-7413
20.862210237394024,14,2.0,-6972
20.862210237394024,17,2.0,-6972
20.862348475817647,7,2.0,8450
20.86392117834218,13,10.0,-7231
20.864229419885266,13,2.0,-7384
20.864457547809288,15,5.0,-4767
20.86488049026004,13,1.0,-7219
20.86488049026004,17,1.0,-7219
20.867489439388894,5,2.0,0
20.86940231679197,5,1.0,0
20.86953259701466,13,3.0,-7100
20.87105191153971,7,4.0,8739
20.87203490813657,5,2.0,0
20.872653727470787,13,1.0,-7508
20.872653727470787,17,1.0,-7508
20.87355436893419,5,1.0,0
20.8736783513343,14,3.0,-7178
20.8736783513343,17,3.0,-7178
20.874958331588218,5,6.0,0
20.875593182353175,7,1.0,8748
20.87743627423517,14,1.0,-7161
20.877725770857595,17,2.0,-2251
20.878077814900653,15,1.0,-4956
20.879637067491924,14,1.0,-7165
20.880399069055095,17,3.0,-6704
20.880437562942358,17,3.0,-1949
20.880659366474312,17,1.0,-421
20.880845068024474,13,8.0,-7156
20.881087356610678,13,3.0,-7193
20.881207022977534,17,4.0,-2366
20.8813712453914,17,2.0,-5043
20.88263806621731,17,6.0,-892
20.8826665500519,15,3.0,-4893
20.882698954973524,5,1.0,0
20.883455567610657,13,16.0,-7235
20.883811836668237,16,24.0,581
20.883968794843973,17,1.0,-356
20.884432738571245,13,3.0,-7025
20.884432738571245,17,3.0,-7025
20.885657614441623,5,2.0,0
20.886505366532692,1,57.0,8848
20.886885605136325,15,2.0,-4916
20.888838113319338,13,1.0,-7504
20.88895396132816,5,1.0,0
20.889718004084564,5,5.0,0
20.890039090136497,17,1.0,-4339
20.890135268975122,5,3.0,0
20.89026932774768,17,1.0,-5098
20.892731983724182,13,3.0,-6932
20.893156240021025,1,2.0,8849
20.89357188872927,15,1.0,-4965
20.893660687656016,5,2.0,0
20.893729154596247,5,1.0,0
20.89508020930429,13,1.0,-7257
20.89885294710893,13,2.0,-7314
20.90103516917249,16,12.0,5227
20.902252551669555,13,1.0,-6958
20.90230477553341,113,60.0,-7021
20.90392823884934,13,1.0,-6939
20.90414168714042,13,3.0,-7179
20.90487703507285,5,2.0,0
20.907504851647207,17,1.0,-1974
20.909141936116626,5,1.0,0
20.909179217443853,14,8.0,-7465
20.909803040453838,13,1.0,-6937
20.910766116068608,14,1.0,-7032
20.910766116068608,17,1.0,-7032
20.910820608677092,17,4.0,-821
20.91126811056437,5,2.0,0
20.911373495033946,13,2.0,-6980
20.911532635461267,5,4.0,0
20.91190211381735,17,2.0,-4098
20.91274737673533,13,1.0,-7229
20.91274737673533,17,1.0,-7229
20.91310739769824,13,5.0,-7182
20.91491537532661,13,1.0,-7180
20.914994973941372,7,9.0,8757
20.915156450378134,14,1.0,-7468
20.91524364859395,17,2.0,-3164
20.915258525622903,8,2.0,8781
20.915724003278882,6,2.0,8836
20.916365095735923,17,3.0,-5183
20.916612137563472,13,1.0,-7463
20.91664893025188,5,50.0,0
20.91763733987373,17,5.0,-3362
20.918022208026844,13,10.0,-7484
20.91857483071694,17,4.0,-2255
20.918738179594968,13,8.0,-7148
20.919000519234185,13,1.0,-7053
20.919000519234185,17,1.0,-7053
20.92002757721659,14,6.0,-7297
20.920185276536902,14,1.0,-7440
20.920185276536902,17,1.0,-7440
20.921562291058898,5,8.0,0
20.92219767833643,6,5.0,8842
20.922207355257957,13,1.0,-7467
20.923316319108444,13,2.0,-7396
20.924139374205463,5,2.0,0
20.925327890555565,13,2.0,-7147
20.925327890555565,17,2.0,-7147
20.925716498833594,7,2.0,8761
20.926153236464724,13,2.0,-6984
20.926679878966663,13,1.0,-7370
20.926679878966663,17,1.0,-7370
20.92693198212186,14,1.0,-7330
20.92758587168094,13,12.0,-7166
20.92758587168094,17,12.0,-7166
20.929537878057687,13,1.0,-6968
20.930773404055387,13,2.0,-7489
20.930873443929723,5,5.0,0
20.931178216153906,13,5.0,-7001
20.931561324102752,17,1.0,-3235
20.93195417703552,17,12.0,-4225
20.932295546691112,13,1.0,-7398
20.933328820750596,14,2.0,-7408
20.933659089167477,5,7.0,0
20.93394208510539,5,1.0,0
20.934065534258295,13,3.0,-7139
20.934065534258295,17,3.0,-7139
20.93407899256753,5,2.0,0
20.934120811819778,5,3.0,0
20.934180805743345,13,1.0,-7058
20.934370848120118,13,2.0,-7027
20.934863056873926,5,3.0,0
20.935604486065706,16,1.0,2499
20.93644239306373,9,7.0,8762
20.93716529826639,5,4.0,0
20.94031449391491,5,1.0,0
20.941556345832364,13,7.0,-7203
20.941971970847554,14,5.0,-7344
20.941971970847554,17,5.0,-7344
20.94211689762971,16,1.0,6921
20.943219019291995,16,4.0,1187
20.94374662901159,13,4.0,-7338
20.944300915423447,17,3.0,-1633
20.946719563011104,113,58.0,-7265
20.94744667084296,13,1.0,-6965
20.947688502646947,12,8.0,8639
20.947826619298656,13,10.0,-7064
20.948226852663524,17,6.0,-5276
20.94934421207633,14,6.0,-7143
20.950210657725254,13,1.0,-7263
20.950210657725254,17,1.0,-7263
20.95076654439804,13,6.0,-7327
20.951794545879906,5,7.0,0
20.95186703074871,113,27.0,-7461
20.95266980204392,13,1.0,-7087
20.9534252275198,5,1.0,0
20.95394903674398,17,1.0,-1060
20.956849915351754,5,2.0,0
20.95710199374082,6,1.0,8837
20.959181621696285,14,22.0,-7284
20.959191056746818,15,1.0,-5163
20.959327711216854,13,3.0,-7351
20.959327711216854,17,3.0,-7351
20.959425354604726,14,1.0,-7458
20.959535754951716,113,45.0,-7296
20.95980963703346,17,1.0,-239
20.961084820975877,13,2.0,-7485
20.96402835489321,17,1.0,-5429
20.964712914572214,17,4.0,-4221
20.966115895213715,17,2.0,-2237
20.96681025159072,17,1.0,-5424
20.967102527268914,14,2.0,-6971
20.96796708081868,14,8.0,-7138
20.96811414949019,13,8.0,-7470
20.96887379925509,10,53.0,8814
20.968949408679556,5,1.0,0
20.969207533917142,16,5.0,7307
20.96954749806144,15,3.0,-4907
20.9696729495009,13,4.0,-7346
20.97024039511692,1,8.0,8850
20.97309622872409,17,3.0,-3489
20.973273410181733,14,2.0,-7234
20.97468113631887,17,4.0,-5708
20.97684177482425,5,4.0,0
20.97853183872401,14,2.0,-7003
20.97853183872401,17,2.0,-7003
20.979312439682246,5,12.0,0
20.98004806505271,14,2.0,-7438
20.98004806505271,17,2.0,-7438
20.981998721636234,16,18.0,658
20.98279379356453,15,8.0,-4718
20.98344674901259,13,1.0,-7291
20.9843702716695,14,2.0,-7343
20.98532716360875,5,2.0,0
20.985682249784823,13,2.0,-7502
20.98602274577347,4,5.0,8851
20.9870045063868,14,3.0,-7282
20.98975564348018,17,2.0,-4011
20.992169353683774,17,1.0,-2833
20.992387958980462,17,1.0,-5543
20.99304407889343,13,5.0,-7342
20.993137342547165,16,2.0,1404
20.99411388625378,17,11.0,-4832
20.994703871092547,17,1.0,-3680
20.994932584582493,14,4.0,-7168
20.995842939001303,13,1.0,-6975
20.995883217989267,17,1.0,-3233
20.995974314958833,13,2.0,-7136
20.995974314958833,17,2.0,-7136
20.99772692859231,13,4.0,-7281
20.997995835608048,15,3.0,-4954
20.99874475334429,17,1.0,-1885
21.000474672261483,15,2.0,-5244
21.000474672261483,17,2.0,-5244
21.000766155858354,15,1.0,-5741
21.001241486268377,14,13.0,-7909
21.001844903262082,13,1.0,-7982
21.0022590815246,15,2.0,-5679
21.00228977925571,10,15.0,8774
21.00512273066112,16,5.0,2375
21.00636685316555,16,5.0,3011
21.00839277765564,14,4.0,-7814
21.00918834776848,13,4.0,-7745
21.00946564337014,113,33.0,-7993
21.009563772365404,14,3.0,-7588
21.012235365777695,5,3.0,0
21.01284504649014,15,2.0,-5436
21.01311125859036,13,1.0,-8034
21.014544283584932,13,2.0,-8040
21.01511287501712,6,4.0,8721
21.015244698258357,16,52.0,320
21.016262352338135,6,2.0,8841
21.017634855186152,13,1.0,-7540
21.017715239187776,13,1.0,-8018
21.0182661482987,15,13.0,-5726
21.020055025525167,14,3.0,-7649
21.020356173032965,14,1.0,-7765
21.022146482128576,13,1.0,-7576
21.023046294753144,16,4.0,5095
21.024419009872222,13,4.0,-7883
21.02452642449215,5,4.0,0
21.025082961218597,14,1.0,-7634
21.02543200973096,14,3.0,-7608
21.02584088332045,5,3.0,0
21.02824266249242,15,2.0,-5264
21.028342776306015,13,1.0,-7544
21.02835648520641,13,1.0,-7641
21.029028679717893,6,3.0,8771
21.030289366166254,5,1.0,0
21.0306899164883,14,1.0,-7734
21.03122983521235,14,1.0,-7522
21.031848792024473,5,2.0,0
21.032879762817966,13,1.0,-7678
21.033855445894975,13,2.0,-8065
21.03593892552544,10,39.0,8839
21.03639917525564,13,1.0,-8006
21.03665783789513,13,2.0,-7748
21.037389646344426,14,2.0,-7811
21.039886318733338,16,5.0,2098
21.040532945868684,9,8.0,8639
21.0406682094792,14,5.0,-7587
21.041309004571147,13,5.0,-7995
21.04359117714401,14,33.0,-7589
21.04471380864556,15,2.0,-5440
21.04471380864556,17,2.0,-5440
21.044775264105645,13,3.0,-7671
21.045181546420032,9,3.0,8462
21.04566282294396,13,5.0,-7970
21.045753168558335,14,1.0,-7984
21.046472196475275,13,15.0,-7951
21.0487192237375,5,4.0,0
21.050295203015455,7,2.0,8698
21.053988507940097,13,1.0,-8082
21.054186969202174,14,4.0,-7611
21.055109621284718,13,3.0,-7606
21.055205766730296,13,6.0,-7842
21.055350475040807,5,3.0,0
21.056605978244857,15,1.0,-5626
21.057268937191665,10,3.0,8847
21.057614262834008,5,1.0,0
21.06021397021029,13,1.0,-7867
21.06104063864947,14,2.0,-7780
21.061711927066444,16,5.0,6699
21.06249680381398,5,1.0,0
21.062506400500286,5,6.0,0
21.063233344628994,5,2.0,0
21.063321681387908,16,50.0,3757
21.063943863377954,7,7.0,8751
21.06428772458689,16,3.0,1734
21.064295551288392,13,1.0,-7672
21.064651241606015,17,2.0,-2226
21.065602013342804,17,2.0,-1744
21.065915250474603,16,5.0,5511
21.068507597090836,17,2.0,-2986
21.06874327068965,13,2.0,-7882
21.06881816793357,5,1.0,0
21.06992391051094,13,1.0,-7605
21.071768182148816,15,1.0,-5610
21.072284805802457,15,2.0,-5487
21.072342889973886,10,13.0,8801
21.073207488417854,13,8.0,-7713
21.07362735459419,13,1.0,-7738
21.075448412240572,13,1.0,-7683
21.076276924768337,5,5.0,0
21.076725643800756,14,3.0,-7523
21.07742170864346,13,2.0,-7926
21.077458555786084,13,2.0,-7888
21.079831998346727,5,4.0,0
21.08186558592677,7,7.0,8611
21.081869894436743,16,11.0,1824
21.082064214392634,15,9.0,-5586
21.08316414097719,13,3.0,-7622
21.084112659052302,6,2.0,8783
21.084679276836074,14,3.0,-7785
21.086852071068346,5,3.0,0
21.087196392573887,15,16.0,-5493
21.088494666158898,5,1.0,0
21.088978098046223,15,3.0,-5673
21.09302207922255,5,5.0,0
21.09321358100409,5,2.0,0
21.093373824650985,17,10.0,-2407
21.093724345639316,15,2.0,-5480
21.093750414820093,13,2.0,-7830
21.094569589704296,15,2.0,-5315
21.094633756160302,17,1.0,-1335
21.095025750223186,5,5.0,0
21.095511314398163,14,3.0,-8023
21.096040557925956,13,1.0,-8071
21.096076633992396,14,3.0,-7631
21.097212339202677,15,1.0,-5568
21.097839401825116,13,1.0,-7948
21.098003189297827,7,5.0,8725
21.098478447066505,15,3.0,-5282
21.099908794482804,16,3.0,2974
21.100160223128725,15,2.0,-5324
21.100814053127376,14,3.0,-7600
21.102162274952775,16,2.0,5458
21.108218212706426,5,7.0,0
21.108742985316344,13,1.0,-7847
21.108752779857618,14,2.0,-7646
21.109034050632523,13,5.0,-8024
21.109158856061722,5,2.0,0
21.109481588080413,17,2.0,-3436
21.10954395521011,17,3.0,-1654
21.110082718822103,13,2.0,-7637
21.11076863097279,5,3.0,0
21.110858928355984,13,2.0,-7813
21.11201085335977,8,8.0,8795
21.112784771954743,13,7.0,-7863
21.1128544843882,16,7.0,2232
21.11294404284031,16,6.0,4372
21.1132247751415,17,1.0,-2137
21.113405873732454,13,12.0,-7691
21.11539952686147,15,1.0,-5387
21.115590217195578,13,1.0,-7758
21.115760690925384,17,4.0,-3498
21.116747668911298,13,1.0,-7834
21.117609485430073,13,2.0,-7903
21.117670261210925,16,40.0,3183
21.11788667011888,13,1.0,-7885
21.11811466864893,5,8.0,0
21.119060659341013,13,7.0,-8025
21.11927367227753,17,2.0,-3461
21.11973102480553,13,1.0,-7979
21.119890525354986,14,9.0,-7975
21.120210009670195,5,1.0,0
21.120552559153325,14,11.0,-8021
21.12146823220953,5,3.0,0
21.12182088906341,13,7.0,-7791
21.123624757308413,14,7.0,-8081
21.125460833658586,14,1.0,-7875
21.126950269643938,5,3.0,0
21.128216419906465,5,2.0,0
21.128247055947014,13,46.0,-7823
21.12905382895265,5,2.0,0
21.129534883139183,5,9.0,0
21.130022984735763,5,3.0,0
21.130320876394958,12,4.0,8736
21.130398649452147,7,2.0,8809
21.13183426089958,13,1.0,-7720
21.132119924366894,15,1.0,-5527
21.133441322311523,5,15.0,0
21.13426208543207,13,4.0,-7575
21.13553684047471,5,3.0,0
21.135828117374587,13,2.0,-8028
21.136195460192738,15,3.0,-5551
21.136195460192738,17,3.0,-5551
21.136420076945292,13,2.0,-7757
21.136672235485218,9,2.0,8772
21.137396471638958,7,3.0,8350
21.13853318127654,5,1.0,0
21.139260759745696,13,1.0,-7531
21.140510884575864,5,2.0,0
21.140722008000925,7,3.0,7557
21.141433576123138,15,1.0,-5517
21.142606965450064,5,1.0,0
21.1439176566434,16,45.0,2052
21.143942150852112,13,3.0,-7783
21.144569272873902,14,1.0,-7627
21.145138417217765,17,2.0,-3453
21.145472488598703,13,3.0,-7807
21.146420228924384,14,1.0,-8004
21.1465824124176,13,2.0,-7701
21.14786742122764,13,6.0,-7702
21.148430372113726,14,3.0,-7559
21.148672095135403,14,4.0,-7772
21.149946368843526,15,5.0,-5257
21.150713297960152,13,1.0,-7727
21.15085991992837,17,1.0,-1119
21.150878517304662,14,3.0,-7696
21.151750966896994,14,4.0,-7695
21.152066278513374,13,2.0,-7535
21.15252507625471,14,2.0,-7728
21.154025681279272,5,1.0,0
21.154364740698945,14,2.0,-7896
21.154414324779136,14,1.0,-7866
21.154478909170603,13,3.0,-7861
21.155732283752567,3,59.0,8852
21.157441859939777,17,7.0,-2877
21.1576604586039,13,6.0,-7767
21.158515461053994,5,5.0,0
21.15852131214145,13,1.0,-7623
21.159726096877712,14,3.0,-7820
21.162147401031728,16,6.0,4016
21.162622738273406,17,1.0,-2968
21.16397808663653,7,4.0,8784
21.164946139085288,113,34.0,-7761
21.16564458271758,13,2.0,-7618
21.166327976628125,113,31.0,-7681
21.166372562408867,13,1.0,-7980
21.1670396427429,5,4.0,0
21.16791515391866,14,4.0,-7564
21.16855241596269,14,4.0,-7595
21.16952188563989,13,1.0,-7843
21.17015529126609,13,2.0,-7902
21.170984068758205,13,8.0,-7530
21.171542337949482,13,1.0,-7966
21.171930060815555,13,1.0,-7858
21.17241493761497,13,2.0,-7621
21.17282883897696,13,2.0,-7775
21.173136295435363,17,9.0,-3205
21.173705806719923,17,2.0,-4547
21.17448257683558,17,1.0,-1129
21.17612442912296,9,2.0,8781
21.176412795577885,5,6.0,0
21.176721921259684,15,1.0,-5612
21.176721921259684,17,1.0,-5612
21.177112694444578,6,3.0,8844
21.17792756959011,13,1.0,-7848
21.180184653151326,15,8.0,-5489
21.181983200244673,15,6.0,-5599
21.182063017472952,5,3.0,0
21.182205642781078,13,2.0,-7732
21.182856687474796,13,1.0,-7953
21.183013972587673,1,8.0,8853
21.18329339982662,13,5.0,-7803
21.184095062256894,15,39.0,-5557
21.18492474882532,13,2.0,-7964
21.185054636154028,13,1.0,-7851
21.185264163174953,14,2.0,-7836
21.186393157465265,13,2.0,-7735
21.187202005973433,5,6.0,0
21.18795346109605,17,7.0,-1635
21.18907895356685,14,3.0,-8058
21.191410162520256,13,3.0,-7999
21.19206547962709,13,1.0,-7661
21.192768449673228,10,1.0,8830
21.192869081848617,16,5.0,7506
21.193023920146405,13,1.0,-7590
21.193085232340252,14,2.0,-7632
21.193252045556214,16,40.0,6551
21.193265430319656,3,47.0,8854
21.193290941376937,5,2.0,0
21.193550434136434,16,1.0,5634
21.194944333586985,13,6.0,-7723
21.195250992560517,5,19.0,0
21.19586469460173,5,2.0,0
21.196976495256287,17,1.0,-852
21.19728796608466,14,7.0,-7913
21.19873895170104,14,5.0,-7736
21.20091098778563,17,4.0,-1795
21.201550244721464,13,1.0,-8017
21.201574363064715,13,2.0,-7924
21.202506260066823,13,2.0,-7759
21.2048431138467,17,1.0,-4369
21.205062347314,13,6.0,-8073
21.205380525165406,10,47.0,8854
21.207057168629557,15,2.0,-5432
21.207203165301664,5,2.0,0
21.207515079142873,13,12.0,-7568
21.20870702985536,17,7.0,-4463
21.20961539788434,5,6.0,0
21.21007851682912,15,2.0,-5498
21.211845796025656,13,6.0,-8068
21.21188686534895,14,4.0,-7857
21.212234279893973,17,6.0,-722
21.21267113858241,14,4.0,-7583
21.213124265719433,13,4.0,-8042
21.213476931682727,14,2.0,-7593
21.214971907923918,17,1.0,-4013
21.216570224357937,14,1.0,-7725
21.21807461165362,9,35.0,8743
21.218462958242885,15,8.0,-5669
21.219051312347755,13,44.0,-7711
21.2193346042899,5,2.0,0
21.21953541002491,13,3.0,-7546
21.219903480902047,16,9.0,3060
21.22013221725022,13,3.0,-8059
21.2208530492804,13,1.0,-7598
21.221451565391373,13,1.0,-7709
21.2215766046565,5,2.0,0
21.223062312201662,5,7.0,0
21.223630830984487,13,4.0,-7802
21.224120885857094,5,1.0,0
21.224667966351944,17,1.0,-603
21.22493821858196,13,1.0,-7525
21.225132716209572,17,7.0,-1907
21.225472538833873,14,20.0,-7892
21.227428555371144,13,4.0,-7915
21.22882592615195,13,3.0,-8030
21.23016674298313,16,49.0,1473
21.231337302872493,6,57.0,8848
21.233019142298946,15,1.0,-5640
21.23396728028688,14,2.0,-7804
21.23478874821409,17,1.0,-3710
21.23479380775158,13,1.0,-7880
21.236754951704594,5,8.0,0
21.236860905336396,14,2.0,-7658
21.237866374371038,16,1.0,6037
21.2401231244703,13,1.0,-8016
21.241837800044078,5,3.0,0
21.242515690441504,14,1.0,-8000
21.24495623499546,13,2.0,-8062
21.245601325779255,14,4.0,-7550
21.24784346295173,5,5.0,0
21.24831049071512,5,1.0,0
21.248836736347894,13,2.0,-8064
21.248856740842356,5,14.0,0
21.250999686862674,13,1.0,-7850
21.251120630668296,5,6.0,0
21.251525638587907,13,3.0,-7511
21.253273902902503,14,2.0,-7819
21.2535921980372,13,1.0,-8029
21.25409081735752,5,11.0,0
21.254178616496,14,1.0,-7771
21.25535548173164,14,6.0,-7529
21.255530888443264,13,1.0,-7790
21.255727018003114,17,5.0,-2045
21.256494918056784,13,3.0,-7917
21.25701120345933,14,5.0,-7957
21.25784664198242,1,3.0,8855
21.258119311859488,14,10.0,-7703
21.258734339407543,5,6.0,0
21.25888749252599,14,6.0,-7942
21.260044596583548,16,1.0,4975
21.260454983840138,5,2.0,0
21.261137959296786,14,4.0,-7784
21.261719751544582,13,3.0,-7974
21.263158658278705,13,5.0,-8088
21.267899715548076,7,8.0,8052
21.268104931331713,16,2.0,2213
21.268132307360702,5,5.0,0
21.268642150032044,17,4.0,-3166
21.269197168747592,14,1.0,-7542
21.27026665511917,14,3.0,-7647
21.2706275095148,13,1.0,-7955
21.270930398214336,13,2.0,-7604
21.27193659830361,14,1.0,-7677
21.272213262044566,14,54.0,-7706
21.27229113295272,15,5.0,-5313
21.27277460268681,5,5.0,0
21.273030827201826,14,5.0,-7558
21.2744347419033,17,6.0,-4515
21.27510537880968,13,2.0,-7650
21.275312863277613,17,4.0,-5524
21.27563318595205,5,1.0,0
21.275764720010635,13,2.0,-7779
21.27614895852745,13,1.0,-7925
21.276477858638867,5,4.0,0
21.27657700431043,5,3.0,0
21.277345672273142,6,4.0,8800
21.27777621122159,13,2.0,-7809
21.27859768923038,16,1.0,1432
21.279766213115497,17,6.0,-4207
21.28147604149913,15,1.0,-5625
21.281973989867158,15,2.0,-5744
21.282072689518568,17,1.0,-4376
21.284417806900514,16,7.0,1114
21.28503879225598,13,1.0,-7981
21.285053142976757,13,2.0,-7721
21.285363297847532,14,4.0,-7845
21.285945492421412,13,9.0,-7643
21.286516373575477,14,5.0,-7597
21.286646514213757,13,1.0,-7566
21.287941359273617,17,29.0,-130
21.28829477077075,14,22.0,-7675
21.28907666220253,13,1.0,-7846
21.289366459050196,17,7.0,-4723
21.29012047312049,5,1.0,0
21.290508340950396,14,9.0,-7543
21.291126350896242,5,8.0,0
21.291487496412167,14,1.0,-7639
21.291980578533863,17,2.0,-4500
21.293671680503856,17,18.0,-5748
21.294791899967034,15,14.0,-5470
21.29544826649167,13,1.0,-7594
21.295667713580205,7,7.0,8679
21.296012679168467,113,52.0,-7686
21.296787424984814,17,3.0,-1951
21.297376211150205,15,3.0,-5723
21.297993221561,13,1.0,-8014
21.299495628202045,16,4.0,5590
21.301539400003353,13,4.0,-7886
21.303153837440234,11,1.0,8768
21.30390151233221,113,60.0,-7635
21.30419277461817,5,3.0,0
21.304283751509466,17,1.0,-2044
21.304826685590825,13,3.0,-7824
21.305879863601632,13,1.0,-7972
21.30753609667477,13,1.0,-7689
21.308111924953124,16,5.0,5059
21.308655744428258,17,1.0,-3162
21.308748476149283,13,3.0,-7965
21.308896406270936,5,1.0,0
21.309521431639112,13,1.0,-7786
21.309902623789387,17,8.0,-3140
21.311111082656886,14,4.0,-8052
21.311917472440857,13,2.0,-7751
21.314126032373164,17,2.0,-4549
21.314826615541023,17,1.0,-5072
21.316789182977825,5,3.0,0
21.316797986827545,13,2.0,-7800
21.31733734776956,17,4.0,-4744
21.32274680442545,5,3.0,0
21.322896651137977,5,4.0,0
21.323469644648895,13,3.0,-7815
21.32441576792408,13,12.0,-7887
21.32483456078908,5,3.0,0
21.325902285922997,13,1.0,-7742
21.326004293413234,13,2.0,-7774
21.326112205813843,5,3.0,0
21.32632561030986,17,1.0,-5395
21.326729795466306,1,6.0,8856
21.327778041544487,16,3.0,7729
21.328050027723172,15,3.0,-5376
21.328080603796572,5,4.0,0
21.328276881890005,16,3.0,2949
21.329026164193447,15,1.0,-5450
21.329653633660016,16,1.0,5035
21.330150123039257,15,1.0,-5664
21.33070839381223,17,3.0,-3052
21.331109220613534,13,4.0,-8003
21.33205426211552,17,2.0,-1821
21.332381928836195,13,10.0,-7801
21.332771040116132,5,2.0,0
21.333465959487526,16,2.0,4929
21.334354374677435,13,1.0,-7821
21.33448664291525,14,2.0,-7719
21.335476860514966,5,4.0,0
21.33601408573898,5,3.0,0
21.33937717509358,10,53.0,8608
21.33957524042071,13,2.0,-7629
21.340017314600956,14,1.0,-8038
21.340157112036437,15,2.0,-5305
21.34030550779972,5,1.0,0
21.342707178375658,5,2.0,0
21.34352130187298,13,2.0,-8047
21.343557079730157,6,2.0,8821
21.344328564252372,13,2.0,-8055
21.344496882530247,5,2.0,0
21.345004983216704,17,1.0,-2890
21.345585727089503,15,1.0,-5609
21.346068824734576,14,2.0,-7518
21.346703550434853,5,4.0,0
21.34704425205029,13,12.0,-7730
21.347240305046125,13,3.0,-7990
21.349547923711427,14,3.0,-7708
21.35062825747926,13,1.0,-8013
21.350986072961053,17,4.0,-1578
21.35158135065803,17,1.0,-1221
21.35224133400582,14,4.0,-7752
21.354585877633102,13,4.0,-7891
21.355627982306604,13,1.0,-8012
21.356486933314635,13,1.0,-7959
21.356876107865908,13,2.0,-7968
21.358199651315875,17,2.0,-1854
21.3594220922748,5,4.0,0
21.361832219016403,3,51.0,8857
21.36490721799276,14,1.0,-7862
21.365427598725528,5,6.0,0
21.36573601874493,13,1.0,-7770
21.366225787065517,13,4.0,-8093
21.366456957961905,16,1.0,4307
21.367740589952334,17,3.0,-2145
21.368669693869663,13,9.0,-7960
21.368690067710652,13,1.0,-7905
21.369490794572776,16,13.0,4477
21.369760229970616,113,49.0,-7930
21.370727084773947,5,15.0,0
21.37276333938543,16,1.0,1136
21.373133488905907,15,1.0,-5592
21.373712289442665,16,2.0,5069
21.373804055392046,14,2.0,-7655
21.374504424195273,13,1.0,-7825
21.374602465295524,16,3.0,3285
21.374963344366574,14,5.0,-8033
21.376438983687667,13,1.0,-7684
21.3771952581888,13,14.0,-7865
21.37910293091297,5,1.0,0
21.379746098784356,5,7.0,0
21.380371794083867,14,4.0,-7693
21.381719940658094,5,2.0,0
21.38244172173587,16,10.0,348
21.382994671282034,17,1.0,-5465
21.38335354122221,13,3.0,-7904
21.3835908458205,13,4.0,-7755
21.384900059484888,13,1.0,-7609
21.387008083808013,13,1.0,-7899
21.387605033149544,13,1.0,-7670
21.387838800287273,13,3.0,-7947
21.389189666180762,16,7.0,2223
21.38955104035895,5,2.0,0
21.39101629064253,17,3.0,-5522
21.392886765994483,16,59.0,680
21.392946343728138,113,48.0,-7962
21.393996532544065,13,1.0,-7724
21.394824289025745,1,20.0,8858
21.396950345453277,6,8.0,8850
21.397121870530977,16,2.0,489
21.39765114926966,13,3.0,-8015
21.402454511291072,15,13.0,-5647
21.402960766002394,1,1.0,8859
21.403609888746566,5,8.0,0
21.40479184674804,17,1.0,-412
21.4049797382906,13,1.0,-7789
21.405052486410167,13,2.0,-8022
21.407706917009932,14,8.0,-7596
21.40847652206178,13,2.0,-7991
21.410010601563126,17,2.0,-1927
21.411150246293477,14,3.0,-7630
21.412078288957762,17,1.0,-2111
21.412131793892485,13,1.0,-7793
21.41238020823999,16,3.0,1174
21.41264449522801,5,1.0,0
21.412886943239343,13,13.0,-7533
21.413307002246324,13,1.0,-7514
21.414149749816605,13,4.0,-7697
21.414247335365893,12,53.0,8608
21.415226878221073,17,2.0,-4738
21.41555147975317,17,1.0,-2789
21.41611287124213,14,3.0,-7958
21.416115559645114,17,4.0,-4741
21.417835242901585,13,2.0,-7949
21.41825291442795,15,1.0,-5550
21.421666886484292,13,3.0,-7717
21.42196591620741,13,2.0,-7674
21.422659675787582,13,1.0,-7869
21.423074091947605,13,3.0,-7569
21.4230776368726,15,2.0,-5476
21.424743686320777,17,2.0,-3623
21.425527856392684,13,4.0,-7837
21.426480077250684,17,2.0,-5171
21.428113482120462,15,6.0,-5573
21.42855623394926,16,2.0,2152
21.428648513672425,5,1.0,0
21.429033410858608,13,2.0,-7625
21.42917876515006,5,1.0,0
21.429857260675703,16,8.0,8396
21.430092659205435,14,4.0,-7714
21.43103280172581,15,1.0,-5475
21.431196936785376,16,1.0,4788
21.43162249457407,13,1.0,-7615
21.43391132427899,13,1.0,-8092
21.43445238924853,13,2.0,-7545
21.43488016507412,13,1.0,-7524
21.435450069726826,15,7.0,-5740
21.435525857250514,13,5.0,-7648
21.437921040268773,14,4.0,-7920
21.438210470970716,17,4.0,-2438
21.439133495615096,15,1.0,-5373
21.43930816861449,5,2.0,0
21.439316157419796,17,3.0,-4881
21.442220479159595,15,1.0,-5638
21.442851561293075,17,1.0,-1187
21.442980255354016,17,2.0,-960
21.444853389549,17,1.0,-2707
21.445649130947015,13,2.0,-7573
21.445751560882265,6,6.0,8832
21.446339824800305,14,4.0,-8066
21.447731325660193,16,10.0,7472
21.448025323428364,13,2.0,-7943
21.44834480381456,14,3.0,-7939
21.44942600976053,17,2.0,-1214
21.452183957937407,5,1.0,0
21.452678187517918,15,1.0,-5670
21.453979278149156,17,4.0,-1182
21.454507446414873,1,2.0,8860
21.45572774486942,14,4.0,-7667
21.456043835034258,17,3.0,-233
21.456120481947966,17,9.0,-4413
21.458680111724004,7,3.0,8835
21.45869211061361,13,2.0,-7526
21.460199180328644,17,3.0,-350
21.46099975124026,16,1.0,948
21.461152632260617,13,1.0,-7853
21.46175660699693,5,3.0,0
21.461871668757443,17,2.0,-2705
21.463034895943537,5,2.0,0
21.463482291521245,13,2.0,-7749
21.463815759159083,16,4.0,4612
21.465757087389523,13,1.0,-7778
21.46595021109409,5,3.0,0
21.466364761162446,16,18.0,150
21.466509518308467,14,1.0,-7871
21.467801051745877,5,6.0,0
21.467883202634518,16,1.0,1978
21.47125523883647,13,6.0,-8089
21.471744178416788,13,1.0,-7934
21.471871180584127,16,52.0,8241
21.472321368885325,14,4.0,-7923
21.472389591722916,14,2.0,-7996
21.473062613745288,13,2.0,-7694
21.473062613745288,17,2.0,-7694
21.475898024528373,13,1.0,-8007
21.475898024528373,17,1.0,-8007
21.475940926858364,17,13.0,-5603
21.476682746565764,14,1.0,-7687
21.476682746565764,17,1.0,-7687
21.477053874164046,13,2.0,-7722
21.477461136724244,13,2.0,-8045
21.477461136724244,17,2.0,-8045
21.477486025800218,5,1.0,0
21.47802477932153,13,7.0,-7652
21.478395952178644,14,7.0,-8037
21.478395952178644,17,7.0,-8037
21.47857201657157,16,57.0,4438
21.48143350255826,13,2.0,-7571
21.481571130001036,17,1.0,-4106
21.482447339967855,14,7.0,-7792
21.482954214004803,13,1.0,-7986
21.483235289626645,14,1.0,-8048
21.485447349302444,14,2.0,-7889
21.486534829018602,17,1.0,-4277
21.48655943837432,17,5.0,-3197
21.486831660315787,7,1.0,8702
21.48964792893834,13,2.0,-7626
21.48964792893834,17,2.0,-7626
21.49136051821115,13,2.0,-7726
21.49136051821115,17,2.0,-7726
21.491975299430557,13,1.0,-8072
21.492897445563855,5,1.0,0
21.492902728064895,5,2.0,0
21.493431816127334,13,6.0,-7584
21.496057320330536,13,1.0,-7912
21.496258403036343,13,2.0,-8053
21.497220429624935,5,4.0,0
21.497483602202788,15,3.0,-5306
21.499588272849472,5,6.0,0
21.49997100918347,16,6.0,7457
21.500811382391824,5,1.0,0
21.501025388040894,5,3.0,0
21.501121649004237,14,8.0,-7563
21.502462989608354,17,1.0,-5437
21.503347412617703,13,1.0,-7756
21.50372293498237,13,15.0,-7651
21.506532031461703,17,1.0,-5458
21.507271967947265,5,3.0,0
21.50931389711953,7,4.0,8794
21.509428973443963,1,2.0,8861
21.510090335136628,14,1.0,-8076
21.510913976289476,14,2.0,-8044
21.511047349073795,13,1.0,-7977
21.511696561363312,13,7.0,-7872
21.511696561363312,17,7.0,-7872
21.512078597606155,17,1.0,-2743
21.51229514222503,14,1.0,-8074
21.51229514222503,17,1.0,-8074
21.51259357884527,14,1.0,-7894
21.512645015419743,17,1.0,-668
21.51443213171198,16,2.0,7206
21.514654254171457,13,1.0,-7519
21.514654254171457,17,1.0,-7519
21.515213901141745,13,1.0,-8011
21.51556339888725,17,6.0,-5401
21.517325461225834,5,2.0,0
21.517564113194986,9,12.0,8775
21.51759047467467,11,1.0,8788
21.517813867074253,15,6.0,-5674
21.518628063843273,13,1.0,-7567
21.518875104852015,5,1.0,0
21.520982272889253,13,2.0,-7956
21.522414949351848,16,4.0,4568
21.52608397641721,14,7.0,-7782
21.526338053546528,15,1.0,-5338
21.526923291914308,13,1.0,-7838
21.526923291914308,17,1.0,-7838
21.527219149949246,5,1.0,0
21.528059140949978,17,1.0,-4419
21.528589847240834,16,6.0,2784
21.528703734514497,16,26.0,2596
21.529910188509515,5,1.0,0
21.531180511892284,15,2.0,-5514
21.531697973767436,13,2.0,-7940
21.531697973767436,17,2.0,-7940
21.531942257603518,17,3.0,-4787
21.53272023234316,7,1.0,8619
21.533199674150115,17,1.0,-2302
21.533295040354602,15,1.0,-5678
21.53338938945449,17,1.0,-6787
21.533747953719363,17,3.0,-4719
21.534235478523094,14,3.0,-7754
21.534235478523094,17,3.0,-7754
21.536063856389855,13,2.0,-8001
21.536547495091646,15,3.0,-5618
21.538451909218242,14,1.0,-7922
21.538451909218242,17,1.0,-7922
21.53851499146909,5,3.0,0
21.539618415019884,13,6.0,-7585
21.539618415019884,17,6.0,-7585
21.539711689851547,15,29.0,-5510
21.53993360462846,5,5.0,0
21.539966604263878,17,1.0,-7057
21.54107602525742,13,11.0,-7520
21.54127351036496,17,1.0,-1384
21.541556103074853,5,1.0,0
21.541794339735684,13,2.0,-7619
21.542890750699975,11,6.0,8806
21.543006136473778,14,8.0,-7577
21.543006136473778,17,8.0,-7577
21.543630370158773,17,3.0,-1865
21.543951969613133,17,10.0,-6584
21.544041684196934,16,4.0,7542
21.545078415118233,13,3.0,-7653
21.545333602115605,13,5.0,-7932
21.5454921992529,17,10.0,-6033
21.547226710618645,5,4.0,0
21.547814426582114,13,4.0,-7963
21.548255723395886,14,3.0,-7935
21.548740974063627,6,20.0,8858
21.549209452244977,16,44.0,498
21.551200246859395,13,2.0,-7864
21.551526185782375,14,17.0,-7919
21.552125996517653,14,3.0,-8009
21.552905416949656,13,1.0,-7562
21.553042135739915,15,9.0,-5322
21.553801466598383,113,44.0,-8035
21.554266180886426,5,4.0,0
21.554713021155422,13,1.0,-7973
21.55562934253376,13,2.0,-8026
21.55562934253376,17,2.0,-8026
21.555685854772978,13,1.0,-7654
21.556262752734497,5,11.0,0
21.55651689701681,14,3.0,-7852
21.55654182031555,17,5.0,-5828
21.55697261588165,5,5.0,0
21.557038055656275,14,1.0,-7945
21.557324440585873,13,1.0,-7581
21.558224573787708,14,1.0,-7918
21.561865310608134,17,1.0,-1727
21.56279115887415,14,8.0,-7898
21.56279115887415,17,8.0,-7898
21.56336954344913,113,48.0,-8031
21.56475246032263,17,3.0,-1984
21.5655310941315,14,1.0,-7828
21.56572487890846,13,2.0,-7985
21.56572487890846,17,2.0,-7985
21.565728789649576,15,3.0,-5672
21.5657847969184,5,6.0,0
21.565851420999365,16,56.0,3635
21.56595172504632,16,3.0,7241
21.566285510631346,14,3.0,-7829
21.566539524471754,5,5.0,0
21.56671613931276,5,6.0,0
21.567224311187275,14,4.0,-7776
21.568601763640665,13,1.0,-8075
21.569103910567726,13,1.0,-7764
21.569103910567726,17,1.0,-7764
21.569283005192545,17,2.0,-864
21.570917723093373,13,3.0,-7744
21.572053452699425,15,9.0,-5242
21.572188781849185,16,7.0,4688
21.57247436614517,13,1.0,-7831
21.572708502991766,15,1.0,-5554
21.573118320289325,17,3.0,-7392
21.573161919468273,13,50.0,-7795
21.575182612411115,14,3.0,-7551
21.57677423854883,14,8.0,-7555
21.578039890054935,17,1.0,-7492
21.578059144449245,13,1.0,-7517
21.578920619574347,14,2.0,-7799
21.578920619574347,17,2.0,-7799
21.578971172620246,113,50.0,-8032
21.57915554814077,16,2.0,1377
21.580291951259515,5,3.0,0
21.582240458037923,15,9.0,-5684
21.58270634231732,5,4.0,0
21.583111332521902,14,5.0,-7797
21.583417732382497,15,5.0,-5457
21.583517073151967,13,3.0,-7931
21.58455686233095,5,4.0,0
21.58620073373512,113,17.0,-7967
21.58738537003838,5,2.0,0
21.587659950634155,15,1.0,-5735
21.587960791278917,5,1.0,0
21.588061404364403,16,10.0,300
21.588940768893423,17,3.0,-3693
21.589388852800766,6,6.0,8856
21.58947727164071,17,3.0,-469
21.591641855579073,5,3.0,0
21.591987317808357,17,1.0,-5481
21.59366516412872,13,1.0,-8069
21.594569336649194,13,4.0,-7715
21.59659172031062,13,1.0,-8061
21.59687564584066,17,5.0,-6852
21.597349071093646,13,1.0,-7794
21.59787009735307,14,1.0,-7633
21.59787009735307,17,1.0,-7633
21.598084320426548,17,3.0,-1837
21.59895726891973,5,6.0,0
21.599058334018082,16,1.0,8173
21.599178665605045,17,3.0,-3784
21.599260770706334,14,2.0,-7954
21.600104044049115,17,4.0,-3327
21.60038843885297,13,2.0,-7700
21.600407702744377,5,4.0,0
21.60049473172578,10,1.0,8799
21.602350188287172,14,1.0,-7916
21.602350188287172,17,1.0,-7916
21.60488729144638,5,3.0,0
21.605162722777653,16,4.0,487
21.605870179776982,14,4.0,-7978
21.605892891245766,13,2.0,-7841
21.60608719484945,17,1.0,-3960
21.606169199930683,7,2.0,8730
21.60625227285791,17,7.0,-3120
21.606281613280526,5,15.0,0
21.60648221021988,13,6.0,-8041
21.607500682738344,13,14.0,-7753
21.607659408512845,13,3.0,-7607
21.607826241397163,14,2.0,-7665
21.608391669751065,5,3.0,0
21.6083933936381,9,1.0,8763
21.60844755501992,13,1.0,-7997
21.609957841752806,15,16.0,-5619
21.610919000679687,13,1.0,-7660
21.610919000679687,17,1.0,-7660
21.61126721552905,5,1.0,0
21.611392352333265,10,59.0,8852
21.614146810264504,5,4.0,0
21.61497222614405,5,28.0,0
21.615102593175575,5,12.0,0
21.61545831289826,14,1.0,-7516
21.61564855673022,5,3.0,0
21.615802929131025,17,1.0,-1656
21.61658421937677,14,2.0,-7873
21.61676048300185,6,1.0,8845
21.61685932746333,14,1.0,-7610
21.617570485694593,113,37.0,-7969
21.61816226157988,17,1.0,-588
21.61848134052955,17,1.0,-5372
21.619126742874474,17,7.0,-620
21.620101019217433,17,1.0,-6080
21.620243493892193,13,2.0,-7763
21.620403026156026,13,1.0,-7662
21.622376415312885,5,2.0,0
21.622550748935552,14,14.0,-8084
21.624784669135536,13,1.0,-8051
21.624791994957803,6,4.0,8828
21.625147684075685,15,3.0,-5454
21.626356062844398,17,7.0,-5410
21.627231084333577,15,8.0,-5235
21.628286082101503,5,4.0,0
21.62829337942367,1,4.0,8862
21.628405566922382,13,1.0,-7537
21.63125100016864,14,1.0,-7617
21.633396750693947,113,17.0,-7541
21.634494605995986,5,1.0,0
21.635259318929513,13,3.0,-7994
21.636150509610957,13,3.0,-7739
21.63620763750464,14,14.0,-7911
21.63661874161045,5,1.0,0
21.636779262061403,13,2.0,-7592
21.638561528150642,13,1.0,-7860
21.638769223212954,13,12.0,-7827
21.638769223212954,17,12.0,-7827
21.638940067931053,13,1.0,-7900
21.639700180158105,14,1.0,-7812
21.640700858741333,13,1.0,-7740
21.643866899604006,13,1.0,-8080
21.643972388204986,14,2.0,-7868
21.643972388204986,17,2.0,-7868
21.644344017083704,13,2.0,-7718
21.6458189219722,5,1.0,0
21.645897248401077,13,3.0,-7937
21.646299819911302,13,7.0,-7908
21.646613967342894,15,1.0,-5530
21.64836328968717,14,1.0,-7741
21.649471512162933,11,4.0,8789
21.649937264971438,17,3.0,-5278
21.650084582187517,7,1.0,8683
21.650712650614047,16,1.0,1711
21.651880816083633,5,9.0,0
21.652432606923604,5,4.0,0
21.652518974810572,13,8.0,-7624
21.653636498255405,13,5.0,-7798
21.65412107215027,1,1.0,8863
21.654363370859034,16,2.0,6703
21.655075746508505,15,12.0,-5505
21.65509068796363,15,1.0,-5263
21.655647552727864,5,5.0,0
21.658948639067127,10,57.0,8812
21.659258494525876,13,5.0,-7743
21.660213514611655,17,1.0,-1370
21.661828699827666,13,1.0,-7859
21.661828699827666,17,1.0,-7859
21.663152508647226,14,3.0,-7998
21.66420408571129,5,3.0,0
21.66440128020706,17,2.0,-7200
21.664690349273087,14,9.0,-7854
21.666016292847385,13,6.0,-7987
21.66648280359278,3,43.0,8864
21.667580628407322,15,2.0,-5601
21.668130354179677,5,2.0,0
21.66823109418225,14,2.0,-7561
21.669007875891705,113,47.0,-7682
21.66918110468939,16,7.0,7062
21.669284727562317,17,1.0,-6115
21.669570773577618,17,1.0,-6238
21.669659197015477,13,1.0,-7849
21.670492725520443,15,1.0,-5422
21.67353462425505,14,6.0,-7856
21.673620050530662,14,2.0,-7666
21.6739828896878,17,4.0,-3128
21.674314145358046,5,1.0,0
21.67536149973917,13,3.0,-7712
21.67536149973917,17,3.0,-7712
21.676706053954657,15,1.0,-5593
21.67674580315419,17,3.0,-4816
21.677200742578087,5,2.0,0
21.678210953204026,113,46.0,-7729
21.678309193247735,15,2.0,-5696
21.67868317914953,13,1.0,-7557
21.67868317914953,17,1.0,-7557
21.67917661356484,15,4.0,-5724
21.680232025301613,17,2.0,-1986
21.68064015700693,3,23.0,8865
21.68076611756806,16,2.0,4510
21.68099433107911,13,6.0,-8078
21.68099433107911,17,6.0,-8078
21.681630062131852,5,4.0,0
21.681998639248064,17,7.0,-417
21.683338320226206,13,8.0,-7599
21.683506009585987,13,2.0,-7766
21.68395564781025,17,3.0,-2929
21.68398261846936,1,1.0,8866
21.68426133083886,14,1.0,-7536
21.68478715559622,13,3.0,-7927
21.68478715559622,17,3.0,-7927
21.684936343295625,5,1.0,0
21.686376836289835,15,2.0,-5375
21.68790849319533,14,4.0,-7532
21.688071702067695,14,1.0,-7976
21.6894817388982,14,2.0,-7690
21.689991916489095,15,3.0,-5301
21.690858370905637,15,2.0,-5576
21.69117819402099,17,1.0,-1148
21.69362318607768,17,2.0,-4797
21.69455208450854,15,2.0,-5737
21.694661716882493,13,2.0,-8010
21.694671217171482,113,54.0,-7855
21.6955417732634,17,30.0,-6085
21.69586866603043,13,1.0,-7760
21.696511551157926,14,2.0,-7656
21.69657495326343,17,3.0,-5558
21.6970020567916,5,1.0,0
21.69767190931528,15,3.0,-5240
21.697695909098055,13,3.0,-7988
21.697695909098055,17,3.0,-7988
21.69823401622268,5,1.0,0
21.70283417840186,5,2.0,0
21.70415086963912,13,2.0,-7668
21.70415086963912,17,2.0,-7668
21.7041737859858,16,59.0,1151
21.70543498306156,1,3.0,8867
21.708014715378372,13,1.0,-7835
21.708361952818436,13,1.0,-7586
21.708424295774336,14,6.0,-7870
21.708424295774336,17,6.0,-7870
21.708739260770468,15,1.0,-5633
21.71077353900231,5,3.0,0
21.71087347982086,17,2.0,-3578
21.71121438074799,13,2.0,-8054
21.712399784529335,14,36.0,-7769
21.712399784529335,17,36.0,-7769
21.712540950239234,13,5.0,-8086
21.713426459640893,3,54.0,8868
21.715743139463996,17,2.0,-5082
21.71638131754775,14,2.0,-7579
21.716481809546814,13,1.0,-7928
21.71670125116476,9,15.0,8780
21.717708686133385,15,1.0,-5345
21.717928083001354,5,1.0,0
21.718330541434856,13,1.0,-7699
21.720956011344683,5,2.0,0
21.721661525328834,17,8.0,-3794
21.72369288111891,13,2.0,-7822
21.724729497496917,16,2.0,1043
21.725046044887204,13,1.0,-7737
21.725046044887204,17,1.0,-7737
21.727037313951218,17,2.0,-1997
21.727528068992378,16,3.0,7643
21.728171006109747,5,4.0,0
21.72894032194029,15,5.0,-5420
21.72947616100571,13,2.0,-7705
21.72947616100571,17,2.0,-7705
21.729544473363905,16,4.0,2858
21.729746412726325,6,1.0,8833
21.730321162166558,8,5.0,8689
21.731679676318485,15,1.0,-5728
21.73260329206495,5,4.0,0
21.732790513473113,5,2.0,0
21.733091025352966,6,2.0,8860
21.73336575404459,13,2.0,-7527
21.73336575404459,17,2.0,-7527
21.733724569382925,7,1.0,8807
21.735004840933076,13,4.0,-7938
21.73667530898898,5,7.0,0
21.73714130541914,1,3.0,8869
21.737237863768392,15,4.0,-5648
21.738479931688246,14,4.0,-8060
21.738479931688246,17,4.0,-8060
21.739816240079236,17,1.0,-3648
21.740327547127933,17,2.0,-2916
21.74153712779333,17,6.0,-3473
21.742636096871827,17,1.0,-67
21.742876752621168,15,2.0,-5605
21.743302594063454,13,13.0,-7642
21.743302594063454,17,13.0,-7642
21.74371167022794,13,1.0,-7664
21.74380916241034,15,2.0,-5713
21.74627834417123,14,3.0,-7640
21.747369639467074,5,3.0,0
21.747617333531863,16,11.0,3474
21.748512450641314,17,15.0,-2149
21.749163385644533,13,1.0,-7890
21.749863591735373,13,1.0,-7884
21.750267639019036,14,7.0,-8070
21.750267639019036,17,7.0,-8070
21.75177383563743,17,4.0,-3726
21.753026363724228,15,7.0,-5661
21.75355761024956,17,1.0,-6840
21.754282542539396,5,17.0,0
21.754821394205507,6,2.0,8861
21.75523567579727,5,3.0,0
21.7554067861622,5,6.0,0
21.757097881848676,17,3.0,-4698
21.757940687956673,13,1.0,-8085
21.758695241093715,13,1.0,-8091
21.759483281741623,5,1.0,0
21.759569717770418,5,3.0,0
21.760544555091386,16,1.0,5953
21.762057453490105,15,1.0,-5403
21.76247500473051,13,5.0,-8039
21.76412062583735,5,3.0,0
21.764848148612984,13,2.0,-8056
21.766474355585228,5,2.0,0
21.76669179372447,14,2.0,-8079
21.76669179372447,17,2.0,-8079
21.768575093096132,5,5.0,0
21.768859589157756,5,5.0,0
21.770075914869388,17,7.0,-5811
21.77015422094495,13,2.0,-7556
21.77055706257215,15,1.0,-5500
21.771127316760037,14,1.0,-7840
21.771127316760037,17,1.0,-7840
21.771588007506,17,4.0,-4022
21.77256089855284,5,1.0,0
21.775387617660655,5,3.0,0
21.776283253139667,17,5.0,-3475
21.778003224705564,17,6.0,-6205
21.778947804603764,17,2.0,-6548
21.779230128882457,5,4.0,0
21.780976501177893,14,4.0,-7877
21.78109311583053,15,1.0,-5298
21.782642407835848,13,1.0,-7513
21.784092782293634,13,1.0,-7704
21.784092782293634,17,1.0,-7704
21.784180545465738,15,2.0,-5251
21.78565740004046,13,4.0,-7733
21.78631338621679,13,1.0,-7910
21.78631338621679,17,1.0,-7910
21.78687101155777,17,2.0,-6255
21.786894619599366,17,1.0,-1775
21.78891567820675,16,5.0,5212
21.789184663932893,13,10.0,-7750
21.789252371067143,17,1.0,-2481
21.789884129010108,13,6.0,-8063
21.79055003490141,17,1.0,-2138
21.793195959793362,17,9.0,-4820
21.793224089713604,17,4.0,-2373
21.79332078368812,15,2.0,-5616
21.794897834239904,17,6.0,-4710
21.795505499597848,1,11.0,8870
21.795890216568868,16,34.0,3606
21.796840105198612,13,1.0,-7777
21.797477462075754,15,1.0,-5692
21.79762098791106,5,1.0,0
21.797846767536342,13,6.0,-7893
21.79859025716021,14,2.0,-8036
21.798815096789856,13,4.0,-7781
21.79918434591341,14,4.0,-7552
21.79918434591341,17,4.0,-7552
21.800485633146167,15,1.0,-5719
21.801007291100504,14,39.0,-7901
21.801349246128407,13,1.0,-7844
21.80145398125456,5,6.0,0
21.801963038539597,16,9.0,627
21.802270081942346,14,2.0,-7560
21.802270081942346,17,2.0,-7560
21.80284546992575,17,2.0,-115
21.803838029101016,17,1.0,-3557
21.804368902906887,13,8.0,-8049
21.804893410291633,13,2.0,-7876
21.806078886694852,17,2.0,-7102
21.807034938428693,9,5.0,8689
21.809476996419846,13,1.0,-7603
21.809584279147032,7,6.0,8455
21.81173454459743,13,1.0,-7669
21.811866955214896,3,20.0,8871
21.81291283259623,13,1.0,-7796
21.814130984139677,13,5.0,-7657
21.815894429726356,17,1.0,-6339
21.816945508564345,3,41.0,8872
21.81893047301597,113,43.0,-7817
21.819683329782045,14,2.0,-8020
21.820661838530288,5,2.0,0
21.822549364504518,13,1.0,-7914
21.822917116877456,13,1.0,-7773
21.82557172125001,13,1.0,-7548
21.82583248196156,5,5.0,0
21.82589794071051,13,2.0,-7906
21.825925910625507,17,25.0,-7479
21.82659330007919,1,3.0,8873
21.827895908365257,5,8.0,0
21.82823222159035,113,32.0,-7897
21.82832588260636,15,2.0,-5689
21.829103232207753,17,1.0,-3817
21.83104308324834,17,1.0,-5734
21.831073755585567,5,1.0,0
21.831738871284703,14,7.0,-8067
21.83218797324377,9,3.0,8782
21.834411861049684,13,1.0,-7680
21.834411861049684,17,1.0,-7680
21.834495708853698,14,3.0,-8087
21.835313427678763,13,1.0,-7538
21.83546846532634,13,1.0,-7509
21.83546846532634,17,1.0,-7509
21.836797437545254,5,2.0,0
21.83812277294868,13,2.0,-7659
21.8387438962404,17,2.0,-5392
21.839324943812212,17,1.0,-1308
21.839629876207393,14,5.0,-7591
21.839629876207393,17,5.0,-7591
21.83970485876898,14,1.0,-7832
21.840129882059575,17,4.0,-301
21.841602205838424,1,1.0,8874
21.842752940108976,5,3.0,0
21.84409481748836,5,10.0,0
21.8451063881011,13,13.0,-7950
21.845242838514224,5,1.0,0
21.84526806770168,5,24.0,0
21.84594802205112,5,3.0,0
21.846841520076186,5,10.0,0
21.846872759569692,17,4.0,-5353
21.847426268445805,6,6.0,8843
21.84787377477042,13,11.0,-7601
21.84787377477042,17,11.0,-7601
21.848871299779347,17,14.0,-1824
21.849229641362637,17,2.0,-1398
21.84930677008814,13,1.0,-7808
21.84930677008814,17,1.0,-7808
21.849856915326082,5,1.0,0
21.84988398626407,14,3.0,-7810
21.850388795480555,14,2.0,-7515
21.850446760646214,14,1.0,-7818
21.851008276858362,17,4.0,-1609
21.85266047976483,13,1.0,-8050
21.857936381986317,5,8.0,0
21.85847007791294,17,4.0,-1742
21.8586326606314,13,2.0,-7833
21.859587452129325,13,4.0,-7580
21.86006784629996,17,1.0,-1538
21.86052156415332,5,5.0,0
21.860829018641805,5,2.0,0
21.86158269772521,17,2.0,-1258
21.8625373739741,15,11.0,-5346
21.86306241199574,13,2.0,-7638
21.86601240909201,5,4.0,0
21.866467332675324,11,6.0,8737
21.868715523046998,13,2.0,-7936
21.868818569634627,17,2.0,-2508
21.870335832348484,16,2.0,7343
21.87054790066473,13,3.0,-7768
21.870979711915112,17,3.0,-2486
21.871845637651354,5,1.0,0
21.871973804265473,16,7.0,2066
21.872448405681126,5,1.0,0
21.873027340264237,13,3.0,-7553
21.87389325113417,15,1.0,-5419
21.875555654467572,17,28.0,-4404
21.876135931329866,15,1.0,-5400
21.880125577122808,13,12.0,-7528
21.88072862304715,17,8.0,-5998
21.881558711741743,16,6.0,6284
21.88187802632644,13,1.0,-7716
21.88187802632644,17,1.0,-7716
21.881901709305552,15,2.0,-5574
21.882023834269187,13,2.0,-7663
21.882473431800186,16,1.0,8603
21.882904733590404,16,6.0,6665
21.885474211545425,13,6.0,-7614
21.885712117435634,5,6.0,0
21.88587676638533,17,1.0,-1508
21.885998524758683,14,11.0,-8002
21.890244279934084,13,1.0,-7636
21.890311096190842,13,5.0,-7983
21.890468665241166,13,1.0,-8090
21.89100077784811,13,1.0,-8019
21.89100077784811,17,1.0,-8019
21.891774055809886,13,2.0,-7806
21.891774055809886,17,2.0,-7806
21.89333559125769,1,3.0,8875
21.893772273909388,6,5.0,8846
21.894609736134058,17,9.0,-3523
21.895794845228185,5,2.0,0
21.895961788037916,1,1.0,8876
21.897307771502145,13,8.0,-7895
21.897347867456453,14,44.0,-7685
21.89878177170375,13,3.0,-7549
21.89925780824316,14,2.0,-7992
21.899944826905344,15,4.0,-5364
21.902169143326226,5,53.0,0
21.902852210996098,17,6.0,-4459
21.90353133115167,13,5.0,-7971
21.904265883440797,5,10.0,0
21.904826097170357,7,2.0,8826
21.905673817791364,5,5.0,0
21.905734777237242,13,1.0,-8027
21.905749267058173,5,4.0,0
21.90622187894707,7,3.0,8810
21.907248278681756,5,3.0,0
21.90772101406617,17,1.0,-2827
21.90795411603625,16,2.0,2002
21.908411055195263,17,1.0,-6125
21.909179217443853,17,8.0,-7465
21.909507896516608,14,3.0,-7762
21.909507896516608,17,3.0,-7762
21.91112162991856,14,2.0,-7554
21.9120484631043,15,3.0,-5383
21.91252989152276,14,8.0,-8077
21.912939641287746,16,3.0,5337
21.91316827188935,5,2.0,0
21.914344862726402,15,3.0,-5594
21.915072599068747,5,24.0,0
21.915547054334446,17,2.0,-6044
21.915570292204556,17,3.0,-102
21.91569954647667,16,48.0,2175
21.915748342649664,17,1.0,-3518
21.91647350421822,14,2.0,-7747
21.917343391650558,14,1.0,-7613
21.917343391650558,17,1.0,-7613
21.917704341579725,14,1.0,-7707
21.918120676988856,16,5.0,6030
21.918380517931507,13,3.0,-8057
21.918738179594968,17,8.0,-7148
21.91962270079784,16,7.0,6132
21.92007289708996,17,2.0,-5990
21.92178128976246,13,3.0,-7788
21.92178128976246,17,3.0,-7788
21.922755451334073,7,1.0,8670
21.923591919012722,17,1.0,-6876
21.924374430667672,14,4.0,-7929
21.92451058453229,5,5.0,0
21.92461229091586,6,3.0,8804
21.92579073360382,7,4.0,8731
21.92611740450788,13,3.0,-7907
21.92671131422353,5,2.0,0
21.92736735781774,13,3.0,-8005
21.927684817397317,11,7.0,8805
21.92785851819445,5,1.0,0
21.928453064431256,13,2.0,-7574
21.928490829984018,13,3.0,-7570
21.928490829984018,17,3.0,-7570
21.929207538505946,14,1.0,-7692
21.929458693370748,14,1.0,-8008
21.92949770596455,13,1.0,-7826
21.929526552317537,14,1.0,-7578
21.929526552317537,17,1.0,-7578
21.930332159678407,17,3.0,-3865
21.93038408531912,16,7.0,6127
21.93054526597639,7,2.0,8797
21.931914602381774,5,4.0,0
21.93574360798402,17,5.0,-4105
21.93587159431652,13,1.0,-7673
21.93735823017778,17,1.0,-5017
21.938267507194332,14,2.0,-7746
21.93899435031797,17,2.0,-6007
21.939833632387067,15,1.0,-5413
21.940526068455792,13,7.0,-7534
21.94070383739288,16,51.0,509
21.941343354666767,13,1.0,-7816
21.941343354666767,17,1.0,-7816
21.94168048444586,13,2.0,-8083
21.942407969449434,6,1.0,8859
21.942900499585747,17,3.0,-5443
21.943749230427365,13,8.0,-7961
21.944160914325014,17,3.0,-6546
21.94635205954086,13,11.0,-8043
21.948352424952898,14,4.0,-7645
21.948352424952898,17,4.0,-7645
21.949140446728272,14,4.0,-7874
21.949466072259067,13,1.0,-7676
21.9498106753294,17,5.0,-2419
21.950311187831446,113,56.0,-7510
21.950774018943992,14,32.0,-7565
21.950774018943992,17,32.0,-7565
21.951441187952714,5,4.0,0
21.952650286030092,13,1.0,-7879
21.952650286030092,17,1.0,-7879
21.952741152115784,14,3.0,-7644
21.953232709018106,17,4.0,-4281
21.953758464596905,5,3.0,0
21.954680228484765,14,6.0,-7628
21.95519061278014,14,4.0,-7521
21.955524167653202,17,1.0,-6659
21.95722691373081,17,3.0,-4987
21.95727796685773,13,2.0,-7944
21.95732569994187,5,4.0,0
21.958049160771502,17,6.0,-4439
21.958846864058668,14,10.0,-7933
21.958846864058668,17,10.0,-7933
21.95910401725389,13,1.0,-7946
21.96200649652798,13,1.0,-7805
21.96226039441059,13,2.0,-7512
21.962356665024323,14,24.0,-7839
21.96263149475421,13,5.0,-7941
21.96263149475421,17,5.0,-7941
21.96275856104752,16,54.0,1153
21.9635037805354,1,2.0,8877
21.96472844525534,16,5.0,5222
21.966456629910713,14,1.0,-7572
21.967186923442757,5,1.0,0
21.967548560408208,13,1.0,-7921
21.967548560408208,17,1.0,-7921
21.968018165545402,6,3.0,8867
21.96872519650401,13,1.0,-7612
21.96872519650401,17,1.0,-7612
21.969831670732738,5,2.0,0
21.96988045642889,13,5.0,-7620
21.96988045642889,17,5.0,-7620
21.97009688189336,1,3.0,8878
21.97517968640767,14,4.0,-7539
21.97536852148229,17,3.0,-5963
21.975539467052045,5,1.0,0
21.97601685697012,15,1.0,-5234
21.976856491787967,13,3.0,-7731
21.976867375184664,13,1.0,-7698
21.977929421027113,12,3.0,8694
21.978064304278885,13,3.0,-7878
21.979993894112066,15,1.0,-5361
21.981839468636547,15,1.0,-5472
21.982215604216783,16,3.0,3544
21.98234156187781,16,21.0,3120
21.982902826089013,5,3.0,0
21.98416621436292,17,1.0,-4113
21.984455380951374,5,1.0,0
21.98461230061117,7,1.0,8727
21.98462923669606,13,11.0,-7952
21.98506335370416,5,1.0,0
21.98516137806652,14,4.0,-7679
21.985192832651848,14,16.0,-7881
21.985337755640003,13,1.0,-7787
21.985337755640003,17,1.0,-7787
21.985577555460257,17,1.0,-4633
21.986857367300008,17,6.0,-5645
21.98869643491467,17,9.0,-6293
21.988805918008072,13,2.0,-8046
21.98919748103578,16,1.0,3951
21.993110495429864,5,1.0,0
21.994383685078695,16,7.0,6092
21.994530690015438,17,2.0,-6127
21.995165149794452,14,1.0,-7616
21.996319055526364,14,33.0,-7688
21.99669480793518,15,1.0,-5722
21.996714972792095,14,2.0,-7547
21.99814822152414,11,3.0,8840
21.998214831571463,14,1.0,-7710
21.998214831571463,17,1.0,-7710
21.99825272982037,14,2.0,-7989
21.99825272982037,17,2.0,-7989
21.998367425853527,13,1.0,-7602
21.998367425853527,17,1.0,-7602
21.999325044712826,16,1.0,3091
21.99935749946294,14,2.0,-7582
21.99935749946294,17,2.0,-7582
21.999807710933894,17,1.0,-1519
22.00042560002661,14,3.0,-8436
22.002514327730527,113,18.0,-8188
22.002562563832473,13,2.0,-8493
22.00303144657775,13,2.0,-8178
22.007915486620504,5,1.0,0
22.008020534251905,15,3.0,-6326
22.009535138370484,14,5.0,-8209
22.00970235740651,13,2.0,-8367
22.01074326138407,13,5.0,-8151
22.010895329239162,16,1.0,4706
22.0142176079477,16,38.0,2072
22.014264754025337,14,1.0,-8265
22.01430052011091,15,1.0,-6095
22.014471275133808,15,2.0,-5831
22.01502658814224,5,2.0,0
22.015632242446273,13,1.0,-8428
22.015954040245536,5,3.0,0
22.01669661291695,5,3.0,0
22.017035358696628,113,58.0,-8206
22.01768094999422,3,5.0,8879
22.020198783165995,13,1.0,-8456
22.021041575333314,5,1.0,0
22.02150875701136,16,3.0,5871
22.0219105401537,15,1.0,-6254
22.02622941220964,13,1.0,-8169
22.0267974098219,5,5.0,0
22.027357883556625,14,3.0,-8112
22.027616840107655,14,1.0,-8314
22.028568313834832,16,36.0,1759
22.02882817208017,13,1.0,-8496
22.029561700481747,15,1.0,-6227
22.029681391841986,15,1.0,-5860
22.030696698147764,15,8.0,-6302
22.03084686246736,13,7.0,-8474
22.032316307379403,13,2.0,-8344
22.032323417566058,15,1.0,-6088
22.032762725210592,16,2.0,2774
22.035131136077673,14,1.0,-8354
22.036117955509674,15,4.0,-6310
22.03640148671645,5,3.0,0
22.036490399625528,15,1.0,-6331
22.03776809379084,14,6.0,-8223
22.037850968303324,15,7.0,-6240
22.03815606458942,13,2.0,-8497
22.039962098055344,15,1.0,-6221
22.042124291291074,15,9.0,-6138
22.04265895532024,13,1.0,-8249
22.043137936654208,5,1.0,0
22.04430234842861,15,7.0,-5816
22.04485340632917,13,3.0,-8365
22.04559642499077,15,5.0,-6105
22.04597000772173,13,1.0,-8289
22.047270888040252,6,3.0,8878
22.04800693108552,1,2.0,8880
22.048288374754534,15,1.0,-5783
22.050468477188733,15,1.0,-5801
22.05418883798611,14,8.0,-8252
22.055305880870687,15,1.0,-6217
22.055419977999133,13,6.0,-8240
22.055658272957128,13,3.0,-8231
22.056090401705266,15,1.0,-5821
22.056626368465395,15,1.0,-5789
22.057327934249198,17,6.0,-1092
22.05740251728141,13,1.0,-8422
22.05846470156615,11,9.0,8822
22.058612752944214,15,2.0,-6324
22.059741362224234,5,11.0,0
22.060101925616937,13,4.0,-8302
22.06143732425458,15,2.0,-6279
22.063786851017273,17,3.0,-46
22.064830569296706,5,2.0,0
22.06556544349249,14,1.0,-8099
22.065818301567983,14,2.0,-8417
22.0660025439896,16,10.0,4254
22.066184507548275,15,3.0,-5975
22.06728198528082,15,4.0,-5784
22.06860543046414,16,7.0,4803
22.069598037434073,14,1.0,-8304
22.071504202448594,15,3.0,-6182
22.07303274776463,6,8.0,8853
22.07313579079001,14,11.0,-8375
22.073830727675624,5,2.0,0
22.074845470108986,13,12.0,-8222
22.075267527398957,14,6.0,-8207
22.07778637883676,13,10.0,-8255
22.078029237505554,5,4.0,0
22.079195201376205,17,59.0,-1441
22.079760807799815,14,3.0,-8407
22.082372968930297,13,1.0,-8411
22.083549362599893,15,3.0,-5808
22.083577371945125,15,52.0,-5997
22.083577371945125,17,52.0,-5997
22.085804222448875,14,9.0,-8183
22.085990265087265,15,3.0,-5920
22.086448041830504,14,7.0,-8275
22.088487808659316,14,1.0,-8443
22.08925503431151,13,4.0,-8341
22.089305539789333,14,4.0,-8339
22.09045083474339,5,1.0,0
22.093388534292977,5,4.0,0
22.095880953505233,5,5.0,0
22.096082472755615,113,45.0,-8369
22.096483723777524,17,1.0,-4660
22.096791204852604,5,4.0,0
22.101690598037095,13,1.0,-8140
22.102671539950684,5,3.0,0
22.103324398812102,15,4.0,-6032
22.10452071627031,15,1.0,-6203
22.10497524679865,5,13.0,0
22.10702911306466,5,2.0,0
22.107815549134052,5,1.0,0
22.107934026608707,14,4.0,-8353
22.10797270008302,15,2.0,-5775
22.10877007007137,7,4.0,8819
22.10881607276581,13,2.0,-8463
22.10921322528047,13,1.0,-8393
22.110944488187354,14,4.0,-8359
22.112654024032157,8,57.0,8848
22.113092178759455,5,8.0,0
22.114224331392645,6,2.0,8849
22.114469560008168,16,5.0,7357
22.114947080827907,5,5.0,0
22.115110555946583,15,1.0,-6018
22.1154312483544,15,1.0,-6283
22.116905737324956,8,3.0,8771
22.11730309121782,15,2.0,-6236
22.11791373533041,13,7.0,-8121
22.121531222729484,13,1.0,-8396
22.126605983569913,13,2.0,-8453
22.128035513364612,13,1.0,-8193
22.130225611761023,5,1.0,0
22.13079959970375,15,4.0,-6067
22.135124693789997,16,4.0,6646
22.135616506104352,16,2.0,8410
22.13569334362082,15,2.0,-6092
22.136788867065253,13,1.0,-8366
22.13691403107778,5,3.0,0
22.137452883624185,9,8.0,8795
22.137452883624185,16,8.0,8795
22.137835402968047,15,1.0,-5973
22.139894945543073,13,5.0,-8478
22.140570140728787,5,6.0,0
22.140647546821477,15,1.0,-6023
22.141114183112972,15,3.0,-5906
22.14215780223583,15,1.0,-5755
22.14380626670062,13,3.0,-8258
22.144738836948946,14,3.0,-8205
22.148730730986127,13,1.0,-8125
22.149191590234047,15,1.0,-5757
22.14947351263696,17,1.0,-2801
22.15001441121055,16,3.0,817
22.151451921010462,14,16.0,-8465
22.152517345968395,14,2.0,-8110
22.153595752415164,17,1.0,-629
22.153918951294532,5,4.0,0
22.154675400722393,15,1.0,-5788
22.155294499070568,5,7.0,0
22.15606824664313,14,2.0,-8168
22.156278808938595,14,1.0,-8482
22.15884067430353,17,21.0,-1433
22.158999534811592,12,3.0,8824
22.159056486021207,13,4.0,-8227
22.159360089909413,15,5.0,-5894
22.160461965866194,5,2.0,0
22.16066254231365,5,2.0,0
22.160773645866996,7,2.0,8836
22.162040429416553,15,1.0,-5874
22.165463206630736,15,2.0,-6086
22.16573359742209,13,1.0,-8439
22.16599468643227,17,1.0,-1355
22.16847906709652,17,2.0,-231
22.168756008095688,5,2.0,0
22.16889853086732,9,22.0,8542
22.169362177445304,7,6.0,8790
22.170079699777215,14,3.0,-8120
22.17057363302331,5,7.0,0
22.17073530516985,14,1.0,-8469
22.17162672904543,5,4.0,0
22.172088887306508,13,2.0,-8272
22.17225962926622,13,2.0,-8098
22.17333836612195,15,2.0,-6334
22.173830488620347,14,6.0,-8256
22.174088865963927,16,2.0,1467
22.17485943724411,14,34.0,-8327
22.17540087417442,17,4.0,-1428
22.175912885438954,5,28.0,0
22.176084536488954,16,15.0,2308
22.17679372197703,5,1.0,0
22.1771944363025,16,4.0,2716
22.177503506852972,13,1.0,-8351
22.178877713859347,15,1.0,-5845
22.178877713859347,17,1.0,-5845
22.178981126630504,13,3.0,-8315
22.179291742517833,11,57.0,8812
22.180689387625698,5,1.0,0
22.181153616767027,15,1.0,-6274
22.181153616767027,17,1.0,-6274
22.18211044550934,16,3.0,4166
22.183139822981417,5,14.0,0
22.184235401749216,14,1.0,-8173
22.18495004642159,5,2.0,0
22.185178375094328,13,1.0,-8311
22.18523181305536,14,15.0,-8101
22.186463544530476,13,14.0,-8219
22.187077923796636,15,2.0,-6206
22.18871136126416,14,5.0,-8210
22.194072179255407,15,1.0,-6041
22.19503566207568,5,3.0,0
22.19725984158786,13,12.0,-8238
22.198309872371066,13,2.0,-8395
22.198440570146882,6,1.0,8876
22.19908069915498,15,11.0,-6025
22.19924675974164,15,1.0,-5776
22.20011663229643,13,6.0,-8153
22.200415332428108,15,1.0,-5761
22.200680903478304,13,1.0,-8145
22.20156767660336,15,3.0,-6158
22.202897051132922,15,2.0,-5946
22.203118950887774,17,2.0,-4510
22.20457328852925,13,5.0,-8180
22.20520518483996,16,1.0,5869
22.20634051216408,13,1.0,-8233
22.20939840414262,15,1.0,-5897
22.20962190441729,5,3.0,0
22.209950180029168,14,4.0,-8131
22.209958884191018,5,2.0,0
22.210789917112034,15,2.0,-6054
22.210789917112034,17,2.0,-6054
22.211006007932788,16,43.0,2552
22.21379253122688,17,3.0,-3322
22.213814108086517,5,2.0,0
22.214936486336534,17,2.0,-3030
22.21518896905036,13,2.0,-8318
22.215553441631524,15,2.0,-6184
22.216344379164617,5,4.0,0
22.217305046741146,15,1.0,-6034
22.217405016141228,13,1.0,-8312
22.218336747707426,17,2.0,-4689
22.21916149664641,14,6.0,-8154
22.21921830585114,13,9.0,-8414
22.22078489354943,17,4.0,-2614
22.220841087048594,13,15.0,-8109
22.22123433877921,13,2.0,-8479
22.222059416687312,13,1.0,-8118
22.222304733449974,13,4.0,-8251
22.22246159903454,17,4.0,-2987
22.222716060606526,13,3.0,-8095
22.224263797166383,13,3.0,-8502
22.225552469001297,5,11.0,0
22.22705312582865,13,1.0,-8270
22.227314259756273,15,2.0,-5782
22.22802138518325,16,25.0,511
22.230509329149434,14,4.0,-8225
22.231112783111037,13,13.0,-8280
22.231557218181987,5,2.0,0
22.231649722783605,16,2.0,6979
22.23181026665545,14,2.0,-8159
22.23251590371353,5,3.0,0
22.23259690351091,17,1.0,-1680
22.234691349253875,13,5.0,-8191
22.23492644339007,5,1.0,0
22.235281009264263,15,4.0,-6161
22.235414677723647,17,1.0,-1185
22.236233279769365,5,6.0,0
22.236883637614916,13,1.0,-8248
22.237834226999958,15,6.0,-6180
22.238999876299243,17,3.0,-2275
22.239070510904853,5,1.0,0
22.23925159502147,17,6.0,-4862
22.239701694394128,5,1.0,0
22.24017127416613,15,1.0,-5790
22.24017127416613,17,1.0,-5790
22.241403251281305,15,4.0,-5846
22.24166258685779,13,2.0,-8490
22.24235749730286,9,3.0,8771
22.245116492291753,13,2.0,-8235
22.245705745835757,6,1.0,8874
22.246018826840796,5,3.0,0
22.24646240763189,14,5.0,-8313
22.246711082279035,15,9.0,-5949
22.248228236770636,17,1.0,-2564
22.249795169486262,15,1.0,-5809
22.24981514573073,13,1.0,-8332
22.25028677021204,15,2.0,-6162
22.252106125179044,10,20.0,8871
22.252690817923174,5,3.0,0
22.2540669353798,13,2.0,-8284
22.25411524586803,17,2.0,-5597
22.25456807652826,16,50.0,3856
22.256741283594575,16,24.0,1765
22.25690952510451,17,1.0,-715
22.259038899102073,16,3.0,6213
22.26014783890566,17,4.0,-2485
22.26051909204069,13,1.0,-8155
22.26090433906685,5,8.0,0
22.26219127438152,17,2.0,-217
22.262276303439627,17,2.0,-4202
22.262562218951476,5,1.0,0
22.262988966851204,17,1.0,-246
22.263921573188973,15,7.0,-5798
22.26404236078768,13,1.0,-8133
22.26500746948894,5,7.0,0
22.265142158163798,15,2.0,-6315
22.26627227002132,8,6.0,8856
22.26703402578923,9,3.0,8824
22.26847902052933,1,2.0,8881
22.26917871986461,17,1.0,-4838
22.269877609491733,5,3.0,0
22.270687551215573,16,1.0,2658
22.270769894976144,14,3.0,-8357
22.27082009224997,17,2.0,-2368
22.271694774230053,5,3.0,0
22.271873340719843,5,2.0,0
22.273210531161943,5,1.0,0
22.273397578718818,7,3.0,8815
22.274140395138208,5,1.0,0
22.27447832478991,15,3.0,-5858
22.275276230833455,13,2.0,-8130
22.27529257068264,17,1.0,-4970
22.275422927848922,7,1.0,8796
22.275669094401955,16,5.0,676
22.276107882972383,15,7.0,-6329
22.276139238721903,15,1.0,-6224
22.27788525287496,14,6.0,-8285
22.28021945163988,16,16.0,4214
22.28197729799888,13,1.0,-8405
22.282069314177768,15,1.0,-6164
22.28346337310129,14,4.0,-8136
22.283683237766805,14,7.0,-8132
22.28481447131924,9,4.0,8736
22.284947997130814,4,5.0,8882
22.28530425796396,7,5.0,8506
22.28594155416662,13,2.0,-8364
22.28629159037535,13,1.0,-8306
22.286484452522288,17,1.0,-4238
22.286825614426107,11,47.0,8813
22.28691519240136,17,1.0,-1862
22.286980842192772,17,3.0,-4259
22.287443975060597,14,1.0,-8343
22.289564028375775,15,3.0,-5971
22.29045830622734,7,3.0,8645
22.293088059132263,13,1.0,-8438
22.29332802590066,15,13.0,-6270
22.293393462774382,13,5.0,-8250
22.29403276399627,16,14.0,8174
22.295171997228884,16,7.0,5793
22.297755785427167,15,6.0,-5785
22.29891610324723,13,5.0,-8260
22.301243483363336,5,2.0,0
22.30198136651001,13,1.0,-8426
22.3023768694614,15,3.0,-6022
22.30345157485568,17,3.0,-5681
22.3065232434752,14,12.0,-8305
22.307659240556507,13,5.0,-8150
22.309540771171623,5,8.0,0
22.309622656921558,1,2.0,8883
22.31049087867293,16,3.0,693
22.310680679340905,15,1.0,-5862
22.312456046465847,5,3.0,0
22.312635060529978,13,2.0,-8473
22.313624627659866,5,2.0,0
22.315063810447302,15,1.0,-5984
22.315875505575676,17,4.0,-2150
22.31641798500537,16,15.0,2229
22.316847260147107,17,1.0,-3027
22.317011761227345,9,18.0,7642
22.3184905688707,17,3.0,-214
22.319829348261173,13,11.0,-8440
22.322945716299685,16,2.0,3284
22.323571520354488,1,1.0,8884
22.324534435937085,14,3.0,-8472
22.326293442816652,5,2.0,0
22.326799310367278,5,3.0,0
22.327496501669742,14,28.0,-8295
22.32767885569424,15,12.0,-5903
22.32811920230073,15,3.0,-6233
22.32815239771524,15,1.0,-5768
22.32938382030464,113,33.0,-8229
22.330406199823607,14,2.0,-8484
22.33073970286097,5,1.0,0
22.33086496828689,14,1.0,-8273
22.33166030678025,17,1.0,-3435
22.331868115870346,6,1.0,8884
22.331972060570635,13,2.0,-8498
22.332239341039955,14,4.0,-8464
22.333231998500874,5,1.0,0
22.33376718064668,5,2.0,0
22.33468804953061,5,2.0,0
22.337553135933057,14,3.0,-8113
22.337575162042373,5,6.0,0
22.33788225496358,17,3.0,-2270
22.338320021685558,15,5.0,-6133
22.340129025142243,13,1.0,-8097
22.340270561203127,13,1.0,-8462
22.340974439702375,15,14.0,-5875
22.341899903978614,16,3.0,7429
22.34233467679752,17,1.0,-84
22.34338717416642,4,9.0,8885
22.34341683448485,17,1.0,-3660
22.34356411215927,15,4.0,-6265
22.34445833897584,5,8.0,0
22.344711298582105,1,4.0,8886
22.344961014912975,17,5.0,-352
22.345792623074075,17,2.0,-2478
22.345990493232787,15,5.0,-5867
22.34612869364277,17,11.0,-4314
22.346223126529907,13,1.0,-8446
22.34698764991443,15,4.0,-5921
22.34808482503509,13,22.0,-8106
22.350996056416196,13,2.0,-8182
22.35137965499705,16,1.0,2576
22.352043097046344,15,1.0,-6006
22.352043097046344,17,1.0,-6006
22.352952335566442,15,1.0,-5960
22.354735711743388,14,1.0,-8350
22.3561984486848,17,1.0,-1637
22.356340686976054,17,6.0,-3349
22.35650787616825,5,9.0,0
22.356726709392998,17,1.0,-4810
22.35702659042116,13,1.0,-8199
22.357291168861213,17,3.0,-4227
22.357657374571904,14,3.0,-8355
22.358483308313673,15,1.0,-5918
22.35969971912629,14,4.0,-8454
22.36090074962806,13,5.0,-8406
22.361381052014146,15,3.0,-6145
22.36171407540942,5,5.0,0
22.36453984196188,14,3.0,-8162
22.364657388361465,14,11.0,-8477
22.365175666031806,5,16.0,0
22.365738103467134,17,1.0,-4783
22.365806814786,7,1.0,8816
22.366142377574853,14,4.0,-8499
22.367806200625793,13,7.0,-8449
22.368264594212164,17,2.0,-5654
22.368585683244035,5,3.0,0
22.369830121675896,14,1.0,-8290
22.37040848594382,16,14.0,1992
22.372267650528126,13,1.0,-8392
22.372330101320465,15,1.0,-6071
22.373802648455253,13,2.0,-8194
22.374095386071136,15,1.0,-6193
22.374370634709894,5,2.0,0
22.376709600033763,5,7.0,0
22.377470235266692,1,4.0,8887
22.3779419020498,113,56.0,-8192
22.378544173528088,13,1.0,-8424
22.378860638646195,5,3.0,0
22.379614345368218,15,2.0,-5850
22.379890549141624,17,1.0,-4071
22.380433093756647,7,3.0,8834
22.380912339664828,13,1.0,-8129
22.38113335382575,5,3.0,0
22.381176146573406,13,2.0,-8309
22.381294944827424,5,3.0,0
22.38137709622562,14,7.0,-8144
22.38175628691409,14,2.0,-8203
22.38262145064582,17,8.0,-4327
22.384203555096235,15,30.0,-5917
22.384691049455338,15,2.0,-5886
22.38533220993795,17,4.0,-3
22.386241722953386,14,2.0,-8187
22.38665243056395,17,8.0,-4349
22.38666210395425,7,1.0,8798
22.387031735474253,113,22.0,-8181
22.38784894375488,14,2.0,-8170
22.388081409091214,15,1.0,-6264
22.389199189338303,15,6.0,-6081
22.390680425397328,15,3.0,-6101
22.391949180223452,13,2.0,-8161
22.39228608270939,5,3.0,0
22.392960379997586,15,1.0,-5766
22.39576350850706,13,2.0,-8434
22.395849249172965,13,5.0,-8239
22.397110676327763,15,26.0,-5879
22.39718917154807,15,1.0,-5804
22.397327526965444,17,2.0,-4721
22.39756780870937,13,1.0,-8143
22.398393133409183,15,2.0,-5961
22.399655246845366,13,1.0,-8451
22.40233420018207,13,1.0,-8216
22.40255423645175,13,1.0,-8336
22.40346420304696,17,5.0,-1283
22.404352573707946,17,3.0,-4329
22.40496079687225,15,1.0,-5907
22.405752548984818,13,1.0,-8111
22.406047230650326,5,2.0,0
22.406059870537995,15,4.0,-6069
22.4073007519915,17,2.0,-3011
22.407492124733178,13,2.0,-8214
22.408057616162203,15,2.0,-5772
22.408886351746283,13,1.0,-8322
22.40983067930012,14,2.0,-8376
22.410070378708934,15,1.0,-5941
22.41255480878134,13,1.0,-8320
22.41268039891659,13,1.0,-8148
22.413043311188368,15,2.0,-5781
22.41397639588486,17,1.0,-3582
22.415287163594783,16,5.0,5623
22.4153093740482,13,2.0,-8410
22.415729182354866,16,1.0,428
22.415851916001376,5,1.0,0
22.416261717792377,14,1.0,-8383
22.41658777531938,15,1.0,-5770
22.417902821481896,16,5.0,8478
22.419606254785855,5,3.0,0
22.420575473535102,1,2.0,8888
22.42088355635721,17,1.0,-1544
22.421616656550725,17,4.0,-934
22.422637482096675,13,2.0,-8347
22.42401058819375,13,3.0,-8287
22.42443007864843,5,2.0,0
22.426229598767353,13,1.0,-8103
22.426286504874685,16,1.0,3468
22.427191949755866,16,1.0,5770
22.42885973312835,17,10.0,-133
22.429323431948454,15,13.0,-5835
22.429630134980936,5,4.0,0
22.42971470189529,14,2.0,-8423
22.431602762537228,14,1.0,-8139
22.43243411160185,17,2.0,-557
22.43248491108195,17,6.0,-4429
22.43268237975145,13,1.0,-8412
22.432944693045837,5,5.0,0
22.43371296981745,16,1.0,4141
22.43381102779243,5,6.0,0
22.43434657670301,16,3.0,7203
22.434708730189605,15,4.0,-6278
22.43472781763413,6,3.0,8875
22.438535350242297,14,6.0,-8418
22.43869075558535,13,3.0,-8398
22.439715579488794,13,2.0,-8172
22.44020831968901,14,6.0,-8276
22.441817901802423,15,1.0,-6021
22.443239973146493,15,1.0,-6122
22.444162201252887,16,49.0,4800
22.446029346046625,14,2.0,-8236
22.446077840324893,17,2.0,-3073
22.446994290789565,13,1.0,-8094
22.449904134997112,17,19.0,-5185
22.45042325156713,16,1.0,1210
22.45062018236256,13,1.0,-8467
22.451234640266172,14,6.0,-8475
22.451617442979046,1,3.0,8889
22.45173695748721,5,3.0,0
22.453672488517515,13,1.0,-8374
22.453778936741926,17,1.0,-4254
22.453974452539025,17,5.0,-2809
22.454468357399147,5,1.0,0
22.454948725035862,13,1.0,-8220
22.45569192632184,13,3.0,-8259
22.457715994950746,13,3.0,-8213
22.460078601494345,16,3.0,7101
22.46010084385696,15,1.0,-5805
22.46057262182865,17,2.0,-4523
22.46155164925037,15,1.0,-5923
22.46204706489417,5,3.0,0
22.463605188322624,5,2.0,0
22.463674093406595,13,1.0,-8217
22.465711209632417,16,1.0,6222
22.465969677162125,15,2.0,-6001
22.466978988720644,15,1.0,-6228
22.466978988720644,17,1.0,-6228
22.467979401504333,17,6.0,-5173
22.468414419947216,13,1.0,-8211
22.469925860418847,15,2.0,-6285
22.46996240379089,17,1.0,-5545
22.470233096016646,13,2.0,-8138
22.47130339010763,17,20.0,-5032
22.47289917574523,15,2.0,-6096
22.473809691790134,15,1.0,-5919
22.47407405095697,4,8.0,8890
22.47425071163941,17,6.0,-3787
22.474252713641445,15,1.0,-6247
22.47502832643522,5,2.0,0
22.476125084823853,15,2.0,-6093
22.47692769991837,15,2.0,-6204
22.47772991087333,15,4.0,-5852
22.478700351950668,15,3.0,-6234
22.479768158198013,15,4.0,-5900
22.479835704849734,13,5.0,-8402
22.48019470640028,7,3.0,8803
22.480441205867454,13,7.0,-8470
22.480519900779186,17,1.0,-1286
22.481838828606556,16,5.0,5033
22.48191805045795,16,21.0,1481
22.483646684409567,5,7.0,0
22.483994064501797,16,3.0,4987
22.484083711001134,5,1.0,0
22.484220176319027,17,1.0,-1426
22.484934573606306,15,1.0,-5936
22.485546289471724,15,1.0,-6263
22.486407290518663,16,2.0,7201
22.48712183111074,15,6.0,-5962
22.48819947815586,5,2.0,0
22.489240582800296,17,2.0,-1553
22.489341228956345,15,3.0,-5803
22.489367620157875,15,1.0,-5854
22.489476101332922,15,4.0,-5763
22.489614431629786,15,2.0,-5762
22.489752659527994,17,3.0,-3152
22.49074651607727,17,5.0,-4761
22.490786946160608,13,2.0,-8114
22.491628002253073,5,1.0,0
22.49184766702756,15,1.0,-5976
22.493721632957538,17,7.0,-5749
22.493892046227405,13,7.0,-8459
22.494884124344473,17,2.0,-5325
22.49520340972693,14,4.0,-8288
22.495546058980867,13,1.0,-8329
22.49630478869993,5,1.0,0
22.496374355102578,14,2.0,-8102
22.49779159901919,17,2.0,-4292
22.49875099424711,1,9.0,8891
22.499801898249636,14,4.0,-8448
22.499987695947357,13,2.0,-8190
22.50105039282987,13,2.0,-8460
22.501176880199125,15,2.0,-6269
22.502776226981677,13,3.0,-8271
22.50300672654809,16,1.0,7479
22.50467076122337,15,6.0,-6190
22.505917523230565,13,2.0,-8491
22.50633951776414,17,3.0,-5515
22.50645194539941,17,1.0,-3401
22.50978395628148,15,4.0,-6296
22.509999320683043,17,3.0,-6735
22.51007366571236,5,2.0,0
22.510859560606498,14,3.0,-8184
22.511573308413038,17,10.0,-7104
22.512354702328583,113,14.0,-8389
22.513851060206875,14,3.0,-8282
22.51489203784552,13,2.0,-8128
22.514918169090684,17,1.0,-4036
22.514995071558527,15,2.0,-6114
22.515645685944158,17,5.0,-3165
22.517515518145036,5,2.0,0
22.517939948055087,17,2.0,-2582
22.519002411707113,16,39.0,1380
22.519061866178692,15,5.0,-6257
22.519882215410533,17,15.0,-363
22.519931593487605,15,7.0,-6045
22.520027913864944,15,1.0,-6167
22.520339023387326,13,2.0,-8362
22.52057285308171,14,2.0,-8403
22.522446358807255,5,1.0,0
22.522777407905753,15,3.0,-5913
22.523319521107794,17,6.0,-2119
22.52444708905375,17,1.0,-3097
22.524684602306895,5,2.0,0
22.524726642065826,15,1.0,-6094
22.524781355424622,16,3.0,6513
22.525125747051437,7,2.0,8783
22.525125747051437,16,2.0,8783
22.52517547502359,15,5.0,-6013
22.525214018133482,13,4.0,-8146
22.526025652392097,13,2.0,-8174
22.52655615303998,14,2.0,-8230
22.526766095412505,14,1.0,-8408
22.527330264505636,13,1.0,-8468
22.527387828227535,17,4.0,-4717
22.530077100548354,15,9.0,-5964
22.530707254546925,7,4.0,8662
22.530898459169027,13,1.0,-8381
22.533069185318837,17,1.0,-1315
22.533157521670763,16,3.0,7326
22.53385648427199,13,1.0,-8122
22.533932240822825,16,5.0,1633
22.53421036687274,15,1.0,-5880
22.534286912914474,15,1.0,-6036
22.534346904284064,13,1.0,-8126
22.534616682738516,14,3.0,-8404
22.534874490636795,17,1.0,-7097
22.536063856389855,17,2.0,-8001
22.538348948852413,11,13.0,8801
22.53887354659002,7,6.0,8817
22.539222690916073,5,7.0,0
22.54186335299567,14,4.0,-8116
22.543316919390236,14,1.0,-8370
22.54383246352793,15,1.0,-6226
22.544953876431922,13,1.0,-8492
22.54539279407431,7,2.0,8841
22.546034138191455,11,53.0,8814
22.54615044591733,15,2.0,-6198
22.546154149166462,8,2.0,8849
22.54843599778735,17,3.0,-5064
22.55013391529098,13,1.0,-8292
22.55121349522777,13,8.0,-8330
22.552910131751812,5,4.0,0
22.55329820600462,17,5.0,-1659
22.553812950821005,11,47.0,8854
22.554515679226668,13,1.0,-8394
22.555462855808756,13,1.0,-8141
22.556756089783395,5,3.0,0
22.55709831919456,17,5.0,-4709
22.55732990301649,14,2.0,-8147
22.55753288565827,15,2.0,-5866
22.559870021648564,5,3.0,0
22.560581397957485,13,2.0,-8107
22.561862490705384,13,3.0,-8384
22.56192408403295,5,2.0,0
22.565555631916826,16,2.0,5890
22.565667341722456,10,43.0,8864
22.565920100104485,16,2.0,2724
22.56700983616911,15,4.0,-6152
22.567067796506144,5,2.0,0
22.567224311187275,17,4.0,-7776
22.57060218832139,13,1.0,-8152
22.57137238682362,17,1.0,-1556
22.5724388568038,5,4.0,0
22.57276765257504,16,8.0,5468
22.57331772690614,14,1.0,-8452
22.573626451691858,13,1.0,-8296
22.573648823852736,17,2.0,-5937
22.574163602859517,13,3.0,-8335
22.57491476966236,16,11.0,160
22.57522258028825,13,1.0,-8342
22.575694920467736,13,1.0,-8352
22.576010925245946,14,1.0,-8346
22.576470630992286,15,5.0,-6048
22.576645235083635,15,1.0,-5760
22.576820022986638,13,7.0,-8333
22.577692341801725,14,2.0,-8363
22.577746190057855,5,3.0,0
22.577971699831405,5,3.0,0
22.578784128635736,13,1.0,-8263
22.5811946018882,16,3.0,4930
22.582788156162806,14,4.0,-8221
22.583251288079367,5,1.0,0
22.58555090921015,14,4.0,-8326
22.587122739135832,5,1.0,0
22.5873837439381,14,4.0,-8349
22.587859618723396,17,2.0,-5425
22.588904444477162,17,2.0,-4926
22.591001124400695,17,2.0,-6241
22.592051890815938,13,1.0,-8425
22.592264527531995,16,56.0,3900
22.592938884891296,17,1.0,-4443
22.59306721509035,17,1.0,-6959
22.593152213235015,17,28.0,-7367
22.5932201589368,16,2.0,4507
22.594319917647383,13,2.0,-8262
22.594798169154164,15,8.0,-6177
22.59570930775424,16,4.0,4513
22.59585365658397,16,8.0,3950
22.59729571507285,13,2.0,-8261
22.598081292023323,17,4.0,-4068
22.599227857513192,17,8.0,-4256
22.59932488059252,15,3.0,-6061
22.60405505740789,15,1.0,-6030
22.60496728870351,15,1.0,-6165
22.60496728870351,17,1.0,-6165
22.605335736261598,13,20.0,-8308
22.606195457033298,5,1.0,0
22.60648221021988,17,6.0,-8041
22.609061799782562,15,5.0,-5957
22.6094079224568,5,1.0,0
22.609591266831238,17,1.0,-6072
22.61017534433533,14,1.0,-8196
22.61153102466424,17,1.0,-6154
22.611540864404603,15,1.0,-5898
22.6117600258223,17,11.0,-2731
22.61229795556814,5,4.0,0
22.61295510128395,16,2.0,6645
22.613083852427742,15,2.0,-6039
22.614603312274696,15,1.0,-6223
22.614738358061256,14,2.0,-8237
22.614962884446268,6,4.0,8886
22.616194945593712,13,5.0,-8382
22.618459024629683,17,2.0,-4955
22.618711292738617,5,1.0,0
22.61985345912992,17,3.0,-6016
22.62022591274495,13,1.0,-8415
22.6203774144541,113,14.0,-8291
22.623611938918295,15,3.0,-6305
22.62396363763518,15,1.0,-5847
22.624931633735358,15,3.0,-6037
22.625542210649982,15,5.0,-6179
22.625542210649982,17,5.0,-6179
22.626032558447946,5,8.0,0
22.62642716943133,13,2.0,-8226
22.627193748282817,17,6.0,-7106
22.627385976643602,13,5.0,-8117
22.62873114945474,13,1.0,-8266
22.628910491885094,17,21.0,-4038
22.628965620342658,14,3.0,-8158
22.630477785000483,14,4.0,-8356
22.63055022662997,17,1.0,-4603
22.631178726762364,7,20.0,8858
22.63165044534487,5,6.0,0
22.632559202817234,16,3.0,7883
22.63320633317411,17,6.0,-4324
22.633436475568157,13,11.0,-8108
22.634733979582105,5,1.0,0
22.6353453071528,15,1.0,-6266
22.636282954910502,16,52.0,1361
22.63671646593577,15,5.0,-5797
22.637354149854207,5,30.0,0
22.639383000729104,15,4.0,-6087
22.640878650298976,17,5.0,-6658
22.641748334308538,17,3.0,-5300
22.64180412212006,15,6.0,-5933
22.64198651599901,17,3.0,-4779
22.642104374326177,17,5.0,-5408
22.64296806027898,17,3.0,-416
22.643300232962964,13,1.0,-8433
22.643778795032674,15,1.0,-5849
22.644504199348066,14,3.0,-8303
22.64489421386636,10,41.0,8872
22.645396805039347,17,8.0,-6839
22.645897248401077,17,3.0,-7937
22.64599814691207,13,3.0,-8494
22.646119662474003,13,5.0,-8386
22.64701730848204,17,1.0,-5016
22.649493032880013,17,18.0,-5349
22.65098193331807,14,5.0,-8420
22.65177710996655,15,3.0,-6172
22.652039874098197,15,4.0,-5925
22.65299266143358,15,2.0,-5904
22.653261018233465,13,2.0,-8202
22.654534253959937,16,4.0,5887
22.65494416606227,13,2.0,-8487
22.655075957711336,13,2.0,-8455
22.655412751264848,16,5.0,5017
22.655723263960567,14,5.0,-8361
22.655900171283722,15,2.0,-5980
22.657033463541655,17,4.0,-2823
22.65705089252226,9,3.0,8694
22.657147718537338,1,4.0,8892
22.658200068543582,13,1.0,-8371
22.659729606338928,14,1.0,-8254
22.660466421622086,15,4.0,-5999
22.66125736683344,17,9.0,-4264
22.661456734077422,14,3.0,-8416
22.66194018709652,17,3.0,-235
22.66265473735769,14,2.0,-8177
22.662973688450773,13,4.0,-8218
22.663114489168134,16,2.0,3007
22.663263002405404,7,1.0,8786
22.663931129396765,16,42.0,3433
22.665082207918882,15,2.0,-5796
22.667521065174164,6,3.0,8889
22.667836780441576,16,51.0,1255
22.66823109418225,17,2.0,-7561
22.66824902270332,17,1.0,-4054
22.66831312198216,7,3.0,8804
22.668410723322076,17,1.0,-5595
22.670048095299727,14,2.0,-8243
22.670229260000724,5,1.0,0
22.67034428276187,15,1.0,-6077
22.670809460372386,14,6.0,-8198
22.671119746425187,7,4.0,8828
22.671288188817712,13,2.0,-8157
22.672195213488767,14,1.0,-8489
22.67242681821375,13,1.0,-8134
22.6731333223052,5,5.0,0
22.673822332671918,15,3.0,-6288
22.674723234482258,16,11.0,4704
22.675048000702617,17,2.0,-4042
22.6750853936742,17,2.0,-4
22.675262483497033,14,1.0,-8176
22.675728651928218,15,4.0,-5911
22.67790223697392,15,3.0,-5979
22.677917493939432,15,8.0,-5888
22.678090513272554,15,2.0,-5826
22.67818354313457,16,5.0,6711
22.679775867447674,16,3.0,6962
22.679840129244006,11,43.0,8690
22.680084972044934,14,5.0,-8228
22.68118693400615,16,3.0,6531
22.681806922935728,14,8.0,-8163
22.682364660914335,13,1.0,-8310
22.682788699142872,13,1.0,-8358
22.68363622320901,13,1.0,-8297
22.6841802455016,15,3.0,-5822
22.684338877740966,15,1.0,-5929
22.684967244973357,5,2.0,0
22.68547386530494,15,2.0,-5841
22.685641632615475,16,21.0,638
22.68675186653984,13,1.0,-8232
22.689911873762732,16,8.0,4135
22.69016138607406,17,2.0,-5495
22.690534434958153,17,1.0,-2382
22.69192332832804,15,6.0,-6239
22.691941313592014,15,1.0,-6194
22.69202342788496,5,7.0,0
22.693018760382216,15,1.0,-5832
22.694721372704514,13,2.0,-8245
22.696918456675593,5,1.0,0
22.699427708532397,5,22.0,0
22.70001901561481,17,6.0,-6559
22.700034202998133,13,4.0,-8242
22.700694829312784,14,4.0,-8197
22.700694829312784,17,4.0,-8197
22.702226276872825,1,3.0,8893
22.70240918467433,7,1.0,8859
22.703177777891394,17,39.0,-4734
22.7036364905543,13,1.0,-8419
22.703784529107303,14,1.0,-8215
22.70415335749763,14,1.0,-8331
22.70415335749763,17,1.0,-8331
22.704942090383867,13,5.0,-8324
22.705945457528703,113,43.0,-8317
22.708208600068755,16,2.0,6816
22.708852421455845,5,2.0,0
22.709509265886055,17,4.0,-5467
22.709868529217655,16,6.0,7931
22.710799138991337,13,1.0,-8409
22.71143596938539,5,3.0,0
22.71149289218441,17,1.0,-5878
22.711688682569484,5,1.0,0
22.712053833696384,15,3.0,-6155
22.71384286276244,13,1.0,-8340
22.71384286276244,17,1.0,-8340
22.715349828445348,13,4.0,-8337
22.716859420606255,13,7.0,-8450
22.716996389043718,5,31.0,0
22.717456028727792,13,2.0,-8500
22.718289050856132,17,3.0,-3630
22.718330541434856,17,1.0,-7699
22.719672135991857,5,3.0,0
22.722868529060957,15,1.0,-5994
22.723696303093263,5,4.0,0
22.723801727898017,13,1.0,-8430
22.72556862619348,5,14.0,0
22.72568015819443,13,1.0,-8186
22.72582492413388,15,1.0,-6004
22.72582492413388,17,1.0,-6004
22.726720538895457,15,2.0,-5995
22.728487048135392,14,1.0,-8483
22.728542651950157,6,2.0,8877
22.72938119091384,17,1.0,-924
22.73013962271235,13,1.0,-8316
22.730172648785448,15,4.0,-5873
22.730806342056358,17,1.0,-2162
22.733731264101348,17,11.0,-5245
22.734038064094143,15,2.0,-6089
22.73412821911589,5,2.0,0
22.73474612183127,13,1.0,-8379
22.735198248258214,5,9.0,0
22.73520392044549,13,6.0,-8368
22.736013645926917,17,1.0,-4659
22.73662533304343,11,3.0,8847
22.737050723757893,17,2.0,-6635
22.737486706775528,14,3.0,-8257
22.737659117605475,16,9.0,6583
22.738076705124275,13,1.0,-8160
22.738076705124275,17,1.0,-8160
22.738506292001187,5,2.0,0
22.740159654048835,14,8.0,-8185
22.740787644383808,17,2.0,-6537
22.74157461266947,17,1.0,-1496
22.74158778939754,15,5.0,-6280
22.741798016221423,16,2.0,5655
22.74204011588633,15,8.0,-6230
22.742836880876354,16,53.0,618
22.74310424023792,17,3.0,-93
22.743492766193963,5,1.0,0
22.7439908135652,16,1.0,3301
22.744736813310553,15,1.0,-5813
22.745923285236596,14,2.0,-8201
22.750166386674884,16,3.0,5981
22.750971933192396,14,1.0,-8390
22.751451047494562,13,2.0,-8503
22.751738777859607,17,1.0,-146
22.752516671880986,16,5.0,6715
22.752634859032693,15,2.0,-6272
22.752663416092506,17,1.0,-7135
22.752678914974794,11,39.0,8839
22.752678914974794,16,39.0,8839
22.75273453653095,13,4.0,-8442
22.75273453653095,17,4.0,-8442
22.752755691075446,5,3.0,0
22.753904340681434,13,1.0,-8189
22.753904340681434,17,1.0,-8189
22.755282374825125,17,26.0,-2506
22.755557534865986,5,3.0,0
22.7560744609412,17,4.0,-5556
22.75613600287765,13,1.0,-8328
22.756974854161953,5,7.0,0
22.757940687956673,17,1.0,-8085
22.758089866807605,16,2.0,4738
22.75902227022358,10,4.0,8838
22.75933587199801,15,2.0,-6325
22.75964856654603,13,3.0,-8298
22.759744823303052,15,2.0,-5825
22.760421814891416,16,4.0,7331
22.761206069197875,14,1.0,-8212
22.761635810120886,17,2.0,-3749
22.762983578141096,15,2.0,-5855
22.763469635913353,16,2.0,6634
22.76363923162025,5,1.0,0
22.763777609382267,5,3.0,0
22.767729309409383,13,1.0,-8387
22.767729309409383,17,1.0,-8387
22.768839062834175,17,2.0,-4362
22.76944178385913,17,3.0,-3468
22.770976050124485,15,1.0,-5891
22.771904703376787,13,1.0,-8105
22.77597802404536,14,2.0,-8461
22.7761698896572,13,1.0,-8166
22.7761698896572,17,1.0,-8166
22.77618550655262,5,1.0,0
22.77665258277872,1,1.0,8894
22.777609338837046,15,2.0,-6186
22.778499019172077,17,1.0,-5506
22.77853154750113,17,1.0,-7209
22.779254008424637,15,1.0,-5856
22.780617267177504,17,1.0,-1249
22.780857441130134,5,3.0,0
22.781377019523788,13,2.0,-8246
22.784683826468385,15,2.0,-5800
22.785326888812673,14,10.0,-8427
22.785326888812673,17,10.0,-8427
22.785352790211284,14,5.0,-8319
22.785560355863772,17,3.0,-4982
22.78775429337376,17,2.0,-4444
22.78789382058526,13,2.0,-8281
22.78839332796174,14,3.0,-8348
22.788769067900986,15,2.0,-6157
22.790072129096693,14,4.0,-8447
22.791000365784065,11,7.0,8827
22.791930078354568,16,5.0,5542
22.794035987093658,17,3.0,-3585
22.79404992416272,13,4.0,-8277
22.794141512656466,15,4.0,-5802
22.79641504243484,13,1.0,-8432
22.798433398124214,5,4.0,0
22.79871017910098,17,2.0,-3373
22.79876233285546,14,4.0,-8476
22.79876233285546,17,4.0,-8476
22.798844843154885,17,4.0,-3525
22.799058260555594,15,1.0,-6323
22.79994989444263,13,6.0,-8378
22.80086102664464,15,1.0,-6253
22.800984586870488,17,2.0,-5003
22.80175820488695,15,5.0,-5889
22.801993756784317,15,5.0,-6102
22.80224440310009,15,4.0,-6100
22.802514024817427,16,4.0,6322
22.802973504811817,5,3.0,0
22.80626969573324,17,6.0,-6911
22.81291283259623,17,1.0,-7796
22.813423110871277,5,3.0,0
22.813444179637088,5,1.0,0
22.815199024378554,5,5.0,0
22.815644779605865,13,1.0,-8204
22.815644779605865,17,1.0,-8204
22.816425404373852,15,1.0,-6121
22.8164468766138,15,1.0,-6168
22.817006979492813,15,1.0,-6197
22.817106299136956,14,1.0,-8167
22.820361522061066,15,1.0,-6243
22.821945503927033,15,2.0,-6053
22.822320147856452,17,1.0,-6213
22.823441676662043,17,3.0,-602
22.82353843529435,13,1.0,-8200
22.823565112753567,14,2.0,-8300
22.825126804873467,5,3.0,0
22.827068378588866,17,8.0,-7071
22.827323698089998,1,6.0,8895
22.827371139372737,17,5.0,-6679
22.82946505717964,13,2.0,-8466
22.82995631625342,17,5.0,-4897
22.83029427375753,5,2.0,0
22.831744790223546,13,1.0,-8373
22.831744790223546,17,1.0,-8373
22.832689658874287,5,2.0,0
22.832986838714298,14,3.0,-8294
22.83338766070656,17,5.0,-6668
22.83349235839541,5,2.0,0
22.8365937824481,15,1.0,-5950
22.839273904669632,16,1.0,5972
22.840051218158795,17,3.0,-2081
22.841509757470778,17,2.0,-5910
22.841648060487106,15,1.0,-6060
22.841743669026137,17,1.0,-257
22.842816696533365,17,2.0,-805
22.842998539743757,13,15.0,-8267
22.842998539743757,17,15.0,-8267
22.843020189399315,13,1.0,-8444
22.843095577444505,15,1.0,-5769
22.84384527122111,13,2.0,-8264
22.84384527122111,17,2.0,-8264
22.8442167990516,15,4.0,-6332
22.844716712013476,17,2.0,-5164
22.84564503194209,5,20.0,0
22.84580272341355,15,1.0,-6298
22.84637852692925,16,1.0,8106
22.84700245815269,14,8.0,-8278
22.847207390470295,14,3.0,-8495
22.847346154181594,17,1.0,-5520
22.84807370952885,15,3.0,-5938
22.848368550044032,14,1.0,-8100
22.849280209312255,17,1.0,-2850
22.850392571265466,16,1.0,7839
22.85121761748648,14,3.0,-8123
22.852681704302793,13,1.0,-8471
22.852681704302793,17,1.0,-8471
22.85553394051057,13,2.0,-8156
22.85592924662305,17,6.0,-3319
22.85714937647339,5,2.0,0
22.8575611758359,15,1.0,-5922
22.858177317629885,17,2.0,-2538
22.85919547853946,5,2.0,0
22.859585034035668,14,2.0,-8325
22.861603509904583,15,7.0,-6017
22.861686500687092,15,2.0,-5810
22.861961772724015,113,44.0,-8279
22.863483952768714,17,15.0,-1019
22.86412908615327,15,2.0,-6322
22.864496548900792,17,2.0,-5688
22.864510899843232,17,2.0,-6643
22.865284284220113,13,1.0,-8307
22.865420477013494,14,3.0,-8115
22.865636964279386,13,1.0,-8380
22.865636964279386,17,1.0,-8380
22.866042238941024,13,1.0,-8431
22.86616112905334,13,2.0,-8501
22.866388251276895,16,2.0,2595
22.867441859159072,5,3.0,0
22.86810173795423,5,4.0,0
22.868140952340504,13,1.0,-8135
22.86867596582675,17,2.0,-2600
22.86949222461243,13,1.0,-8413
22.870514471732992,15,3.0,-5965
22.87059126655215,15,2.0,-6192
22.871485683489354,17,2.0,-310
22.871627735003685,14,6.0,-8345
22.87271076764516,15,1.0,-5974
22.874232914612378,13,2.0,-8401
22.874232914612378,17,2.0,-8401
22.87444314875897,5,5.0,0
22.87623237509566,15,2.0,-5871
22.877072130778465,14,2.0,-8388
22.877101273216002,1,4.0,8896
22.877623390342148,15,1.0,-5872
22.878551324463807,13,2.0,-8195
22.879040261497753,16,5.0,4953
22.88114841842805,17,1.0,-625
22.88132354402981,5,1.0,0
22.882443437161495,17,1.0,-6415
22.883081901306312,17,1.0,-6011
22.88410833537997,16,1.0,1877
22.884557173235027,16,3.0,629
22.884711707155567,14,1.0,-8286
22.884967565799325,14,40.0,-8165
22.885055746524465,14,3.0,-8391
22.887220586267,15,3.0,-6110
22.888171558100737,16,4.0,4575
22.888219761353092,14,3.0,-8164
22.888259390181258,5,1.0,0
22.888649430094723,113,35.0,-8485
22.888940166233745,16,5.0,6454
22.89124538549707,14,1.0,-8293
22.8921486907083,15,2.0,-5932
22.892731983724182,17,3.0,-6932
22.89285466831412,15,40.0,-6307
22.89291806315966,15,2.0,-5884
22.892988946799726,16,1.0,7970
22.894270171826864,14,8.0,-8247
22.89459837378715,16,2.0,5895
22.895013199745915,14,3.0,-8377
22.896107341226603,14,3.0,-8400
22.89627282109282,15,6.0,-5978
22.896369626244987,14,3.0,-8397
22.896369626244987,17,3.0,-8397
22.896455663501257,5,4.0,0
22.89668858112411,6,2.0,8881
22.89996236373274,113,56.0,-8457
22.900930599877416,5,4.0,0
22.902252551669555,17,1.0,-6958
22.902268297000724,5,3.0,0
22.907341745068198,14,5.0,-8299
22.90769605851836,13,2.0,-8142
22.908037420229753,15,17.0,-6143
22.908645452620895,6,2.0,8888
22.91051101824525,13,1.0,-8234
22.910996601480395,5,1.0,0
22.911063718166147,14,2.0,-8429
22.912278769659174,17,1.0,-5839
22.912350496698963,16,47.0,932
22.9140663201662,15,3.0,-6028
22.914175880982732,13,1.0,-8441
22.91470685980934,14,4.0,-8096
22.916066690053935,15,2.0,-6304
22.916066690053935,17,2.0,-6304
22.91677959136269,17,1.0,-368
22.91684209752928,15,1.0,-6338
22.91689121419915,15,1.0,-6150
22.917112125835974,13,1.0,-8119
22.917112125835974,17,1.0,-8119
22.918312135630934,14,3.0,-8253
22.919465451084275,13,1.0,-8385
22.92015375547621,13,3.0,-8458
22.920236420312392,13,10.0,-8421
22.92088791131443,5,1.0,0
22.920894108860733,15,3.0,-6076
22.921201823306685,15,5.0,-5754
22.9213775383058,17,1.0,-6797
22.922493836630686,17,1.0,-2332
22.923530618115198,14,1.0,-8334
22.924483233319688,5,6.0,0
22.926500264708032,13,1.0,-8437
22.92653587997452,14,4.0,-8480
22.927021819227615,15,6.0,-6258
22.92832939534435,5,10.0,0
22.9288059830132,17,3.0,-2895
22.92923613771486,5,4.0,0
22.929645909912892,14,4.0,-8435
22.930908410356107,13,1.0,-8486
22.930908410356107,17,1.0,-8486
22.932870721211142,13,4.0,-8149
22.934061463995327,15,2.0,-6107
22.9341055524233,15,2.0,-6173
22.93414375174487,13,1.0,-8274
22.93463700667377,5,6.0,0
22.934640343181357,13,9.0,-8244
22.935089139431074,5,3.0,0
22.935794781706868,15,4.0,-6068
22.936540753555615,16,6.0,5815
22.93678102437331,15,2.0,-6057
22.936839918966683,15,4.0,-6116
22.93745197582667,15,2.0,-5814
22.937686813471494,5,2.0,0
22.938133671852523,5,4.0,0
22.939522342991705,13,1.0,-8127
22.93958438593536,113,33.0,-8224
22.939703056849627,5,12.0,0
22.942430594897026,15,11.0,-6185
22.942576954514248,15,1.0,-5842
22.943046296458864,17,1.0,-2101
22.94306559631188,7,4.0,8800
22.94352739587549,14,15.0,-8481
22.943687308720484,15,2.0,-6118
22.943789050632244,6,4.0,8862
22.943864716696815,17,1.0,-3996
22.944802494688982,17,1.0,-6376
22.947040565953415,13,1.0,-8241
22.947042599971404,17,5.0,-3661
22.947378544551615,16,48.0,4177
22.94774901817212,15,1.0,-6337
22.949116561727543,15,1.0,-6119
22.950397078854476,5,1.0,0
22.95084884268459,5,2.0,0
22.951126128736597,14,4.0,-8323
22.952741152115784,17,3.0,-7644
22.95280083562914,13,1.0,-8175
22.953268514504938,5,4.0,0
22.95401092214516,15,2.0,-6134
22.955031134430094,7,3.0,8867
22.9553901690623,1,3.0,8897
22.955824149158246,17,12.0,-3024
22.95764334117732,14,29.0,-8321
22.958284284994036,15,1.0,-5791
22.958572263277986,15,3.0,-6091
22.958604635476096,13,3.0,-8179
22.958640286451256,5,3.0,0
22.959390461009804,14,5.0,-8269
22.95950889055015,5,4.0,0
22.959569026150312,16,3.0,5160
22.960012684825738,14,3.0,-8372
22.96092169860155,5,11.0,0
22.961159296501208,15,4.0,-6042
22.961385704693797,17,2.0,-5579
22.961992926862145,15,2.0,-6047
22.962010374576558,15,3.0,-5915
22.96226039441059,17,2.0,-7512
22.962672316102072,17,11.0,-1489
22.96309708893385,13,5.0,-8399
22.964575517302137,8,8.0,8853
22.965788510742435,17,1.0,-2751
22.966619867329968,15,10.0,-6207
22.968102523690696,13,1.0,-8360
22.96896895076161,13,4.0,-8171
22.970101515099902,15,1.0,-5807
22.97011377173774,15,4.0,-6275
22.97084006694925,17,7.0,-3217
22.97143322986916,15,6.0,-5988
22.971502999579542,13,17.0,-8124
22.971512235360898,17,1.0,-5939
22.97224091737376,15,1.0,-6174
22.972838955538233,5,3.0,0
22.97312370036034,15,3.0,-6335
22.973360707602904,14,1.0,-8338
22.97418713495451,14,3.0,-8104
22.975027908620245,13,1.0,-8445
22.975514589399648,15,2.0,-5986
22.976240579164994,15,4.0,-6148
22.976240579164994,17,4.0,-6148
22.976620991510657,17,6.0,-5909
22.976906233155802,16,1.0,6260
22.97775312873888,15,5.0,-5876
22.978064304278885,17,3.0,-7878
22.978372257754692,14,1.0,-8301
22.978504573365274,15,9.0,-5853
22.97921062350357,17,5.0,-809
22.98104638676527,16,6.0,5462
22.982043622689105,17,3.0,-3088
22.98268975710971,1,3.0,8898
22.98344674901259,17,1.0,-7291
22.98362528905726,15,3.0,-5892
22.98376135742328,5,4.0,0
22.98436477072816,17,1.0,-6098
22.984556781537467,13,4.0,-8137
22.98572693750185,5,9.0,0
22.985773786571244,16,14.0,3737
22.986193292138257,15,1.0,-6201
22.986193292138257,17,1.0,-6201
22.986693929489594,13,4.0,-8488
22.98708331559077,17,2.0,-5384
22.987084187245703,5,7.0,0
22.98709399190628,15,5.0,-5836
22.987232452277876,17,2.0,-2050
22.987400608424213,5,1.0,0
22.988984054708276,17,1.0,-4330
22.98945496179363,16,7.0,3913
22.99010576553727,17,1.0,-1029
22.990273327162157,5,1.0,0
22.990512147624507,13,1.0,-8283
22.99415201215821,13,2.0,-8208
22.994641751521414,5,15.0,0
22.995534385891347,5,2.0,0
22.996365006855637,17,7.0,-6694
22.996808065435218,15,4.0,-6191
22.997590794039017,14,1.0,-8268
22.997590794039017,17,1.0,-8268
22.998432338019587,16,5.0,6796
22.998693626372347,6,2.0,8880
22.99894217214984,17,1.0,-788
23.002060138022333,15,10.0,-6349
23.002782901360312,13,1.0,-8595
23.003296214355455,13,7.0,-8528
23.004340465094813,15,4.0,-6898
23.00635158245867,13,2.0,-8601
23.006637615796098,15,1.0,-6452
23.007714199192858,14,3.0,-8726
23.01003094549863,14,1.0,-8727
23.011369183406643,14,4.0,-8701
23.01158942871219,14,3.0,-8866
23.011910315496596,13,1.0,-8574
23.01225456705238,15,1.0,-6460
23.012276900998263,15,1.0,-6500
23.012406261764852,5,5.0,0
23.012777478398956,5,1.0,0
23.014616682024972,5,3.0,0
23.014780467486773,16,5.0,3727
23.016898050733026,15,1.0,-6831
23.01757138674405,15,1.0,-6832
23.017825963077215,13,1.0,-8540
23.017914805014083,6,3.0,8897
23.018786145040284,15,1.0,-6470
23.01932552628543,10,2.0,8823
23.020812719954954,7,4.0,8829
23.02169435010513,13,1.0,-8724
23.022260874568737,15,1.0,-6490
23.023040030828476,17,1.0,-20
23.02308518689116,5,2.0,0
23.02408430766352,18,,0
23.02412798839557,103,40.0,8899
23.02415089104364,13,1.0,-8659
23.024245074758888,15,1.0,-6507
23.025128877064923,5,3.0,0
23.027376630664524,9,5.0,8651
23.028792411278797,14,3.0,-8844
23.028829926013884,15,2.0,-6766
23.029124442571426,13,3.0,-8766
23.029269483478256,14,7.0,-8516
23.029277376619397,13,13.0,-8765
23.032323417566058,17,1.0,-6088
23.035473577898852,15,2.0,-6606
23.035914485991015,15,2.0,-6534
23.03780663825302,7,1.0,8876
23.038313956320096,15,1.0,-6719
23.03854064289491,13,6.0,-8908
23.039161136984482,14,1.0,-8672
23.040642187157268,13,1.0,-8800
23.042088957205536,13,2.0,-8531
23.04311239738693,13,3.0,-8523
23.044316258274264,15,9.0,-6484
23.044869731020942,13,2.0,-8783
23.045683920344885,15,5.0,-6401
23.048299579558865,9,57.0,8848
23.048319449311766,16,2.0,3067
23.048907608685905,5,1.0,0
23.049843814391885,113,27.0,-8763
23.049951208956212,5,5.0,0
23.05079869070038,15,1.0,-6731
23.051217552300574,16,7.0,2821
23.05167989565555,13,4.0,-8578
23.055824080332872,13,2.0,-8558
23.05623037763243,13,2.0,-8632
23.056368010492445,14,2.0,-8631
23.05806529128694,5,4.0,0
23.058412900280793,16,2.0,6964
23.060584128379116,113,27.0,-8511
23.061326166893544,5,3.0,0
23.062355812345253,16,4.0,6431
23.06304332974806,5,1.0,0
23.063406118308674,13,1.0,-8567
23.063560875037844,13,1.0,-8896
23.064337926406974,14,26.0,-8853
23.064694385332224,16,6.0,2690
23.06553728703704,13,1.0,-8563
23.066361701623883,16,15.0,5324
23.066952447894153,5,14.0,0
23.067294112039857,5,18.0,0
23.06747647884318,14,1.0,-8733
23.068618651010038,13,2.0,-8754
23.068809865474268,17,1.0,-1729
23.069006840729404,16,8.0,5190
23.069567545795095,16,14.0,3222
23.06980289824581,14,1.0,-8642
23.070922615835585,15,3.0,-6781
23.070922615835585,17,3.0,-6781
23.071000280852637,13,3.0,-8872
23.071893754091164,14,4.0,-8556
23.07258294882448,14,3.0,-8526
23.072767508447832,15,1.0,-6348
23.0747729461345,5,9.0,0
23.076398120831588,5,2.0,0
23.07894756865005,13,3.0,-8883
23.078985755496557,14,3.0,-8521
23.07936351412972,15,7.0,-6566
23.08075778132752,14,3.0,-8628
23.081607390831454,15,3.0,-6361
23.082323747574932,17,4.0,-2019
23.083754347052665,5,1.0,0
23.083865305335397,15,1.0,-6483
23.084244346624462,5,2.0,0
23.086430537867088,16,42.0,2543
23.089202263905243,16,2.0,7420
23.08982564257399,15,1.0,-6410
23.09256795236297,7,2.0,8825
23.093410529366427,15,4.0,-6562
23.095338102917164,13,2.0,-8885
23.1003599227223,15,1.0,-6618
23.10128094252295,7,6.0,8746
23.10175155460395,13,1.0,-8676
23.103037088939477,13,2.0,-8798
23.103555610901612,13,3.0,-8771
23.104628996480784,13,1.0,-8863
23.105531717366624,17,2.0,-2240
23.106396635207705,16,44.0,5200
23.106571189373224,7,3.0,8878
23.107783409498257,15,5.0,-6596
23.107783409498257,17,5.0,-6596
23.109151695400122,16,15.0,3518
23.1093811608254,5,29.0,0
23.110005196573187,16,5.0,1742
23.110066241983322,6,11.0,8870
23.11120773553692,15,2.0,-6854
23.112351852108002,7,1.0,8845
23.1134875377761,1,24.0,8900
23.117741476883644,13,30.0,-8643
23.118604786320656,15,7.0,-6609
23.11947105764853,13,8.0,-8821
23.120078527963976,13,3.0,-8525
23.120747196071168,13,3.0,-8778
23.12106399321604,5,2.0,0
23.121840665694258,11,18.0,8791
23.122325011922765,15,3.0,-6773
23.12264134496204,17,1.0,-1271
23.123289570928844,14,7.0,-8774
23.12595704177882,5,1.0,0
23.12658708598329,113,42.0,-8770
23.12703084642991,14,2.0,-8678
23.12817470076638,14,2.0,-8878
23.128479142868017,5,3.0,0
23.128945490506304,15,2.0,-6825
23.12937812085594,15,1.0,-6809
23.129588009856004,16,1.0,5696
23.13088536145685,13,4.0,-8713
23.132054023711646,14,3.0,-8505
23.133946251214457,5,18.0,0
23.134285080234015,15,1.0,-6833
23.135228281628912,14,3.0,-8794
23.135228405674223,13,1.0,-8796
23.135653551591933,12,40.0,8899
23.137008658665632,13,3.0,-8752
23.137036730454106,13,1.0,-8813
23.137109371786245,5,2.0,0
23.137281394176984,15,7.0,-6778
23.137693280476533,16,5.0,6264
23.137846972099027,5,2.0,0
23.139017527503924,5,3.0,0
23.13977581443099,16,21.0,4089
23.14083854218629,17,2.0,-1001
23.142164557077834,15,1.0,-6518
23.142534453917857,17,2.0,-549
23.14258363936871,5,2.0,0
23.142592949388725,14,2.0,-8715
23.14510903376783,10,8.0,8890
23.145564672145316,16,11.0,5005
23.147015061575573,5,5.0,0
23.147560486535635,16,18.0,1120
23.14855846611498,15,3.0,-6878
23.1509531025429,14,4.0,-8551
23.15417928494115,10,9.0,8885
23.15437538810664,15,6.0,-6835
23.15437538810664,17,6.0,-6835
23.154559467655098,16,3.0,8048
23.15460042636535,15,1.0,-6350
23.155020445631997,14,4.0,-8637
23.155247551731595,15,6.0,-6355
23.156027038979193,17,1.0,-1299
23.15605693773392,15,3.0,-6657
23.15888129967442,17,3.0,-2375
23.15893361640671,15,1.0,-6611
23.160138361104718,17,2.0,-713
23.161430167253535,16,7.0,8297
23.161802648190893,13,16.0,-8828
23.16211651085291,5,1.0,0
23.165001901049102,13,1.0,-8534
23.165009540509768,15,7.0,-6384
23.165915325895956,6,1.0,8863
23.165937975735513,5,1.0,0
23.166224266804935,5,4.0,0
23.166518299626038,15,2.0,-6489
23.166622628681285,15,1.0,-6549
23.166895930634983,14,3.0,-8877
23.168206240895888,15,2.0,-6807
23.168668264201777,5,2.0,0
23.169470046322143,15,6.0,-6580
23.171787120068313,13,2.0,-8547
23.172185848759757,15,4.0,-6522
23.17299404803581,15,6.0,-6749
23.173576887927616,13,8.0,-8734
23.175944867280105,13,3.0,-8683
23.176468382793114,13,1.0,-8634
23.176532859161224,5,5.0,0
23.177699792383788,17,1.0,-2930
23.177834837524767,7,5.0,8842
23.178064382448856,15,7.0,-6790
23.178773054900553,13,2.0,-8891
23.179625475656618,13,1.0,-8780
23.180232219422976,14,6.0,-8748
23.180567894885005,15,1.0,-6622
23.180813977488455,15,8.0,-6853
23.180813977488455,17,8.0,-6853
23.181210749975172,5,10.0,0
23.181651863780452,5,3.0,0
23.182517629433086,5,3.0,0
23.1825567796462,14,2.0,-8582
23.18421783869612,15,2.0,-6914
23.184769469202447,14,6.0,-8695
23.18552319638058,15,2.0,-6513
23.18848652280639,13,1.0,-8648
23.18880553548894,5,2.0,0
23.189857572129764,16,6.0,2105
23.19125474381516,6,6.0,8895
23.1928788788918,14,3.0,-8509
23.19390968271277,15,2.0,-6801
23.194715135178058,15,3.0,-6383
23.196825024252483,5,1.0,0
23.200504306114055,6,3.0,8898
23.200554669000496,14,2.0,-8761
23.202511844220922,15,2.0,-6356
23.203013420695758,16,3.0,4650
23.203614263142537,14,4.0,-8514
23.204426965041865,13,1.0,-8735
23.205298705538645,13,2.0,-8881
23.205662942786063,13,1.0,-8600
23.206510525444113,113,34.0,-8913
23.20678094050215,13,2.0,-8708
23.206970167664885,13,2.0,-8565
23.20939840414262,17,1.0,-5897
23.210302798015903,16,5.0,6656
23.211030676005524,14,10.0,-8564
23.213098266827604,13,1.0,-8686
23.213218858294535,5,4.0,0
23.2134090374764,13,1.0,-8804
23.214225520944346,5,3.0,0
23.215808139655685,16,1.0,4948
23.216579346865075,14,3.0,-8831
23.217265478463023,13,1.0,-8710
23.218617932207845,15,1.0,-6725
23.218933715964777,15,1.0,-6889
23.221534536748017,5,1.0,0
23.222228827591792,5,1.0,0
23.222357301465173,5,18.0,0
23.223672237393146,5,7.0,0
23.22443424673563,13,8.0,-8612
23.22563695467645,7,2.0,8700
23.22958394879332,5,3.0,0
23.23095802880432,17,1.0,-1172
23.232895780366228,17,2.0,-4058
23.234476599499317,14,4.0,-8513
23.234716695240678,17,1.0,-221
23.234774165250244,14,2.0,-8536
23.23538318834585,14,5.0,-8889
23.2356602847401,5,9.0,0
23.23794368829111,5,3.0,0
23.242043210765004,16,25.0,7108
23.242135496119314,5,6.0,0
23.242488878022197,5,3.0,0
23.242854577753334,15,8.0,-6564
23.24346826342783,14,1.0,-8571
23.24439585931578,13,4.0,-8591
23.24531606846916,6,3.0,8820
23.245370581570228,13,5.0,-8552
23.246068811784966,16,2.0,5010
23.24650441508915,13,1.0,-8786
23.24820093341123,5,4.0,0
23.248727573728683,14,19.0,-8677
23.25138167326003,13,1.0,-8638
23.252114690253617,15,8.0,-6617
23.25219832445306,7,1.0,8777
23.254292632756854,14,39.0,-8707
23.25612025868923,14,5.0,-8811
23.25714414921947,5,4.0,0
23.25887680335905,15,1.0,-6363
23.258945692999845,16,8.0,3899
23.2595580930638,14,7.0,-8711
23.26030588873802,15,1.0,-6565
23.26051910995721,5,2.0,0
23.261944092674025,16,4.0,7909
23.262647022685535,17,2.0,-4076
23.263619689658288,13,2.0,-8535
23.26377552654534,14,3.0,-8843
23.26412381810342,15,4.0,-6872
23.264887960481815,17,3.0,-1726
23.265736691439894,11,16.0,8818
23.266414884478547,113,25.0,-8647
23.266949658671802,15,2.0,-6481
23.266983696535412,13,2.0,-8660
23.267698036391966,15,3.0,-6444
23.268497050545037,13,2.0,-8698
23.26933759913381,17,4.0,-5328
23.273321390489215,15,26.0,-6404
23.273775401802762,17,1.0,-4060
23.27550845214823,13,3.0,-8879
23.2761393856686,13,1.0,-8787
23.27685296435476,13,1.0,-8545
23.277463680258705,5,7.0,0
23.279630469061942,15,4.0,-6421
23.282012424142,15,8.0,-6516
23.284118915156693,3,46.0,8901
23.2841941707387,13,6.0,-8542
23.286202228376307,14,4.0,-8824
23.286227220293195,14,7.0,-8772
23.286330351869392,13,2.0,-8610
23.286357382876886,17,2.0,-2000
23.28727242703023,16,2.0,2391
23.288389848903464,16,2.0,6726
23.290508886296156,13,1.0,-8599
23.290636393072976,13,1.0,-8871
23.291354829473754,15,1.0,-6536
23.29154722453695,17,1.0,-2978
23.29161685781916,5,2.0,0
23.29167580782357,13,5.0,-8868
23.294140569130228,13,6.0,-8654
23.29425539963085,17,2.0,-4923
23.294680602545007,16,3.0,5169
23.29746969072225,15,4.0,-6473
23.298268479687717,5,21.0,0
23.29833039469655,5,9.0,0
23.29848032415536,17,2.0,-4269
23.29896673087041,17,4.0,-1097
23.299020345208433,14,2.0,-8598
23.300175983587042,15,2.0,-6841
23.301464887740284,5,2.0,0
23.30163106838465,14,3.0,-8730
23.302047437295673,14,3.0,-8645
23.30230704816441,15,3.0,-6696
23.302656039707617,14,5.0,-8820
23.303064245212088,16,3.0,8029
23.30345217372621,15,1.0,-6552
23.304087031289015,5,7.0,0
23.30462603535189,17,3.0,-3313
23.304932823109393,15,3.0,-6442
23.305070743096174,5,5.0,0
23.30555313845313,5,1.0,0
23.305572942994335,8,6.0,8843
23.306557964296196,14,9.0,-8661
23.30670294683383,16,24.0,4848
23.307031016693617,13,3.0,-8546
23.308230104370114,15,24.0,-6716
23.30911603747411,17,4.0,-1036
23.30948423746002,17,7.0,-2937
23.310711462816364,13,6.0,-8775
23.3117175009051,15,1.0,-6836
23.314236184245598,15,10.0,-6604
23.314370211913648,16,8.0,7567
23.31522045196398,13,16.0,-8795
23.31551316593086,17,29.0,-3394
23.315652192918837,7,2.0,8821
23.319057111512347,13,2.0,-8533
23.320328391411785,16,13.0,5207
23.320885219524403,13,3.0,-8849
23.32364767489358,16,1.0,6541
23.324226041426893,5,5.0,0
23.324321393482105,13,1.0,-8909
23.3252161115577,17,2.0,-4733
23.325311922393205,17,2.0,-3286
23.32538206252273,15,1.0,-6346
23.32563554442872,15,5.0,-6662
23.32571884571116,14,2.0,-8675
23.325820883105628,14,1.0,-8901
23.326335135642466,5,2.0,0
23.32642551587277,15,2.0,-6582
23.326782773298856,5,3.0,0
23.326972078320455,13,1.0,-8785
23.327005765967378,5,2.0,0
23.32803278220727,14,6.0,-8590
23.328102933642704,17,1.0,-1227
23.33091098886225,13,1.0,-8911
23.33092117311987,13,11.0,-8751
23.331920320338764,15,2.0,-6487
23.332727988889083,13,2.0,-8589
23.336484799968126,14,6.0,-8864
23.33701998334112,13,1.0,-8888
23.33705982117889,16,7.0,5258
23.337607835610545,15,6.0,-6711
23.3390698471689,5,3.0,0
23.3409867974093,15,1.0,-6351
23.34260738648002,15,11.0,-6813
23.342901699755323,5,9.0,0
23.343407282294358,16,3.0,2157
23.34372797086775,15,23.0,-6554
23.344168522272625,16,5.0,6889
23.344363340209124,5,1.0,0
23.344578050814775,17,11.0,-5533
23.345464038842337,15,3.0,-6900
23.3460771703006,5,3.0,0
23.34704895262011,15,2.0,-6574
23.35203263192758,13,5.0,-8681
23.352297968321956,16,15.0,1744
23.35325469012779,17,3.0,-3305
23.354702606357137,7,4.0,8767
23.35520296050787,6,2.0,8883
23.355286778044267,5,4.0,0
23.356163324832565,15,1.0,-6689
23.356738387971845,5,4.0,0
23.357408759036876,14,3.0,-8673
23.35747260421339,14,2.0,-8790
23.35748769886417,14,3.0,-8668
23.358714257570544,15,1.0,-6745
23.36011691430141,14,2.0,-8532
23.360306797902314,16,1.0,6447
23.36133700671173,16,10.0,1607
23.36174786064849,6,1.0,8894
23.36178821250626,13,3.0,-8805
23.3623993097208,15,2.0,-6578
23.363743128220886,16,4.0,2404
23.366825519196873,13,3.0,-8537
23.367411183876108,13,5.0,-8559
23.370777475055636,13,1.0,-8539
23.3721752373266,14,2.0,-8860
23.37277620050459,13,1.0,-8621
23.372967817027213,13,1.0,-8685
23.373821778841116,15,5.0,-6784
23.373841024779686,13,1.0,-8884
23.377329835017736,13,1.0,-8561
23.377571485932826,15,1.0,-6862
23.379957504630525,13,2.0,-8702
23.380662105249584,14,4.0,-8524
23.38321638568837,1,1.0,8902
23.38348085212996,10,5.0,8882
23.383732430191493,17,3.0,-898
23.384154157915443,14,4.0,-8602
23.386950510296863,15,1.0,-6644
23.387723982442346,15,1.0,-6888
23.38797038674354,15,1.0,-6765
23.38845061540294,16,2.0,4033
23.388592169382303,16,1.0,5835
23.3898159785877,5,3.0,0
23.396408962840344,16,3.0,8625
23.397843477418146,5,3.0,0
23.39802353137278,17,2.0,-4538
23.39812300057722,17,2.0,-3303
23.398608993989715,15,18.0,-6608
23.398834294255295,16,3.0,6063
23.399873986873025,17,3.0,-1833
23.400584795308294,15,2.0,-6760
23.402204484506107,14,3.0,-8803
23.40244791445909,17,16.0,-1479
23.402557040948516,17,7.0,-2617
23.403664749890176,15,10.0,-6420
23.404294150623105,17,2.0,-2778
23.405684527212877,15,1.0,-6428
23.405905383240526,15,36.0,-6561
23.406652959684457,14,1.0,-8788
23.40717076740172,17,4.0,-5496
23.40775482494568,15,1.0,-6624
23.41005976932684,5,1.0,0
23.41097127137031,15,3.0,-6364
23.411347818890896,6,3.0,8869
23.41153019899077,14,1.0,-8861
23.41198374568267,15,1.0,-6736
23.413074452673527,5,2.0,0
23.413310946355928,15,2.0,-6342
23.41446246520517,13,3.0,-8806
23.41557597076202,14,28.0,-8650
23.416310336417848,17,20.0,-5187
23.416619818229435,17,2.0,-2785
23.416935065943605,16,3.0,4523
23.41885913788067,5,3.0,0
23.419455557700683,17,3.0,-3965
23.42064376310454,14,1.0,-8653
23.422599924889457,13,2.0,-8614
23.423075019611257,15,1.0,-6794
23.423801923345813,17,4.0,-2202
23.42430191248701,113,43.0,-8538
23.424698920667055,5,2.0,0
23.425253416250296,15,3.0,-6724
23.425443931659437,15,2.0,-6899
23.426038456570982,7,4.0,8721
23.427174714551708,10,5.0,8831
23.427267025892636,13,1.0,-8725
23.42878571694126,13,2.0,-8793
23.430894152292343,5,1.0,0
23.43106332877418,16,25.0,2150
23.431258786560566,13,1.0,-8663
23.431753160517026,13,1.0,-8838
23.43224924050274,15,5.0,-6733
23.432352685505393,6,3.0,8855
23.433617512748214,13,1.0,-8570
23.433737617031685,14,4.0,-8682
23.433974284251736,15,1.0,-6656
23.434614469394948,13,5.0,-8581
23.434889848843213,13,1.0,-8608
23.43502451842389,17,6.0,-2730
23.435518702101874,13,1.0,-8623
23.436687456188384,15,2.0,-6779
23.437150076418895,13,23.0,-8652
23.438259253995504,15,1.0,-6751
23.43866066949777,4,57.0,8903
23.43948094091749,15,3.0,-6654
23.440758563847222,14,12.0,-8669
23.44182516293636,17,1.0,-505
23.44360594880463,13,1.0,-8706
23.444547432752557,17,2.0,-4651
23.44471825098461,11,2.0,8808
23.445029439069604,13,1.0,-8743
23.446399601143327,15,1.0,-6880
23.446710392363965,14,2.0,-8617
23.447114396964317,5,2.0,0
23.447278618818114,15,1.0,-6395
23.44778098557068,5,2.0,0
23.44820890085563,5,10.0,0
23.448471143669668,13,2.0,-8630
23.449417152896622,15,1.0,-6631
23.450121733827146,5,5.0,0
23.450253085903714,5,4.0,0
23.45073075426474,13,19.0,-8835
23.454790732486522,13,5.0,-8745
23.454911736798284,15,2.0,-6464
23.45614619925707,15,2.0,-6748
23.456160974610157,13,5.0,-8640
23.45688505014947,5,4.0,0
23.459144529124266,13,2.0,-8718
23.4626708754533,16,52.0,4035
23.463208034870604,13,2.0,-8756
23.46377981181031,5,2.0,0
23.46399569359185,15,2.0,-6885
23.46450154185263,5,4.0,0
23.465344003180537,1,6.0,8904
23.465869754279026,17,1.0,-3953
23.466575353760017,15,1.0,-6551
23.466594564395816,13,1.0,-8741
23.466610473512294,5,2.0,0
23.46668301581926,14,2.0,-8619
23.46678680258183,17,1.0,-3948
23.468735441413994,13,1.0,-8856
23.469035680027627,5,2.0,0
23.46995948456324,15,5.0,-6703
23.470861234163173,13,3.0,-8850
23.47226855874865,13,3.0,-8541
23.472417353268565,5,8.0,0
23.472985544795034,15,2.0,-6858
23.473073908025487,5,5.0,0
23.473443697149005,1,2.0,8905
23.476628824597007,5,5.0,0
23.476912512994033,14,2.0,-8611
23.477309280559425,16,5.0,3070
23.47850305064478,16,1.0,7278
23.4789495053056,17,1.0,-5397
23.479474530083035,13,13.0,-8572
23.48053931429862,16,41.0,2170
23.480913111904883,13,1.0,-8912
23.48144907333681,17,2.0,-977
23.482093362748333,5,2.0,0
23.482162747383292,5,2.0,0
23.482170754196,13,6.0,-8887
23.482561338684683,16,50.0,1900
23.483028518352967,13,5.0,-8880
23.483114554553758,16,8.0,1646
23.483333048003345,14,1.0,-8519
23.483414387305434,15,1.0,-6780
23.48357181258461,15,6.0,-6431
23.48529117627944,14,5.0,-8622
23.485733899001005,5,3.0,0
23.488754455707124,17,1.0,-3258
23.49054268617875,14,1.0,-8836
23.49060718948012,14,4.0,-8719
23.49290788866885,5,1.0,0
23.493225201253725,13,2.0,-8723
23.493267221182226,14,1.0,-8791
23.493758183450947,15,1.0,-6542
23.49592647714472,15,1.0,-6550
23.497100851696942,14,1.0,-8907
23.497212620587227,13,3.0,-8865
23.500045319916342,5,2.0,0
23.500811618960658,9,53.0,8608
23.501714833992384,5,13.0,0
23.50291918717731,15,2.0,-6655
23.503186467439644,15,2.0,-6690
23.504020431249888,13,1.0,-8737
23.50442597287931,16,3.0,2706
23.504989081635994,13,3.0,-8626
23.5055564012429,16,1.0,7609
23.50751833570397,17,7.0,-2649
23.50850372189999,17,1.0,-7505
23.51076785705142,9,6.0,8856
23.51098752559172,17,2.0,-7004
23.51133570479398,15,1.0,-6369
23.511525725305315,15,1.0,-6553
23.511783674031356,13,3.0,-8812
23.511995986122926,9,6.0,8843
23.51259357884527,17,1.0,-7894
23.512864117424737,5,3.0,0
23.51562761779313,17,1.0,-2673
23.51635712567126,15,3.0,-6770
23.516429344220292,13,1.0,-8827
23.51661619739843,16,13.0,1537
23.517456686795956,5,11.0,0
23.5178696022977,15,4.0,-6586
23.51799504358791,13,1.0,-8867
23.518139689728468,5,1.0,0
23.518628063843273,17,1.0,-7567
23.519700996301005,6,3.0,8706
23.519937393876134,13,1.0,-8680
23.520640991481084,15,6.0,-6793
23.520982272889253,17,2.0,-7956
23.521548162004105,5,3.0,0
23.521942920673084,15,2.0,-6791
23.523400869717108,16,1.0,4962
23.52379730325875,15,2.0,-6667
23.52411628049063,13,5.0,-8841
23.524377971536843,15,1.0,-6827
23.52556542954006,5,2.0,0
23.526337519332728,13,8.0,-8744
23.52679112702579,16,24.0,2818
23.526998793525728,5,1.0,0
23.528410007464057,5,6.0,0
23.528908579488814,5,2.0,0
23.529178519728536,15,3.0,-6744
23.529864391356018,13,3.0,-8722
23.5320273000335,15,4.0,-6380
23.533320602606892,5,2.0,0
23.53358624611401,113,25.0,-8789
23.533788852229872,15,24.0,-6386
23.534034595750914,13,3.0,-8840
23.534152139133816,13,1.0,-8562
23.53461167069094,15,1.0,-6893
23.534781524520298,13,11.0,-8639
23.53489221792424,15,1.0,-6920
23.53595068622122,14,1.0,-8692
23.53684085598764,5,2.0,0
23.537649217140235,14,2.0,-8569
23.53767716248849,15,1.0,-6767
23.53828538496967,13,7.0,-8773
23.538541065669122,14,10.0,-8679
23.538934589341814,13,2.0,-8629
23.539514965646177,5,2.0,0
23.539561080456593,15,1.0,-6783
23.539945523337707,13,2.0,-8749
23.540408409546988,17,2.0,-7386
23.54097177266638,13,3.0,-8651
23.542980462950496,13,3.0,-8576
23.543433237216494,13,21.0,-8586
23.54641901295022,1,1.0,8906
23.547081693561204,15,2.0,-6467
23.54774768735833,13,2.0,-8833
23.54967305727208,13,4.0,-8705
23.550140744126804,16,25.0,8017
23.550372986231626,14,2.0,-8814
23.552138819003904,16,5.0,3193
23.55235890822888,13,4.0,-8797
23.552698947062602,17,2.0,-3896
23.552798133349043,15,1.0,-6812
23.552965594521254,17,1.0,-5548
23.55371775782243,15,3.0,-6838
23.55371775782243,17,3.0,-6838
23.553756198332778,17,3.0,-3810
23.553876438913353,17,4.0,-443
23.55477114030471,17,2.0,-3869
23.555685854772978,17,1.0,-7654
23.55770169050048,5,3.0,0
23.557996749288556,16,2.0,6465
23.55828388420433,13,1.0,-8898
23.55875031848369,15,9.0,-6906
23.558994866250824,5,4.0,0
23.559530562240724,5,2.0,0
23.5604912408765,17,1.0,-2679
23.56099072295125,17,54.0,-6727
23.562526981298976,15,2.0,-6764
23.5632445518577,14,13.0,-8696
23.56365538349939,15,3.0,-6882
23.567616580579177,13,1.0,-8674
23.569409396383957,17,2.0,-692
23.570137817125612,5,17.0,0
23.570967213278532,14,3.0,-8851
23.571631556687233,13,1.0,-8857
23.57169623062109,13,2.0,-8620
23.572497346927097,15,2.0,-6595
23.574784701922216,13,1.0,-8587
23.577987527453686,13,2.0,-8760
23.578059144449245,17,1.0,-7517
23.578163356660724,5,5.0,0
23.579645241443387,12,43.0,8864
23.580872712794314,14,4.0,-8874
23.581087099968556,15,3.0,-6390
23.5825020005586,5,7.0,0
23.583154629562458,17,4.0,-5111
23.583827779556398,5,2.0,0
23.584798809731947,14,1.0,-8876
23.585269058802705,17,4.0,-5295
23.585400084837552,15,1.0,-6651
23.58659680311452,15,1.0,-6664
23.587434980109954,13,4.0,-8816
23.587924683523152,17,8.0,-6627
23.58810423772994,5,4.0,0
23.589077864228827,15,2.0,-6541
23.589101430997932,13,30.0,-8902
23.59016836453369,16,2.0,7724
23.590383282673063,13,2.0,-8886
23.590542930086023,17,2.0,-6756
23.59133976947078,16,15.0,3758
23.59151525036485,17,2.0,-2053
23.591599141972868,14,1.0,-8829
23.593456046443325,15,1.0,-6506
23.59384669386709,5,4.0,0
23.594157211741496,5,6.0,0
23.594569336649194,17,4.0,-7715
23.59487393824473,14,4.0,-8717
23.595007924571135,13,1.0,-8704
23.59512243560411,13,11.0,-8658
23.595631778197458,7,5.0,8846
23.597213919847146,17,3.0,-6084
23.597609253293204,13,2.0,-8817
23.598034438985543,17,3.0,-3356
23.598154646254038,15,1.0,-6881
23.60077975216388,16,2.0,7640
23.601134787849716,13,8.0,-8554
23.60137770597733,5,2.0,0
23.60256194057585,13,2.0,-8823
23.603548769770565,15,1.0,-6597
23.60355394581314,13,2.0,-8712
23.603554298103685,14,1.0,-8779
23.604901293067883,17,2.0,-5359
23.605412126945385,13,1.0,-8550
23.605892891245766,17,2.0,-7841
23.606059397545508,14,42.0,-8662
23.607051883940127,13,2.0,-8520
23.6071521707232,15,1.0,-6533
23.608412343734493,13,1.0,-8694
23.608919049581104,17,1.0,-3047
23.60923372650536,16,37.0,8266
23.609432140496253,5,1.0,0
23.61008812327583,15,1.0,-6590
23.612383959553508,15,7.0,-6448
23.612527385869797,17,4.0,-4662
23.613129298946113,14,1.0,-8731
23.613220190877136,17,3.0,-2177
23.61353849340891,13,4.0,-8655
23.614790136568764,13,3.0,-8664
23.61545831289826,17,1.0,-7516
23.61637416414644,14,2.0,-8777
23.61802401689146,17,2.0,-783
23.61875809947884,17,1.0,-6392
23.61877993081863,11,20.0,8871
23.61920725197406,16,1.0,4591
23.621881049665127,16,2.0,2697
23.623469612306437,5,3.0,0
23.62387006486002,5,4.0,0
23.623938596404976,15,51.0,-6674
23.625651846293376,5,3.0,0
23.62700012582054,5,7.0,0
23.62737283744901,14,1.0,-8808
23.627985800831272,15,3.0,-6501
23.628435108359124,5,3.0,0
23.62931385680612,16,7.0,6554
23.629575580011007,14,3.0,-8746
23.629661539994636,17,26.0,-1520
23.62973035134381,15,1.0,-6901
23.629945112560968,5,2.0,0
23.631978064839267,13,1.0,-8633
23.632173490895333,16,13.0,4840
23.632635975710002,13,7.0,-8607
23.633499485843195,5,3.0,0
23.63364062492421,13,5.0,-8670
23.635691411165006,15,3.0,-6861
23.635802593790473,15,1.0,-6848
23.636592256750884,17,17.0,-5758
23.636651372396678,15,42.0,-6645
23.63766891730317,5,3.0,0
23.638867035891348,15,3.0,-6379
23.639300024909044,5,5.0,0
23.641995510105097,14,1.0,-8738
23.644979796494948,13,2.0,-8839
23.646725105015776,16,14.0,6278
23.647674043444844,5,2.0,0
23.649651953197903,5,4.0,0
23.650995513649022,13,3.0,-8560
23.65150957016307,15,6.0,-6385
23.652724170359686,17,3.0,-6079
23.653529685378597,14,6.0,-8832
23.655007598431336,14,1.0,-8852
23.65576122452351,15,1.0,-6633
23.658838517393306,16,8.0,4265
23.65988652791277,14,1.0,-8585
23.65997502909929,16,3.0,3679
23.662256861851375,17,6.0,-2298
23.662457063482332,17,4.0,-7423
23.663269480150305,5,1.0,0
23.663418539491605,5,4.0,0
23.663944841304136,5,4.0,0
23.665298385735436,13,5.0,-8810
23.666016292847385,17,6.0,-7987
23.666531500045927,14,1.0,-8875
23.667188680084433,15,48.0,-6842
23.667431161893948,15,1.0,-6494
23.667431161893948,17,1.0,-6494
23.667591791117367,5,1.0,0
23.6681459088353,17,17.0,-1571
23.668215311761355,15,5.0,-6615
23.668980359897503,15,7.0,-6599
23.668980359897503,17,7.0,-6599
23.668990998661254,17,4.0,-2951
23.669741131057542,5,1.0,0
23.67105014741748,15,2.0,-6455
23.672375728191998,5,1.0,0
23.67291121917547,5,2.0,0
23.67292703585974,17,3.0,-1035
23.67353462425505,17,6.0,-7856
23.674536242589504,5,4.0,0
23.674837361477014,5,32.0,0
23.67493232295704,17,2.0,-1506
23.674967084535478,14,1.0,-8740
23.67516728186539,13,16.0,-8709
23.675509901685732,5,9.0,0
23.675550780122567,17,58.0,-2522
23.676558023025564,5,3.0,0
23.67657916990953,15,3.0,-6817
23.676782369073553,17,3.0,-5362
23.677221617645227,15,3.0,-6720
23.67729301967614,17,3.0,-7036
23.67729448196562,113,45.0,-8736
23.67736043816175,17,1.0,-778
23.679220266546412,17,1.0,-3973
23.67929942965208,5,1.0,0
23.68071398897187,5,3.0,0
23.6818550698969,13,1.0,-8819
23.681900225957186,17,7.0,-7415
23.682241135177833,16,4.0,2509
23.682314727489203,17,1.0,-5928
23.6825475287874,5,1.0,0
23.68300566290473,1,5.0,8907
23.683338320226206,17,8.0,-7599
23.683615466298864,13,3.0,-8544
23.68683643630477,13,1.0,-8846
23.686895176891507,5,7.0,0
23.687417281727836,13,1.0,-8624
23.687492347952197,5,5.0,0
23.687501833731474,13,3.0,-8893
23.687678575447922,17,1.0,-3927
23.68812280674896,17,4.0,-5479
23.68827795266827,16,2.0,1539
23.688766059483804,7,1.0,8732
23.688844332644525,14,1.0,-8826
23.689309120939825,13,9.0,-8583
23.689415007047224,13,1.0,-8782
23.68961726232404,5,2.0,0
23.690390348525174,13,2.0,-8615
23.690557712985495,17,2.0,-5139
23.692163553343104,15,13.0,-6639
23.69226847532265,5,2.0,0
23.692875166614797,13,2.0,-8646
23.693549811199016,13,1.0,-8759
23.69376732782232,17,1.0,-2221
23.694663132666083,5,2.0,0
23.695684800301255,15,7.0,-6642
23.69572287082226,113,46.0,-8593
23.69579890728842,10,23.0,8865
23.696890680659457,13,53.0,-8616
23.697602577918964,16,1.0,6342
23.698561312784435,13,7.0,-8822
23.69910171421139,13,4.0,-8910
23.699297507013988,16,1.0,5672
23.699468148526087,17,3.0,-6855
23.700797834530558,5,3.0,0
23.701641735813062,17,3.0,-3101
23.701808034962454,17,3.0,-594
23.702071133532165,17,3.0,-4784
23.702351551356898,13,1.0,-8588
23.703189290583175,13,5.0,-8636
23.704220666312178,15,7.0,-6545
23.705547351029434,15,3.0,-6525
23.706033933134414,17,4.0,-3877
23.70800937204957,15,5.0,-6413
23.70824861170699,5,4.0,0
23.708463037572432,13,3.0,-8755
23.70909206803263,15,1.0,-6699
23.709351056892782,15,1.0,-6353
23.709470900433725,15,1.0,-6560
23.709488827628018,17,3.0,-6292
23.710202134818047,13,5.0,-8895
23.710212898116044,5,1.0,0
23.710396925374646,17,2.0,-5389
23.710799138991337,17,1.0,-8409
23.71162745853263,13,2.0,-8625
23.71203975765492,15,1.0,-6396
23.712774303133827,16,59.0,1803
23.714057257417526,13,2.0,-8845
23.714203908845125,15,1.0,-6598
23.715055011523447,13,28.0,-8665
23.717121388702356,14,1.0,-8854
23.718166508367094,15,10.0,-6555
23.719845118230914,7,2.0,8860
23.71999510238136,14,2.0,-8728
23.72279683264253,15,8.0,-6774
23.724462886310985,17,9.0,-891
23.724979186192037,10,19.0,8802
23.725209486818777,13,1.0,-8818
23.725655040184495,15,2.0,-6698
23.726551064607513,15,1.0,-6628
23.726945100563135,15,1.0,-6398
23.72840758110024,5,3.0,0
23.729267273645874,13,2.0,-8753
23.730366281962834,17,4.0,-5611
23.73059606754111,5,6.0,0
23.73172332656592,17,2.0,-430
23.733026306520244,13,3.0,-8697
23.734003764465424,15,3.0,-6649
23.734267568229004,14,2.0,-8555
23.734322094464645,5,3.0,0
23.73511812093066,5,2.0,0
23.73581444863597,14,1.0,-8815
23.736423697919868,16,8.0,1008
23.736849802898057,7,3.0,8844
23.738351389386104,16,4.0,4058
23.738724544670685,13,2.0,-8517
23.739510556208824,14,3.0,-8641
23.739719603339346,16,19.0,2788
23.740111976825812,16,29.0,723
23.741932816259382,13,9.0,-8802
23.74199378291481,17,1.0,-3551
23.743289571580217,15,1.0,-6754
23.74377297701105,15,2.0,-6535
23.74377297701105,17,2.0,-6535
23.743910409444233,14,8.0,-8518
23.744279387308964,15,1.0,-6591
23.744971267855547,15,1.0,-6688
23.745004021065196,13,1.0,-8527
23.74619563837626,15,6.0,-6718
23.747033443004106,14,10.0,-8882
23.74711261717763,15,1.0,-6678
23.748180544432632,5,13.0,0
23.74865521083459,5,1.0,0
23.751240952625697,5,4.0,0
23.75149979775545,5,9.0,0
23.752791777548946,15,1.0,-6660
23.753012080063193,14,2.0,-8714
23.753136469366993,17,1.0,-2063
23.755688600813208,1,4.0,8908
23.755868561614868,5,4.0,0
23.756150895125806,14,5.0,-8762
23.757062937825317,15,9.0,-6775
23.75807877881563,17,1.0,-4849
23.758512538211527,17,4.0,-209
23.75892212499095,4,6.0,8909
23.761610969958966,14,21.0,-8575
23.761888837402857,13,3.0,-8732
23.762369312520363,17,2.0,-4270
23.764021084925997,17,15.0,-5905
23.764100716785883,13,7.0,-8548
23.765566260284512,15,2.0,-6394
23.765694103149833,15,1.0,-6789
23.76715775072253,13,1.0,-8644
23.76881399087683,5,1.0,0
23.768826654108796,14,1.0,-8855
23.768884900518078,17,5.0,-1477
23.769102913690546,15,3.0,-6359
23.769638413228716,17,3.0,-7323
23.770060073715236,14,1.0,-8747
23.770193528358664,15,1.0,-6673
23.77109526765281,17,6.0,-3978
23.772872259312063,113,42.0,-8666
23.77341112069471,14,9.0,-8549
23.77450265511857,13,2.0,-8703
23.774922287603907,13,1.0,-8905
23.77632944740046,16,2.0,3147
23.77641329475288,13,6.0,-8869
23.777317974294682,17,1.0,-2152
23.777748389671476,13,4.0,-8515
23.778973577279636,13,9.0,-8897
23.780351981485342,5,6.0,0
23.78176656606833,6,4.0,8887
23.781775008500773,13,2.0,-8776
23.78314515574657,15,29.0,-6340
23.783926306691033,5,1.0,0
23.784374604322856,15,1.0,-6480
23.784374604322856,17,1.0,-6480
23.784404066084196,14,1.0,-8809
23.784405983739237,15,1.0,-6887
23.78467557934575,17,4.0,-5379
23.786010826563142,5,16.0,0
23.78615093513442,13,2.0,-8671
23.78624291405757,15,4.0,-6529
23.786918880287033,15,1.0,-6701
23.788023433827824,14,3.0,-8656
23.789102333517352,17,1.0,-6607
23.789116412341436,13,5.0,-8510
23.790318352443173,17,10.0,-1944
23.790447685747463,15,2.0,-6816
23.79178709678883,15,6.0,-6851
23.79208844873688,15,1.0,-6922
23.79329173345287,4,11.0,8910
23.79515022802098,16,17.0,2969
23.795720934260082,16,5.0,5096
23.79623512508995,1,7.0,8911
23.797548187986376,5,2.0,0
23.79790447818706,17,1.0,-921
23.798924071940956,5,18.0,0
23.799184025145827,15,3.0,-6517
23.800673258461376,13,2.0,-8508
23.803194049457588,17,3.0,-425
23.807460593939123,1,1.0,8912
23.807501723954797,14,1.0,-8522
23.809398451922547,13,3.0,-8716
23.809476996419846,17,1.0,-7603
23.814022792511363,17,2.0,-5329
23.81479324935112,17,1.0,-4385
23.814991096544738,14,1.0,-8767
23.815143058839435,14,8.0,-8699
23.815231285267966,5,4.0,0
23.815628307345644,17,28.0,-5629
23.816411416839536,16,18.0,6719
23.81678368233272,17,2.0,-4762
23.816984778126233,15,3.0,-6512
23.81815391676785,13,1.0,-8688
23.818928262221412,13,1.0,-8720
23.82020989826322,7,2.0,8880
23.8207201636568,15,4.0,-6478
23.821618069703817,15,1.0,-6895
23.82185414945867,17,1.0,-6998
23.822395087219704,15,2.0,-6496
23.822523324112492,14,4.0,-8903
23.823164028183328,13,1.0,-8530
23.82568644540708,5,3.0,0
23.826066944723557,15,2.0,-6904
23.826122965294598,17,2.0,-5659
23.82714052978403,16,2.0,8065
23.828549781322327,15,2.0,-6837
23.830744700378546,15,2.0,-6556
23.831728535440558,14,1.0,-8807
23.832097359055286,13,4.0,-8834
23.833987089440825,16,2.0,6995
23.835245766466716,15,7.0,-6771
23.835526063183977,15,1.0,-6798
23.83558960922437,5,1.0,0
23.83568703348149,16,59.0,1175
23.83569293221773,16,51.0,1704
23.83760339678228,15,1.0,-6479
23.837712405883455,14,1.0,-8890
23.837905920680555,15,1.0,-6742
23.838534075837536,14,30.0,-8825
23.839257261941484,15,2.0,-6588
23.839260231712903,15,25.0,-6647
23.839623026423926,15,1.0,-6409
23.839737347688782,15,4.0,-6391
23.839824682913505,13,4.0,-8657
23.84019455293602,13,2.0,-8557
23.842701721426224,5,3.0,0
23.844698998523878,15,6.0,-6753
23.845533950580204,17,2.0,-1858
23.84580272341355,17,1.0,-6298
23.84618712083186,14,1.0,-8899
23.84927367107023,15,9.0,-6514
23.85060429837562,13,2.0,-8507
23.85153102316695,17,29.0,-6528
23.851573826803566,15,2.0,-6511
23.8546038770794,5,4.0,0
23.85479142646814,17,3.0,-7258
23.855660437851018,5,9.0,0
23.8586326606314,17,2.0,-7833
23.85877496159824,13,1.0,-8566
23.858951247430962,15,3.0,-6859
23.859652499091492,16,16.0,3445
23.861700501635394,14,2.0,-8603
23.864229419885266,17,2.0,-7384
23.864270002422924,6,4.0,8896
23.866006187559446,13,1.0,-8579
23.867138573860434,17,1.0,-6430
23.86820345265627,1,6.0,8913
23.868595998044555,15,1.0,-6358
23.86871681469325,17,6.0,-4342
23.86946747781234,15,24.0,-6577
23.869572280813944,17,1.0,-5700
23.86978142756962,1,3.0,8914
23.869834777818436,13,22.0,-8769
23.869971415391902,13,4.0,-8742
23.871223937126693,15,6.0,-6788
23.87185355320976,16,1.0,2979
23.872377462876145,113,47.0,-8862
23.872777201222416,5,1.0,0
23.87292351285889,16,9.0,5229
23.874572876932938,6,6.0,8913
23.87574055827968,5,4.0,0
23.87603017534621,15,1.0,-6594
23.876547295107795,15,1.0,-6638
23.87657812356662,5,5.0,0
23.87694756577597,5,1.0,0
23.878425210777124,14,3.0,-8606
23.87851755171785,4,18.0,8915
23.88082840878435,13,1.0,-8700
23.880845068024474,17,8.0,-7156
23.88105405414954,15,9.0,-6593
23.88176773639036,14,9.0,-8580
23.882607238212774,15,3.0,-6366
23.883402793555653,13,2.0,-8618
23.88362227934286,17,10.0,-4304
23.884418180300848,16,51.0,229
23.884711707155567,17,1.0,-8286
23.885074147309517,113,27.0,-8858
23.885854292422696,13,1.0,-8904
23.88619641431246,17,1.0,-2265
23.886457367451026,15,1.0,-6892
23.888050268077965,16,2.0,8516
23.88825391922935,5,4.0,0
23.888461824882274,15,3.0,-6666
23.888598006337446,17,3.0,-563
23.888826887969493,5,1.0,0
23.888899971006737,17,1.0,-1953
23.889353268331813,13,1.0,-8689
23.892466505198175,14,5.0,-8906
23.893827294779786,13,3.0,-8768
23.894586533669415,13,2.0,-8605
23.894970057218703,14,3.0,-8764
23.895367659204773,6,7.0,8911
23.89594877358233,14,4.0,-8693
23.896087404725282,13,5.0,-8627
23.89954926820193,17,1.0,-6318
23.899859418616273,17,1.0,-5896
23.900761993519943,5,1.0,0
23.901456380536775,13,8.0,-8859
23.90227553356468,1,5.0,8916
23.902512481870534,13,5.0,-8691
23.90262244284699,5,2.0,0
23.90308399995684,13,3.0,-8687
23.90380409542239,15,5.0,-6411
23.903999588583346,5,1.0,0
23.90429098896157,5,10.0,0
23.904948027892875,13,4.0,-8568
23.90544884092974,17,6.0,-5683
23.905520206555927,15,10.0,-6418
23.905761950227784,15,1.0,-6610
23.905962635008667,5,2.0,0
23.90613540418869,14,1.0,-8667
23.90741880762448,15,1.0,-6713
23.909305087025665,13,1.0,-8596
23.91014132094142,15,4.0,-6741
23.910882586753385,13,11.0,-8894
23.91098145938844,13,2.0,-8690
23.91200124575524,15,3.0,-6581
23.912556200145733,15,8.0,-6456
23.913013996895373,13,1.0,-8721
23.91345927408043,14,4.0,-8781
23.914043660312558,5,2.0,0
23.9147889999686,17,2.0,-6175
23.91578506283944,5,2.0,0
23.91605745271672,15,1.0,-6762
23.916450227005974,15,2.0,-6616
23.919062925781525,5,8.0,0
23.9199781787232,15,6.0,-6828
23.92060623395327,15,2.0,-6707
23.921012848786802,17,2.0,-2514
23.92183585827016,15,13.0,-6815
23.922152772555236,15,2.0,-6710
23.92330069621292,17,1.0,-211
23.923782284943904,15,3.0,-6691
23.926633144833964,15,1.0,-6866
23.92867865739904,15,2.0,-6695
23.929471745293363,17,1.0,-5934
23.933003357630167,15,10.0,-6916
23.93306580886478,5,1.0,0
23.933328820750596,17,2.0,-7408
23.933537602879245,5,5.0,0
23.934128019591384,13,8.0,-8506
23.934398439696164,13,2.0,-8837
23.93493961545998,13,7.0,-8784
23.93505955984466,5,1.0,0
23.935223672884927,15,2.0,-6619
23.936261785951444,5,3.0,0
23.93629570188719,5,2.0,0
23.93866858393024,13,2.0,-8512
23.9388367725694,14,3.0,-8870
23.939179547862384,14,3.0,-8504
23.93982442677338,15,1.0,-6417
23.94020537083523,17,2.0,-2659
23.940217964058483,14,6.0,-8750
23.940440187053728,17,2.0,-2913
23.94061498473466,14,4.0,-8573
23.941004871812027,14,58.0,-8799
23.943656703797828,14,3.0,-8529
23.943736721290918,14,15.0,-8613
23.943749230427365,17,8.0,-7961
23.94417517466418,17,3.0,-6449
23.944861563045876,15,1.0,-6821
23.94505023086439,5,3.0,0
23.94813438803882,6,5.0,8907
23.948816195676518,13,32.0,-8635
23.94920052104781,15,5.0,-6708
23.94943313993063,5,10.0,0
23.94955188828361,17,2.0,-1375
23.949989326621868,5,16.0,0
23.950847169298658,13,1.0,-8848
23.951858541638646,15,1.0,-6714
23.952002472357727,17,2.0,-185
23.952149051343145,15,1.0,-6439
23.95242610258072,13,2.0,-8553
23.952653277479037,14,1.0,-8792
23.95306248362672,5,2.0,0
23.9535498952543,15,2.0,-6471
23.953750960300816,17,1.0,-5267
23.954099614690755,17,2.0,-2367
23.954562579776958,14,1.0,-8597
23.954640021906386,14,43.0,-8543
23.955054720292264,13,5.0,-8649
23.956497864627273,5,4.0,0
23.958285473117925,17,4.0,-5859
23.959884112076544,13,1.0,-8739
23.960668764592363,13,1.0,-8900
23.96102505928282,13,5.0,-8592
23.961312929706956,13,1.0,-8684
23.961629955052473,16,7.0,4343
23.96374178142451,17,3.0,-5170
23.964579999866537,16,2.0,6739
23.965028642601307,14,5.0,-8873
23.96763031247206,15,8.0,-6786
23.968814954260022,13,2.0,-8758
23.970196042062,16,2.0,8502
23.97060792634924,14,3.0,-8594
23.971739845110854,15,5.0,-6768
23.97284875095338,15,2.0,-6354
23.97344403914015,16,5.0,2994
23.975541348379046,15,1.0,-6378
23.976685222650865,17,7.0,-2634
23.97671298508816,14,3.0,-8892
23.976856491787967,17,3.0,-7731
23.977528105144035,13,2.0,-8609
23.978405244744792,14,2.0,-8604
23.979452084824715,15,4.0,-6377
23.979745825028353,16,4.0,1031
23.979908099307853,13,4.0,-8757
23.980229629693618,17,5.0,-2995
23.98036679874629,17,2.0,-5712
23.981418549357613,13,1.0,-8847
23.981855750898454,15,2.0,-6620
23.98207163146671,15,2.0,-6600
23.982581143602335,15,4.0,-6799
23.983068786609316,5,4.0,0
23.983539751627468,17,1.0,-811
23.98401094976522,15,3.0,-6681
23.984507137251605,13,2.0,-8577
23.984835060553316,113,34.0,-8842
23.985218451452294,15,4.0,-6399
23.985371491237604,17,1.0,-4821
23.986700386929574,10,51.0,8857
23.98692380878525,5,2.0,0
23.989167233884043,15,1.0,-6543
23.989976322078505,5,4.0,0
23.99002077265388,15,2.0,-6700
23.990679492667535,5,3.0,0
23.991872372767453,13,3.0,-8801
23.99257347147917,17,1.0,-3857
23.993651142617686,15,1.0,-6636
23.994932584582493,17,4.0,-7168
23.995062171793016,16,2.0,2350
23.995708509069164,14,2.0,-8729
23.99650161608663,113,37.0,-8584
23.998644443432973,13,2.0,-8830
24.001311845125763,15,1.0,-7083
24.001863404571083,15,20.0,-7462
24.00344621082234,13,1.0,-8989
24.00445483388475,15,1.0,-7354
24.005094649639418,16,11.0,4050
24.00663064431077,15,1.0,-7407
24.00806319980616,13,3.0,-8936
24.008279544792774,13,2.0,-9130
24.008360163922543,5,2.0,0
24.00856422981895,13,1.0,-9261
24.0091926875958,14,10.0,-9167
24.009542123083364,15,7.0,-7419
24.010311898185304,17,1.0,-4267
24.01270273503626,5,2.0,0
24.013339306275796,14,3.0,-9026
24.016045400885325,16,3.0,5527
24.016119035806017,14,1.0,-9137
24.017890305224377,14,3.0,-9001
24.01833105602477,13,1.0,-9004
24.0184456448423,5,2.0,0
24.019354343726974,14,1.0,-9051
24.021311173221108,113,38.0,-8953
24.021686297838222,15,2.0,-7341
24.02296341245435,14,4.0,-9112
24.023424497578212,16,11.0,7230
24.02361745719995,14,4.0,-8993
24.024604315572002,13,1.0,-9150
24.02575828612617,14,4.0,-9139
24.02594192597625,15,1.0,-7393
24.02594192597625,17,1.0,-7393
24.02782616970521,7,3.0,8875
24.028187159652575,13,6.0,-8986
24.02855253637103,5,7.0,0
24.030597167115616,15,2.0,-7096
24.03178661650675,14,2.0,-9128
24.03259981647067,13,3.0,-9311
24.035249409663713,13,4.0,-9008
24.036632712272063,14,3.0,-9159
24.038128169094772,14,8.0,-9057
24.039736645971306,13,1.0,-9267
24.040115636645673,18,,0
24.040182338180355,101,6.0,8917
24.04066753479195,5,3.0,0
24.043191998917223,13,7.0,-9246
24.04324948139991,5,1.0,0
24.044930160318874,14,4.0,-9045
24.045288763016405,5,1.0,0
24.04679394380105,5,1.0,0
24.0468933240568,13,2.0,-9285
24.047755690550318,15,2.0,-7051
24.04791415967998,15,52.0,-7144
24.050713212771424,14,3.0,-9175
24.05084035025604,11,1.0,8830
24.05353210513509,13,2.0,-9212
24.053948478735,15,2.0,-7390
24.05710483678723,13,1.0,-9166
24.057295699070032,6,1.0,8906
24.057469107652153,4,5.0,8918
24.059222187777625,15,1.0,-7240
24.060329011962462,15,3.0,-7268
24.060957351260864,15,2.0,-7194
24.0613127371062,7,2.0,8231
24.062118372602093,17,2.0,-1803
24.06236720458417,14,6.0,-8939
24.063029971586513,5,6.0,0
24.06435971470283,14,14.0,-8954
24.066442629822365,14,6.0,-8948
24.069221527990276,10,5.0,8851
24.069704328849767,5,2.0,0
24.07106644402097,15,7.0,-6962
24.071142997579855,7,3.0,8889
24.071949035244536,5,5.0,0
24.071997512261895,15,5.0,-7259
24.072284805802457,17,2.0,-5487
24.073160685389556,13,2.0,-9086
24.075490525403204,15,4.0,-7048
24.075529944130714,16,2.0,5514
24.076021276160066,5,2.0,0
24.08019047941573,15,2.0,-7196
24.080453731547266,16,17.0,1969
24.081810726049273,14,1.0,-9308
24.08309731145304,15,1.0,-7410
24.08445533892819,17,20.0,-2764
24.084925908877178,13,2.0,-9193
24.08833807897723,5,1.0,0
24.08893690896364,15,1.0,-7404
24.089979114492706,13,1.0,-9231
24.09139830135506,15,1.0,-7134
24.092742749355818,13,1.0,-8962
24.09290271378746,5,3.0,0
24.09326002267625,5,1.0,0
24.094002453889516,15,8.0,-7151
24.096833692391076,5,18.0,0
24.099919983295816,5,1.0,0
24.100202665247167,13,2.0,-9225
24.101797494795782,15,1.0,-7023
24.103317510032156,15,5.0,-7328
24.10406635819889,10,46.0,8901
24.104375808427488,15,1.0,-6974
24.10482799389869,5,41.0,0
24.105740392146828,13,3.0,-9049
24.10759701749049,17,42.0,-2636
24.10931681037394,16,6.0,3593
24.11011055407237,16,54.0,5546
24.110303693332217,14,1.0,-9109
24.111237740369518,15,55.0,-7375
24.112640982286422,15,2.0,-7286
24.11305351975143,5,3.0,0
24.11450380862405,15,1.0,-7084
24.11515745710767,13,7.0,-9187
24.115428691139904,15,21.0,-7500
24.115805078030878,1,2.0,8919
24.11605438540826,5,7.0,0
24.116310336666956,15,1.0,-6987
24.11755479581068,13,1.0,-9005
24.117693214385593,16,3.0,7651
24.119860102390856,5,2.0,0
24.119999530505872,5,1.0,0
24.123808957669603,16,17.0,3454
24.12482331641812,5,2.0,0
24.12515578243261,17,33.0,-2161
24.12534438392762,8,2.0,8888
24.12601762809828,13,3.0,-9233
24.126641433505743,15,6.0,-7034
24.128365389974803,14,1.0,-9107
24.129310401227333,14,13.0,-8922
24.129530122639093,1,4.0,8920
24.132729631100926,7,1.0,8874
24.132849928655844,5,5.0,0
24.133830828799898,16,1.0,8469
24.1340011157739,16,8.0,4811
24.134301964404138,13,8.0,-9122
24.134665896129817,15,3.0,-7493
24.13525097599543,15,2.0,-7437
24.135671424133673,13,3.0,-9050
24.135932342085127,13,4.0,-9158
24.13695208727859,15,4.0,-7137
24.137767849977966,5,1.0,0
24.13884623859491,5,10.0,0
24.139180931838126,13,11.0,-9277
24.14076071455499,13,1.0,-9074
24.141568619152974,15,1.0,-7293
24.141619895944796,13,6.0,-9003
24.14208599337028,14,1.0,-9264
24.142463600131023,16,55.0,682
24.143034646153684,5,3.0,0
24.14323589215094,14,6.0,-8918
24.144154812944144,13,10.0,-9176
24.14572017797312,5,4.0,0
24.14768722909987,14,7.0,-9221
24.15068915512949,5,4.0,0
24.15296777358776,14,1.0,-9319
24.15422828703264,13,29.0,-9136
24.15503547581035,14,1.0,-9125
24.155114788867014,17,4.0,-2155
24.155413461928923,5,1.0,0
24.156059461185674,14,2.0,-9218
24.15916249442791,5,2.0,0
24.159360089909413,17,5.0,-5894
24.160451815507702,13,1.0,-9322
24.16122214850648,5,8.0,0
24.161767514861133,15,2.0,-7076
24.163235025142555,14,3.0,-9201
24.163371966378875,13,1.0,-9116
24.164662555414658,13,5.0,-9306
24.16468170087919,17,1.0,-3555
24.165011361574262,15,3.0,-7311
24.16539968496139,14,3.0,-9067
24.165979732988088,15,11.0,-6954
24.16669625990203,15,7.0,-7271
24.167452543729336,13,5.0,-9207
24.167893574114675,15,1.0,-7290
24.168914825028683,5,3.0,0
24.169051625618145,15,3.0,-7361
24.171133248208577,13,3.0,-8955
24.172060000167235,15,1.0,-7082
24.172813776450923,10,54.0,8868
24.174569841566825,14,3.0,-9054
24.17460454816715,13,7.0,-9234
24.17460998538339,17,1.0,-3328
24.176743169052877,17,5.0,-2623
24.17718599395783,7,11.0,8870
24.178064382448856,17,7.0,-6790
24.1785402250642,5,1.0,0
24.17892781205536,15,1.0,-6982
24.179291742517833,16,57.0,8812
24.17971695641317,13,3.0,-9302
24.179786756889342,17,6.0,-3325
24.180386554427518,15,2.0,-6938
24.180482978334027,5,4.0,0
24.182013723036725,5,7.0,0
24.18286531754475,15,2.0,-7075
24.185298245201125,15,1.0,-7339
24.18542394455294,15,2.0,-7477
24.187331650661303,14,1.0,-8941
24.18771291555184,13,2.0,-9313
24.1883048153771,5,31.0,0
24.190330466623173,13,5.0,-9296
24.190792641736675,13,2.0,-9180
24.19219367617834,17,1.0,-4685
24.192325469827644,15,2.0,-7243
24.193107610603327,15,2.0,-6930
24.19406969187371,5,1.0,0
24.194109355455655,15,1.0,-7018
24.19539553371658,5,1.0,0
24.195788387405145,17,3.0,-2004
24.19731469103881,13,2.0,-9294
24.19791688780755,13,2.0,-9310
24.200668074269842,16,3.0,7296
24.200889806982726,15,1.0,-7249
24.201269924220547,16,7.0,355
24.201606685813275,13,6.0,-8930
24.20404831030472,5,7.0,0
24.204283229879135,5,10.0,0
24.20535374536332,17,6.0,-4491
24.205811539683047,13,2.0,-9240
24.206809253000895,16,6.0,7932
24.206917192070467,15,1.0,-7260
24.207051409709592,15,6.0,-7267
24.211418599527146,113,60.0,-9009
24.211424982610293,14,1.0,-9007
24.212940994717282,13,1.0,-9096
24.213777451867532,16,2.0,1685
24.216499608336946,17,2.0,-3465
24.217358055600062,13,2.0,-8971
24.21807461165362,16,35.0,8743
24.218351517394048,15,3.0,-7456
24.218836013013966,6,4.0,8892
24.21985504672436,16,1.0,2004
24.221228354471087,15,2.0,-7224
24.222370150819135,5,1.0,0
24.223734154836002,13,5.0,-9188
24.223998101690217,16,1.0,1936
24.22428247653372,1,4.0,8921
24.22530669974807,5,3.0,0
24.225770916326766,5,1.0,0
24.22628152671414,17,5.0,-3246
24.226865276711962,15,1.0,-7126
24.228302250461866,15,1.0,-6943
24.228867684773157,5,2.0,0
24.22925906459645,13,2.0,-9226
24.230483866398956,13,8.0,-9048
24.231559683043706,5,12.0,0
24.231852993234025,10,5.0,8879
24.234191123069103,15,1.0,-7026
24.23535435155536,15,13.0,-7289
24.235667299003698,13,3.0,-9196
24.23613277346927,1,2.0,8922
24.23686945277669,5,3.0,0
24.23750694495479,15,2.0,-7446
24.237601523712897,14,1.0,-9199
24.23778059501511,5,2.0,0
24.238177245080813,5,1.0,0
24.23922026490545,5,1.0,0
24.239627852111482,14,3.0,-9075
24.23976548812759,17,6.0,-2046
24.241337829818626,14,19.0,-9013
24.24143971739793,14,4.0,-9227
24.24167792282939,5,2.0,0
24.243578327331313,16,6.0,7664
24.244356466168796,13,1.0,-9052
24.245055432651206,17,1.0,-885
24.24619822176897,13,1.0,-9172
24.247687656859824,13,2.0,-9213
24.250031991182574,15,7.0,-7310
24.25261647363009,5,1.0,0
24.252710057516566,17,6.0,-3536
24.25343777614376,15,2.0,-7445
24.253582364623913,15,3.0,-7122
24.2543886478455,13,4.0,-9251
24.25466506059832,17,3.0,-276
24.25498434884805,13,2.0,-9247
24.255684943078567,15,1.0,-7009
24.255721959277526,13,8.0,-9258
24.25791132447302,14,3.0,-9012
24.25893251070706,14,2.0,-9138
24.259399557305418,15,15.0,-7475
24.259399557305418,17,15.0,-7475
24.25940486682282,16,42.0,1618
24.260766872259822,13,1.0,-8938
24.261273067801255,12,19.0,8802
24.263535616870566,13,7.0,-9115
24.26592821498732,16,15.0,4799
24.266920186662603,1,3.0,8923
24.268559051401173,13,2.0,-9016
24.26916122268755,16,6.0,8255
24.26952592478363,13,17.0,-9157
24.27153055496326,5,2.0,0
24.272357790173125,17,1.0,-5662
24.272721287662396,13,2.0,-8925
24.272960767187143,17,1.0,-3429
24.27340566133654,17,17.0,-5582
24.274250524060022,17,3.0,-341
24.274526962791935,13,2.0,-8974
24.27535970105197,13,5.0,-8966
24.276315967455464,14,4.0,-9163
24.276343367998898,1,2.0,8924
24.2764269495846,5,8.0,0
24.277332235938548,14,1.0,-9184
24.27748887980511,13,15.0,-8994
24.277913410367237,13,1.0,-8981
24.27812544673857,14,4.0,-9110
24.279552239520406,14,1.0,-9084
24.279556617952096,5,4.0,0
24.279672940572564,113,22.0,-9214
24.280090708759598,13,3.0,-9153
24.282264199817817,17,1.0,-4855
24.282395306972,15,2.0,-7225
24.28300777912961,15,12.0,-7442
24.28322977908564,13,3.0,-9169
24.28423812527734,15,15.0,-7288
24.285025392081543,16,3.0,1997
24.285629989592643,5,12.0,0
24.285715762114176,14,4.0,-9194
24.286274443987775,15,2.0,-7204
24.287838870211957,17,4.0,-3950
24.288039046471972,17,4.0,-3470
24.288136928296275,16,33.0,7698
24.288597465631184,15,1.0,-7033
24.290011153714232,5,2.0,0
24.29059839044295,5,3.0,0
24.290782202670577,17,2.0,-5083
24.293754372369644,15,1.0,-7292
24.29426130052877,15,1.0,-7062
24.294505236172377,15,2.0,-6934
24.295378387798443,13,1.0,-9034
24.29560371779559,5,3.0,0
24.295827231516782,16,13.0,5288
24.29784520471796,15,1.0,-7435
24.298899450083255,15,6.0,-6960
24.299421819419504,5,5.0,0
24.300401830934316,14,1.0,-9151
24.300633557291363,15,2.0,-7140
24.30306552449483,13,4.0,-9232
24.303438656668682,15,1.0,-7080
24.30409702313593,15,3.0,-7246
24.308028128635797,14,1.0,-9243
24.309067217913864,13,10.0,-9099
24.311268293411178,5,8.0,0
24.312293141051416,1,3.0,8925
24.315575406678015,17,1.0,-4319
24.316578250331638,13,1.0,-9314
24.31664249957108,14,15.0,-9129
24.31717017854274,14,2.0,-8970
24.317412541775408,17,3.0,-1711
24.31801731989122,15,3.0,-7233
24.319171575041786,15,17.0,-7399
24.319343129673253,14,2.0,-8937
24.31969203024948,13,1.0,-9259
24.32022625426429,13,6.0,-9257
24.32064430046878,17,4.0,-5022
24.320710584814773,15,2.0,-7013
24.320914192760085,14,3.0,-9269
24.323102110217192,5,6.0,0
24.324101247584114,5,2.0,0
24.32532927109711,13,3.0,-8979
24.326358224231562,13,3.0,-9165
24.326449233563434,13,3.0,-9105
24.326636195666282,13,2.0,-9101
24.327915056114193,5,22.0,0
24.328299565029372,13,6.0,-8915
24.328334322350447,15,1.0,-7273
24.329365611095344,14,2.0,-8916
24.330283863483633,17,3.0,-1906
24.332975388169988,15,1.0,-7283
24.332975388169988,17,1.0,-7283
24.334667923939268,14,2.0,-9120
24.33471631589376,5,14.0,0
24.335416713981,15,4.0,-6981
24.335524030568923,15,1.0,-7113
24.335649124389864,15,1.0,-7250
24.335733729334034,13,1.0,-9307
24.336191544854383,16,1.0,6536
24.3382771391434,13,2.0,-9135
24.33852950114269,5,10.0,0
24.33926257403628,15,8.0,-7276
24.33966374383798,16,7.0,1763
24.34180221539015,13,1.0,-9077
24.343108956213694,13,13.0,-8949
24.346585259377974,5,1.0,0
24.34698764991443,17,4.0,-5921
24.34853643230379,13,3.0,-8983
24.34855766875089,15,2.0,-7362
24.351039508158895,13,2.0,-9181
24.351712655391825,14,1.0,-8959
24.352275627970425,15,6.0,-7322
24.352309789230894,15,11.0,-7405
24.35253066898226,15,1.0,-7186
24.35397709776626,15,1.0,-7432
24.35481989574622,15,1.0,-6945
24.35553591008982,15,1.0,-7347
24.356754194732204,16,7.0,8435
24.356890401221612,15,4.0,-7119
24.357244303289885,6,2.0,8924
24.3575611870639,5,7.0,0
24.357768529132347,17,5.0,-5129
24.359854373495473,5,2.0,0
24.36008556993961,15,1.0,-7469
24.36145040259106,15,2.0,-7319
24.36150354825929,14,40.0,-9174
24.361938600389045,13,4.0,-9131
24.36194257332014,17,1.0,-5613
24.36237187809831,13,3.0,-9208
24.363849650906506,5,1.0,0
24.36408064501829,13,1.0,-9117
24.36528153840107,1,3.0,8926
24.366294202066726,3,41.0,8927
24.366374764490892,15,1.0,-7188
24.369418362689085,13,1.0,-9170
24.369485298820514,13,1.0,-9019
24.371082657292497,13,1.0,-9168
24.372189051907917,13,4.0,-9023
24.37325828710587,14,3.0,-9069
24.374213194628837,5,2.0,0
24.37432918245791,15,7.0,-7397
24.37512803085889,13,1.0,-9104
24.375346511497366,7,1.0,8837
24.37597117775026,15,1.0,-6949
24.37688225539413,13,5.0,-9040
24.378225465483016,13,2.0,-9091
24.379859574959127,17,2.0,-4490
24.381074603073166,15,2.0,-7420
24.382035764411413,15,2.0,-7060
24.38229543541461,15,5.0,-7085
24.38235670233313,5,2.0,0
24.383059763023084,15,1.0,-7355
24.383115312386018,15,3.0,-7130
24.384864329758155,15,1.0,-7418
24.38582481786841,15,3.0,-7436
24.38605510448238,15,3.0,-7335
24.387014504943345,15,3.0,-7114
24.389019870014742,17,2.0,-5261
24.38910017897638,13,2.0,-9215
24.390292466922407,5,20.0,0
24.390631975728358,7,3.0,8855
24.39205076300156,5,1.0,0
24.392464444802346,13,4.0,-9224
24.393451321245756,13,1.0,-9065
24.39373876199963,17,4.0,-1434
24.397118895732955,16,3.0,4416
24.39726449661465,6,3.0,8925
24.398787731537666,13,1.0,-9272
24.39931449616115,13,1.0,-9030
24.401174085126026,15,3.0,-7169
24.401185682332162,16,4.0,8168
24.401963716357933,15,2.0,-6931
24.402068732956593,17,1.0,-2051
24.40212165011192,5,10.0,0
24.40223968953939,14,1.0,-8975
24.403525332821893,14,1.0,-9133
24.403719493910536,14,1.0,-9080
24.40395810000258,16,34.0,1957
24.404372642512875,17,3.0,-3329
24.40515029814726,14,7.0,-9185
24.406127138975194,14,2.0,-9079
24.406541500168316,17,2.0,-3889
24.40725363242653,14,1.0,-8934
24.407276468656256,5,4.0,0
24.407750092598334,14,3.0,-9245
24.408972998051635,15,2.0,-7079
24.409327408182488,15,1.0,-7189
24.41150431502819,16,3.0,7781
24.412501849559717,14,2.0,-9113
24.41282625807595,10,5.0,8918
24.415875709444897,17,1.0,-3835
24.417766615796488,13,2.0,-9083
24.418832839553907,17,1.0,-2907
24.42037983051019,16,1.0,3071
24.421073750657055,5,4.0,0
24.423189282082554,16,1.0,7358
24.423611754433388,5,2.0,0
24.42399244350532,13,2.0,-9161
24.424617249706287,17,1.0,-5105
24.424653031481604,11,9.0,8885
24.425399397026972,17,4.0,-4559
24.42622106441105,13,2.0,-9089
24.426429898749344,15,1.0,-6970
24.426429898749344,17,1.0,-6970
24.426911338936236,15,2.0,-7073
24.427449965657853,5,1.0,0
24.4278326711677,13,1.0,-9171
24.428002747273364,15,11.0,-7491
24.429064605656247,15,2.0,-7230
24.429644287740164,5,5.0,0
24.430130401569965,14,3.0,-9056
24.430798448742053,15,1.0,-6935
24.430937400052734,13,2.0,-9250
24.4309797382178,16,9.0,2828
24.431862198723227,15,5.0,-7210
24.43193360353077,13,1.0,-8984
24.432535270417276,13,1.0,-9132
24.43281245616251,17,5.0,-111
24.433765607253882,13,1.0,-9046
24.43543814499845,7,1.0,8833
24.436294948173902,8,7.0,8911
24.437323267276682,17,21.0,-1529
24.437904406038236,5,3.0,0
24.439373568255714,13,1.0,-9177
24.43949874530498,14,1.0,-9205
24.439623882499838,5,4.0,0
24.440625525860103,15,1.0,-7128
24.441836843325042,14,2.0,-8961
24.443281114641934,17,17.0,-9
24.444080521303455,6,24.0,8900
24.446240308704184,13,9.0,-8932
24.447316948733484,15,26.0,-7077
24.44842943734724,5,2.0,0
24.448728423830566,16,3.0,2584
24.450716526341942,5,1.0,0
24.45119952249737,16,57.0,361
24.45214475794496,15,1.0,-7391
24.45363167992372,15,1.0,-7403
24.45374852805955,5,2.0,0
24.4553528161822,13,2.0,-9292
24.455582620224465,4,14.0,8928
24.455843200636078,14,16.0,-9000
24.45610926099842,5,2.0,0
24.457803701196863,14,3.0,-9289
24.458404318133496,15,1.0,-7365
24.45924025322435,17,6.0,-4085
24.46007826194637,14,2.0,-9198
24.460927893251313,13,1.0,-9209
24.461079490438422,13,1.0,-9102
24.46173701263274,5,1.0,0
24.46270602439596,5,4.0,0
24.462963896903318,17,2.0,-5291
24.463450232613248,13,1.0,-8985
24.463948600480634,5,2.0,0
24.464794589095014,17,3.0,-947
24.465813765847145,13,1.0,-8924
24.465962883274948,14,3.0,-9191
24.466382181955,5,2.0,0
24.466825073370867,15,1.0,-7388
24.466930246551875,7,6.0,8832
24.46857402355187,5,1.0,0
24.469993827415465,5,2.0,0
24.471814871234933,17,2.0,-2292
24.472221086218653,15,16.0,-7127
24.472447185197737,5,4.0,0
24.472466942133966,6,3.0,8926
24.472485661546063,17,1.0,-5015
24.472992583602128,17,8.0,-4110
24.476963487774164,14,3.0,-9282
24.477082973474747,15,1.0,-6995
24.47737295837205,9,40.0,8899
24.478427515278597,14,2.0,-9320
24.478820942472662,5,1.0,0
24.479070245206053,15,2.0,-7109
24.48083517922209,4,8.0,8929
24.482447339967855,17,7.0,-7792
24.485115708966102,17,3.0,-674
24.48527760606972,5,3.0,0
24.48540407301233,16,1.0,690
24.485644671192844,16,20.0,7266
24.486306688607204,5,3.0,0
24.486929601961286,13,2.0,-9111
24.487701657665706,11,2.0,8823
24.49017577504418,15,6.0,-7092
24.49080422740863,5,1.0,0
24.490806194099505,14,2.0,-9002
24.490850745743334,16,4.0,2257
24.49113354636604,14,2.0,-9262
24.491381453378683,15,1.0,-7363
24.492226442199755,17,8.0,-5348
24.492597142170272,16,1.0,8317
24.493431816127334,17,6.0,-7584
24.49369422778851,4,60.0,8930
24.494694128591753,17,2.0,-6687
24.494699545042728,13,3.0,-9287
24.49497133794266,113,30.0,-9249
24.49795400306722,17,3.0,-6532
24.499884912205296,13,1.0,-9318
24.50009814443517,13,7.0,-9237
24.500261549941165,4,18.0,8931
24.500824315210092,15,3.0,-7198
24.50132250934463,5,4.0,0
24.501333146223214,15,11.0,-7411
24.50137779706779,15,11.0,-7266
24.501940269623073,13,3.0,-9219
24.503387405754133,15,13.0,-7487
24.50343604806672,15,1.0,-6964
24.504692744617618,5,2.0,0
24.505084554017905,17,1.0,-7349
24.50697261741798,5,3.0,0
24.508166871886136,5,3.0,0
24.508747661835503,14,7.0,-9182
24.50888125530853,15,3.0,-7115
24.508988581460002,13,2.0,-8988
24.509549125526494,13,4.0,-8960
24.510358484874878,14,8.0,-9092
24.510511119860098,5,7.0,0
24.510525653944093,14,5.0,-9037
24.511284291056885,5,5.0,0
24.51183628733424,16,1.0,6123
24.512908217432066,13,1.0,-9189
24.513015568832763,15,2.0,-7400
24.513618832893982,14,1.0,-9006
24.513895433482944,13,3.0,-9220
24.51391704985262,16,18.0,1245
24.514627678751907,5,1.0,0
24.514671196066356,1,1.0,8932
24.51469870817271,14,1.0,-9103
24.514699778971643,113,39.0,-9206
24.515801956047056,13,2.0,-9090
24.51638699398271,15,2.0,-7480
24.519682086120604,13,2.0,-8965
24.52033634766277,7,4.0,8862
24.52095701014772,16,5.0,6476
24.521790076737425,14,2.0,-9297
24.52327601277024,14,8.0,-9114
24.52412829067636,15,3.0,-7006
24.524884037762288,16,2.0,3539
24.525562283164568,14,2.0,-9038
24.525852616950537,15,2.0,-7238
24.531662869609832,17,2.0,-6508
24.531855135687874,15,3.0,-7125
24.534721396859243,14,3.0,-9242
24.53500920631084,5,3.0,0
24.53514765536852,13,2.0,-9152
24.535326115542897,6,1.0,8912
24.536889570382158,13,3.0,-8987
24.53713083090518,17,2.0,-4908
24.5378427978622,15,1.0,-7132
24.53819180004387,15,1.0,-7459
24.53899720212724,13,1.0,-9276
24.539544684623674,13,2.0,-8919
24.540245679495,13,4.0,-9100
24.540855197980246,17,2.0,-6605
24.541041257581735,16,4.0,8578
24.541308258711126,15,6.0,-7205
24.542488857751934,13,5.0,-8995
24.54365738913494,13,11.0,-9035
24.54516932418706,17,1.0,-3413
24.546087581538323,13,1.0,-9059
24.546422485362136,15,2.0,-7429
24.546560401864355,17,3.0,-2261
24.546644847744524,15,4.0,-7506
24.54674253386255,16,5.0,4670
24.547782176545063,5,18.0,0
24.548753003581602,15,2.0,-6966
24.548753003581602,17,2.0,-6966
24.549579876103582,15,4.0,-7453
24.549810661989184,5,6.0,0
24.55003544009135,17,1.0,-3972
24.550153267071117,5,2.0,0
24.551526185782375,17,17.0,-7919
24.551890931969865,13,1.0,-9148
24.5528818887795,5,4.0,0
24.55337199953023,14,9.0,-9073
24.5537857115442,15,3.0,-7008
24.55534600559107,16,4.0,7131
24.556016572123117,13,5.0,-9081
24.557038055656275,17,1.0,-7945
24.55763535293842,17,1.0,-6486
24.55809562299266,16,5.0,8681
24.55829659742938,13,1.0,-9029
24.558326890287656,15,2.0,-7091
24.55895195300858,15,2.0,-7192
24.560341865913106,15,1.0,-7016
24.561191331294914,17,1.0,-3899
24.563101621909375,13,1.0,-9271
24.563434655069635,5,4.0,0
24.563690340827556,5,2.0,0
24.564661307182476,13,1.0,-9085
24.564834244574495,13,7.0,-9064
24.565422074586543,13,10.0,-8945
24.565491971887198,1,5.0,8933
24.5655310941315,17,1.0,-7828
24.566465565176394,14,19.0,-8917
24.567976654429355,15,2.0,-7222
24.568350895709642,16,20.0,1012
24.569319230917177,15,1.0,-7494
24.56988944095457,16,3.0,8281
24.570211636195506,14,1.0,-9123
24.571178283408297,5,2.0,0
24.57137610104902,13,1.0,-8999
24.571878676210066,16,18.0,2296
24.573202980804197,15,2.0,-7337
24.573316840194565,11,4.0,8838
24.57355861196904,7,3.0,8897
24.573955867283637,15,3.0,-7497
24.57464824865831,15,1.0,-7042
24.575291469059515,13,1.0,-9061
24.57631546222298,17,1.0,-5018
24.576563735820223,15,2.0,-7202
24.577604342349414,5,1.0,0
24.578977957871594,5,8.0,0
24.579462343877463,17,1.0,-5080
24.580148156548294,5,3.0,0
24.581926671835845,16,5.0,3087
24.582538176697817,16,2.0,6079
24.583286029487542,14,1.0,-9126
24.583333819893756,14,12.0,-9119
24.583791214653157,15,2.0,-7175
24.58413524014208,15,3.0,-7300
24.585453490021365,5,11.0,0
24.58548706511788,5,9.0,0
24.586557508785177,17,3.0,-3216
24.58659680311452,17,1.0,-6664
24.58759235858709,14,5.0,-8923
24.588387274646692,17,1.0,-626
24.588579930946924,15,3.0,-7357
24.588827033940944,5,3.0,0
24.589179582930804,13,6.0,-9070
24.589473802242537,15,2.0,-7277
24.589702544942632,14,1.0,-8978
24.590244734782463,15,3.0,-7220
24.590777298004603,14,2.0,-8991
24.591831543804794,11,1.0,8799
24.59188790695867,15,5.0,-7304
24.59194941044921,5,15.0,0
24.592136303149093,15,3.0,-7372
24.59252663066068,13,3.0,-9145
24.59260470546676,13,1.0,-9256
24.59282010870183,5,1.0,0
24.59326292074256,15,1.0,-7501
24.59365419656728,17,1.0,-4052
24.594241359705553,17,2.0,-7279
24.595305589714812,17,1.0,-4496
24.595387089066193,17,1.0,-3796
24.595997678636504,14,56.0,-8967
24.598310472161472,14,3.0,-9286
24.59851478234021,15,1.0,-7049
24.598599265339338,15,1.0,-7360
24.600600433840356,17,1.0,-1835
24.600882903077878,15,2.0,-7245
24.600882903077878,17,2.0,-7245
24.60131386096402,13,5.0,-9155
24.6013986037049,17,2.0,-3735
24.601797325659444,14,4.0,-9190
24.60251088528796,15,2.0,-7059
24.6026955695302,13,1.0,-9298
24.603189438149254,13,10.0,-9127
24.603221323179632,14,6.0,-9284
24.603567323964718,15,2.0,-7496
24.603567323964718,17,2.0,-7496
24.603842679471285,13,2.0,-8944
24.606221141415162,14,3.0,-9156
24.606548297479453,13,1.0,-8947
24.607191659986245,13,2.0,-9275
24.607687893966293,14,4.0,-9270
24.60828800925444,5,3.0,0
24.610423763519744,14,5.0,-9279
24.610669475911106,5,4.0,0
24.61164717124845,5,1.0,0
24.61264879506066,15,4.0,-7426
24.613390019868817,17,1.0,-6291
24.61386876998925,5,3.0,0
24.614691380793253,5,8.0,0
24.615048118098937,14,24.0,-9241
24.615707302958587,113,48.0,-9124
24.615793291262708,5,2.0,0
24.618357924551233,5,1.0,0
24.62092053457001,16,18.0,4400
24.621363150369746,15,4.0,-7155
24.621748040210925,15,2.0,-7072
24.622873216754883,14,2.0,-9315
24.624930851379162,15,2.0,-6963
24.624951282785812,5,1.0,0
24.625070721854687,16,6.0,23
24.62533725884509,14,3.0,-9228
24.626905247260396,15,1.0,-6979
24.62919700341649,17,3.0,-4804
24.630154036593765,9,19.0,8802
24.63193007792752,17,1.0,-6222
24.635453998339067,17,2.0,-6992
24.635857414738908,14,1.0,-9025
24.63899983848062,7,4.0,8887
24.639912769417197,13,2.0,-8982
24.6401483659529,13,1.0,-9186
24.64150352115036,16,1.0,6149
24.641710175088864,13,1.0,-9248
24.641733602098373,15,6.0,-7299
24.644320087721113,17,5.0,-1003
24.646299819911302,17,7.0,-7908
24.646971764349054,13,1.0,-9202
24.647825701063493,15,17.0,-7237
24.64786970389048,17,4.0,-983
24.648005607367207,14,4.0,-9098
24.64827941511145,17,1.0,-4806
24.648522671945987,16,2.0,1405
24.648919440941533,17,2.0,-1870
24.649002247616245,14,10.0,-9244
24.64964558502713,15,1.0,-6976
24.651069216901902,17,2.0,-4540
24.65129256330338,14,2.0,-9095
24.65209665672782,16,8.0,3577
24.653023311741602,13,1.0,-8973
24.653843046803967,14,13.0,-8990
24.654103231932194,15,4.0,-7050
24.654857300641158,15,1.0,-7270
24.656844100325024,15,4.0,-7316
24.656877622741987,16,2.0,4950
24.65697714496708,15,1.0,-7447
24.65822423198605,17,6.0,-5320
24.658266192660598,15,1.0,-6944
24.660281513201323,15,2.0,-7503
24.66120950578775,5,1.0,0
24.66272308819099,5,2.0,0
24.66500828114427,5,2.0,0
24.665707164454233,14,4.0,-8997
24.665789380140367,13,31.0,-9217
24.665933114475635,4,26.0,8934
24.666133294612912,16,1.0,6157
24.66632119948956,5,4.0,0
24.666435233419122,16,4.0,2359
24.666702116829637,5,5.0,0
24.667466047193496,15,3.0,-7309
24.67012570393693,13,1.0,-9032
24.67054014455833,17,1.0,-1131
24.67188003339998,15,5.0,-6989
24.672052454627753,15,2.0,-7145
24.673537258630926,17,3.0,-4687
24.6743939365633,17,4.0,-2310
24.67612868995191,13,2.0,-9147
24.676316619983815,16,53.0,3909
24.676790547838298,15,10.0,-7381
24.67702002144562,13,6.0,-9088
24.67813280986612,10,26.0,8934
24.67879258302974,15,3.0,-7216
24.681049855837635,15,1.0,-7039
24.681252625653805,14,1.0,-9039
24.68426133083886,17,1.0,-7536
24.684929047987367,7,2.0,8883
24.685263076098202,15,1.0,-6950
24.686621712459154,15,3.0,-7466
24.68701365801722,17,14.0,-1473
24.68755289893622,13,3.0,-9047
24.68757852808839,15,1.0,-7170
24.68785685834509,15,3.0,-6997
24.688483924784187,14,4.0,-9041
24.69029863165534,17,1.0,-4188
24.690386156286174,5,2.0,0
24.690769261709303,13,4.0,-9106
24.69185350560413,5,1.0,0
24.691941313592014,17,1.0,-6194
24.6921275786923,14,12.0,-9142
24.693547591907837,15,1.0,-7409
24.69412628220025,17,2.0,-3142
24.694164325252295,13,1.0,-8980
24.69456387278594,15,3.0,-7068
24.6962989515365,15,8.0,-7093
24.69635601165609,13,1.0,-9260
24.697614741054178,15,3.0,-7217
24.69938356132806,13,5.0,-9118
24.701452090332484,15,4.0,-7070
24.701710341368965,13,2.0,-9192
24.704132968438888,17,7.0,-4402
24.70457942165096,7,1.0,8884
24.704597572603937,17,2.0,-3345
24.704866962730534,17,3.0,-305
24.70819406619839,13,1.0,-9017
24.70882344713324,5,3.0,0
24.70906870722361,5,2.0,0
24.709400369781456,14,1.0,-9291
24.709775563169046,16,7.0,557
24.710278261192087,5,20.0,0
24.710758684598,5,3.0,0
24.710956013851614,15,16.0,-7428
24.71176958872801,13,1.0,-9020
24.71224710560391,15,4.0,-7416
24.713318717675637,17,1.0,-3897
24.71444404988914,13,2.0,-9015
24.714866285904392,14,16.0,-9263
24.715392584187292,13,2.0,-8972
24.715559946235018,16,1.0,4849
24.71567939505341,1,4.0,8935
24.71582550561545,13,3.0,-9309
24.717456028727792,17,2.0,-8500
24.71773245893005,17,2.0,-4570
24.71802868042574,17,1.0,-2388
24.71816511933443,15,8.0,-7348
24.71913551186871,5,6.0,0
24.719262798393302,14,1.0,-9062
24.72007153824377,5,2.0,0
24.721252480932208,17,10.0,-2064
24.72128999368826,13,1.0,-9143
24.72165040225478,17,6.0,-5972
24.72467592852663,17,5.0,-2980
24.72681925094092,5,17.0,0
24.72769635114425,17,1.0,-5412
24.72834386074277,15,1.0,-7236
24.729491862075733,5,3.0,0
24.729930028289385,17,8.0,-5787
24.730288067710994,16,5.0,8517
24.731211606935396,17,13.0,-604
24.732583174615655,5,2.0,0
24.732730643922956,15,5.0,-7116
24.7344852098303,13,3.0,-9076
24.736523183743106,15,3.0,-7374
24.736780788112284,13,1.0,-9043
24.737578050238035,14,6.0,-8996
24.739152174391066,15,4.0,-7037
24.739268064203085,15,4.0,-7280
24.73943923021506,13,2.0,-9312
24.740157794280925,13,1.0,-9197
24.740767103434678,17,1.0,-4049
24.74169809286693,17,1.0,-4834
24.744077864914363,15,2.0,-7002
24.74508241203146,16,5.0,5586
24.747403959174566,7,2.0,8861
24.747669582713918,17,1.0,-1676
24.751306447011295,5,3.0,0
24.753085494067566,15,4.0,-6993
24.753495672077253,13,2.0,-9216
24.753578415940215,5,1.0,0
24.753585976568495,5,2.0,0
24.754400521138766,17,4.0,-7455
24.755614379297693,15,1.0,-7131
24.756543246751335,5,3.0,0
24.757795096095876,17,46.0,-3781
24.758532748608985,17,2.0,-5417
24.75890433804048,11,59.0,8852
24.762943073436695,13,18.0,-8931
24.76322468550586,14,3.0,-9222
24.763957483375844,15,1.0,-6973
24.763957483375844,17,1.0,-6973
24.764319473075545,14,2.0,-9018
24.765261846490457,13,1.0,-9230
24.76684679617569,17,7.0,-3139
24.76718802978961,13,1.0,-9255
24.767214081865234,14,1.0,-9179
24.767469696115203,14,2.0,-8976
24.76767312793247,15,1.0,-6956
24.76829886712298,13,1.0,-9066
24.768750151462548,13,3.0,-8992
24.77133800060214,15,8.0,-7406
24.775502907612758,14,4.0,-8935
24.775546627865864,16,1.0,6396
24.77660325497582,15,1.0,-7228
24.77883119500376,15,2.0,-7162
24.779889208988067,13,3.0,-9200
24.78190485214948,17,4.0,-1475
24.782640440711635,15,4.0,-7172
24.78330396830941,17,3.0,-2604
24.78336395141793,16,10.0,976
24.78403417189338,17,1.0,-7313
24.784569444818835,15,3.0,-7368
24.784943271903167,17,2.0,-3566
24.785578682678526,15,1.0,-7481
24.786693460539485,15,3.0,-7043
24.78784987606306,15,7.0,-7369
24.78836088458713,16,3.0,8474
24.78866698797403,10,14.0,8928
24.789184663932893,17,10.0,-7750
24.789300166097195,13,4.0,-9203
24.78959125310293,14,2.0,-9303
24.790897532586197,5,3.0,0
24.790959801358625,15,1.0,-7356
24.791161647858118,15,1.0,-7094
24.79145249241243,13,2.0,-9021
24.791470948143882,5,2.0,0
24.792196230230847,5,2.0,0
24.792835838325068,15,1.0,-7486
24.794063759096286,15,1.0,-6985
24.794233851104913,6,1.0,8932
24.794535726073878,13,2.0,-9094
24.795320630102673,17,11.0,-422
24.797366528540973,16,5.0,8440
24.79856064502417,13,5.0,-9281
24.798647184679744,17,2.0,-4074
24.79947282566626,14,4.0,-9317
24.799489042619527,16,2.0,6265
24.801337290566796,15,3.0,-7047
24.80188293474245,13,2.0,-8956
24.802743756595298,14,13.0,-9252
24.802833018811278,13,3.0,-9087
24.803412173949013,17,1.0,-6316
24.80536916779899,13,1.0,-9022
24.805683816088838,13,3.0,-9068
24.806161416065805,14,2.0,-9042
24.806389068152253,14,1.0,-8926
24.8078515875118,15,5.0,-7326
24.807947708677627,17,3.0,-1787
24.80844186923037,13,4.0,-9254
24.808443083762185,5,2.0,0
24.811072385138772,5,12.0,0
24.811914246980127,5,6.0,0
24.81241544653674,16,5.0,4176
24.81315615006737,17,8.0,-7227
24.81399099812258,14,7.0,-9141
24.81490587311079,15,1.0,-7499
24.815849697685685,16,4.0,6576
24.81781604718788,17,1.0,-4133
24.81863435601776,17,4.0,-2330
24.818983898084795,17,1.0,-6623
24.819044580886164,5,4.0,0
24.8197807047491,17,1.0,-6519
24.820579664937757,17,3.0,-6446
24.821744014821913,17,1.0,-5335
24.82245893154576,14,1.0,-9295
24.822821832558326,15,1.0,-7430
24.824412162160094,5,6.0,0
24.82473352125854,15,1.0,-7261
24.8250650506249,13,3.0,-9078
24.82721012197299,6,4.0,8935
24.827502793380575,15,2.0,-6940
24.82780509816247,5,3.0,0
24.828025638619557,17,6.0,-4436
24.829739532144952,7,8.0,8850
24.83081325088227,5,3.0,0
24.83223446166756,13,5.0,-9321
24.833413079414125,5,2.0,0
24.833470274433044,16,8.0,2710
24.83348471285,5,2.0,0
24.833987434940315,13,8.0,-9183
24.83408919052707,10,6.0,8909
24.83595339385829,16,1.0,4955
24.837905920680555,17,1.0,-6742
24.838000724912778,13,3.0,-9060
24.8383410649687,13,4.0,-9108
24.838384226280112,14,3.0,-9082
24.838494018018665,15,2.0,-7422
24.839194072538902,17,5.0,-3331
24.839522514395522,5,20.0,0
24.839936617334214,17,4.0,-5243
24.839944152992835,17,2.0,-3002
24.840489970907594,5,1.0,0
24.84061014042256,13,24.0,-9305
24.84182247650499,15,5.0,-7019
24.84190369155843,13,1.0,-9063
24.842639261962603,15,1.0,-7253
24.843095577444505,17,1.0,-5769
24.843452979958325,5,3.0,0
24.844808442470093,16,3.0,1837
24.845059842941417,13,1.0,-8927
24.8451063881011,17,13.0,-7950
24.845443002998653,16,49.0,3173
24.845665709274563,17,1.0,-5953
24.847207390470295,17,3.0,-8495
24.84737225919902,17,14.0,-5912
24.847638045742187,7,6.0,8895
24.84895189628945,14,50.0,-8933
24.8490203208968,5,2.0,0
24.85032787207841,15,1.0,-7457
24.850446760646214,17,1.0,-7818
24.850991264267645,14,5.0,-9265
24.851054760879652,15,1.0,-7150
24.852108822497186,17,8.0,-3761
24.852344287895182,13,1.0,-8950
24.853499277473595,14,1.0,-9210
24.853753135381638,13,4.0,-8963
24.856270775415183,13,1.0,-9160
24.85668695654496,17,3.0,-6209
24.856728882494558,5,4.0,0
24.857216355163015,13,2.0,-9144
24.857297513312837,15,1.0,-7045
24.857779247909093,5,4.0,0
24.85879089990216,15,1.0,-7181
24.859069993782818,15,1.0,-7498
24.859170467052603,14,5.0,-9235
24.859250617831414,5,2.0,0
24.85939979118019,5,1.0,0
24.859585034035668,17,2.0,-8325
24.86047693033359,13,1.0,-9010
24.860565718257437,15,2.0,-7295
24.860565718257437,17,2.0,-7295
24.861214445783446,17,2.0,-5451
24.861288909692764,16,5.0,1366
24.861619129326815,14,1.0,-9195
24.862596675762795,16,7.0,2301
24.86373746292859,16,2.0,8365
24.864630493755932,113,32.0,-9266
24.864909000644808,13,3.0,-8964
24.86492745156972,15,4.0,-7086
24.86492745156972,17,4.0,-7086
24.86526578366663,13,2.0,-9238
24.867770959091104,17,5.0,-2631
24.867839919952353,15,2.0,-7195
24.869255778202323,17,8.0,-835
24.869412858356963,13,5.0,-9236
24.87117416573318,5,2.0,0
24.87176803816934,13,1.0,-9121
24.87197233119211,15,3.0,-7213
24.872204306457114,17,5.0,-3381
24.872756406693185,15,1.0,-7133
24.872924245233424,15,2.0,-7247
24.87332246567271,15,4.0,-6955
24.873719606307173,14,3.0,-9053
24.8739216657144,15,6.0,-7066
24.87410849917748,15,1.0,-7325
24.874342371286176,5,4.0,0
24.87611561730955,13,2.0,-9268
24.876293294473417,15,2.0,-7417
24.876971741014593,5,1.0,0
24.87743627423517,17,1.0,-7161
24.877482791869912,13,4.0,-8998
24.877656235855966,16,3.0,969
24.878144227320117,5,1.0,0
24.878371220325395,15,1.0,-7460
24.879024001956818,15,1.0,-7035
24.879128694096043,5,1.0,0
24.87926505996441,13,3.0,-9027
24.879625217868224,17,12.0,-5899
24.88015006755126,13,31.0,-9229
24.880389682472448,16,2.0,765
24.88058977181783,13,4.0,-8968
24.881528749911038,5,2.0,0
24.882364808247665,13,1.0,-9140
24.88270175819635,13,2.0,-9011
24.882788768597027,13,1.0,-9211
24.883510758202895,17,2.0,-6248
24.88521924423314,3,31.0,8936
24.887710901280112,15,4.0,-6994
24.88884345713994,15,2.0,-7382
24.889585733843653,14,3.0,-9274
24.8898838262182,15,1.0,-7317
24.89112133500454,5,1.0,0
24.89194902598033,5,4.0,0
24.893077449833186,17,2.0,-5358
24.89476125105852,13,1.0,-9223
24.89552659855569,5,3.0,0
24.897321821498213,5,16.0,0
24.897696548681804,13,1.0,-9071
24.897821894752443,5,2.0,0
24.8991409179003,13,1.0,-8928
24.89925780824316,17,2.0,-7992
24.90122644807446,13,3.0,-9288
24.901433958606287,5,1.0,0
24.902973485171856,15,9.0,-7089
24.902973485171856,17,9.0,-7089
24.903176232922178,14,1.0,-9093
24.904214793124616,13,11.0,-9283
24.906414784258136,6,2.0,8922
24.90946694592439,16,46.0,1332
24.91051101824525,17,1.0,-8234
24.91165738873656,7,1.0,8894
24.91194824452807,1,2.0,8937
24.912402809951107,13,2.0,-9293
24.913538915461885,15,2.0,-7303
24.913784822397258,14,1.0,-8951
24.915532688365435,17,2.0,-5585
24.915699587218775,5,2.0,0
24.91753244659177,17,1.0,-2618
24.91767167096843,14,4.0,-9044
24.917711378978346,15,5.0,-7232
24.91792192223521,5,2.0,0
24.917972267920895,17,2.0,-2742
24.91883680304941,13,2.0,-8929
24.920693311064174,13,14.0,-9278
24.920694130053672,15,2.0,-7251
24.920701956243867,17,1.0,-6915
24.921364700479604,13,1.0,-9204
24.921989581284635,15,1.0,-7244
24.922363815575196,15,1.0,-7017
24.923398011850853,17,2.0,-3198
24.923424934505437,13,9.0,-9072
24.92346250980137,15,5.0,-7223
24.924421424754296,5,1.0,0
24.925150514893623,15,2.0,-7472
24.92534817484022,15,2.0,-7294
24.92693198212186,17,1.0,-7330
24.92714564632828,5,1.0,0
24.928634538965586,14,4.0,-9031
24.930159787972585,16,3.0,6957
24.930521870729944,5,3.0,0
24.931464056019514,13,2.0,-9154
24.93210702893306,15,12.0,-7207
24.933002179140107,13,1.0,-9253
24.933943182043382,17,12.0,-4008
24.93395380623945,17,2.0,-5651
24.935111898574714,15,4.0,-6929
24.93580088480377,10,18.0,8915
24.936172353980467,17,2.0,-3946
24.936455074620564,13,7.0,-8969
24.93663348963944,5,2.0,0
24.936783215596154,13,1.0,-9097
24.939371641400403,17,6.0,-4204
24.939937731356366,5,2.0,0
24.94169070633262,10,57.0,8903
24.941741744089335,14,2.0,-9058
24.943082457215215,15,3.0,-7315
24.943103719410086,15,2.0,-7248
24.94435018839344,13,3.0,-9134
24.94674564469578,15,5.0,-6953
24.946852206308925,13,1.0,-9024
24.947270022386537,14,1.0,-9304
24.948350824878872,16,21.0,3804
24.949390209703846,13,4.0,-8943
24.95023216834429,8,5.0,8907
24.95079075467425,17,1.0,-2351
24.95215754960081,14,1.0,-9239
24.95249365328548,14,3.0,-8920
24.95334440169056,13,4.0,-8940
24.954323268969233,14,3.0,-9290
24.955018788253533,13,5.0,-9028
24.958696166351114,15,4.0,-7421
24.9587830443616,13,2.0,-9164
24.96057214073243,13,3.0,-9036
24.9618017787298,17,1.0,-5318
24.962092673225975,14,2.0,-9033
24.962383688078134,17,2.0,-1313
24.96248649730705,15,1.0,-7007
24.963235721500368,5,7.0,0
24.965079746044815,15,2.0,-7221
24.966878215895257,14,10.0,-9301
24.967208735522938,5,2.0,0
24.967274121161843,13,1.0,-9280
24.96796708081868,17,8.0,-7138
24.968868835853428,15,4.0,-7206
24.968948951005615,10,11.0,8910
24.96937516067665,15,1.0,-7255
24.96956138401973,5,8.0,0
24.970452724430555,13,2.0,-8946
24.97283763953993,14,2.0,-8977
24.97443718133802,14,7.0,-8942
24.975916591741264,17,1.0,-5259
24.97890987041371,14,57.0,-9273
24.978994672471018,15,15.0,-7373
24.97927686761297,13,1.0,-9300
24.982125367723867,14,13.0,-8952
24.982447415989956,113,25.0,-8957
24.982749613379927,5,2.0,0
24.983632565308366,14,2.0,-9323
24.984389555944574,13,12.0,-9316
24.985084105810806,17,4.0,-2488
24.98516137806652,17,4.0,-7679
24.98775675898481,5,3.0,0
24.988666096909235,17,1.0,-4073
24.988805918008072,17,2.0,-8046
24.988997242932662,17,4.0,-3754
24.99002077265388,17,2.0,-6700
24.99019832518652,7,2.0,8881
24.990351967344996,5,4.0,0
24.990560232996692,5,2.0,0
24.990657535328168,14,1.0,-9146
24.99152679498593,17,1.0,-5993
24.99247179151038,14,7.0,-9299
24.99304407889343,17,5.0,-7342
24.993210600163188,113,54.0,-8958
24.993227741160517,13,2.0,-9178
24.994851149935144,13,8.0,-9162
24.995484609206347,14,7.0,-9014
24.995821169567456,13,51.0,-9055
24.996019512568278,13,1.0,-9173
24.996319055526364,17,33.0,-7688
24.99632688794847,16,6.0,4920
24.997060266695513,13,6.0,-8914
24.997706224916623,15,1.0,-7124
24.99915273359543,17,1.0,-2048
24.999360943858917,13,1.0,-9149
24.99961651028078,15,7.0,-7433
24.99975547773273,13,3.0,-8921
25.001024081266085,13,1.0,-9525
25.006279230025633,13,2.0,-9396
25.00700115290633,15,13.0,-7533
25.008120329974858,15,1.0,-8014
25.009724347764354,6,1.0,8902
25.011504365981054,16,49.0,3524
25.012302644291843,13,6.0,-9470
25.012737392395163,15,1.0,-7871
25.01461321729208,16,1.0,6507
25.015374912401775,16,9.0,6098
25.016142768065887,14,4.0,-9491
25.016714027211602,14,4.0,-9566
25.017398467002934,13,6.0,-9371
25.01773543090843,14,2.0,-9496
25.01808937266077,15,1.0,-7980
25.01832055022383,15,1.0,-8016
25.018833890427565,15,2.0,-7751
25.02084500166695,5,2.0,0
25.021302743971557,5,3.0,0
25.0230264792641,1,2.0,8938
25.025282013253054,13,10.0,-9673
25.025919075194203,5,1.0,0
25.028552799752763,15,2.0,-7804
25.029462569176598,5,3.0,0
25.02948659242194,5,8.0,0
25.0296362779092,5,5.0,0
25.03354880151812,8,6.0,8917
25.034231590065176,13,9.0,-9690
25.035064770138412,13,8.0,-9385
25.035846167396862,15,1.0,-8092
25.036311032718555,14,2.0,-9412
25.03729256809595,12,6.0,8909
25.037392880390886,14,1.0,-9359
25.03963077358341,4,8.0,8939
25.040550144386437,14,2.0,-9717
25.04073844339906,5,7.0,0
25.04231729377309,13,1.0,-9563
25.043907700864317,16,4.0,5068
25.04559642499077,17,5.0,-6105
25.046846577694424,14,8.0,-9479
25.0474525454488,15,5.0,-7803
25.047762704270955,15,1.0,-7765
25.04921983098003,16,2.0,3741
25.051116097829052,13,1.0,-9684
25.052144731582,13,2.0,-9326
25.054730111494234,9,8.0,8853
25.05562448818887,15,2.0,-7701
25.05562448818887,17,2.0,-7701
25.055919248452728,6,2.0,8919
25.057875887235408,13,1.0,-9394
25.059599401503768,15,1.0,-7955
25.059764239635825,15,2.0,-8064
25.061149352420653,14,1.0,-9488
25.06121638153883,13,5.0,-9443
25.061441290311656,17,2.0,-3444
25.06156621935582,15,1.0,-7925
25.061829738472742,13,1.0,-9424
25.063180927705904,14,2.0,-9477
25.06472091321052,13,1.0,-9588
25.065553916747454,5,4.0,0
25.066674231726306,13,3.0,-9646
25.0669014296544,13,1.0,-9456
25.06888030968462,15,2.0,-7774
25.06888372815258,16,17.0,8526
25.069006891183832,15,3.0,-7999
25.07004352102099,14,3.0,-9332
25.070421318622458,15,1.0,-7848
25.07117391780557,15,4.0,-7802
25.07139460565888,5,3.0,0
25.072049539674946,13,2.0,-9353
25.072687166495108,17,3.0,-2234
25.073516170032725,5,4.0,0
25.07397144870868,15,1.0,-7862
25.074153542128897,17,4.0,-2215
25.07442788443141,16,9.0,5076
25.07586131162314,13,1.0,-9724
25.076751554980316,13,3.0,-9413
25.079028942797613,13,1.0,-9432
25.080312335706232,15,1.0,-8013
25.08059230373569,13,2.0,-9565
25.080720511255834,15,1.0,-7793
25.081797302208262,15,4.0,-7837
25.08207308471259,15,6.0,-8089
25.083439207691967,16,1.0,1140
25.0844562900147,5,2.0,0
25.08534582802652,13,2.0,-9352
25.08580561622981,5,1.0,0
25.0862562922305,5,3.0,0
25.087180301496286,13,1.0,-9699
25.08777918881127,17,4.0,-4527
25.089369671858748,13,15.0,-9658
25.09013175437598,13,2.0,-9388
25.091290480414727,15,1.0,-8034
25.09186256999989,1,7.0,8940
25.092027584159016,13,4.0,-9650
25.092046613204325,11,8.0,8890
25.092067183877347,5,10.0,0
25.092117614206156,16,2.0,1703
25.093414088858083,16,1.0,7743
25.09431410934224,15,2.0,-7924
25.09598870911714,15,1.0,-7634
25.09633526157632,14,3.0,-9437
25.096504270376382,14,6.0,-9572
25.097950083759812,5,2.0,0
25.098038815671355,5,2.0,0
25.09875141578905,15,1.0,-8038
25.099139718293028,13,1.0,-9591
25.09931913368811,15,3.0,-8023
25.099670252165065,14,1.0,-9602
25.100635097513603,15,6.0,-7529
25.10067470946229,5,1.0,0
25.10174879436934,15,2.0,-7968
25.10174879436934,17,2.0,-7968
25.101920140905733,14,2.0,-9493
25.102260257037294,14,3.0,-9502
25.102428905560917,1,6.0,8941
25.10324435645426,15,1.0,-7982
25.103995959144374,1,2.0,8942
25.106209674543024,5,3.0,0
25.111002941380352,5,1.0,0
25.111543151717395,11,5.0,8882
25.111604090526384,13,3.0,-9336
25.112261120279364,14,3.0,-9721
25.113770140396007,5,2.0,0
25.11490961708079,15,3.0,-7974
25.11521650040425,15,1.0,-7771
25.11592133863259,17,1.0,-743
25.11697529855615,16,2.0,2423
25.119475593510607,13,2.0,-9624
25.121364137731874,5,4.0,0
25.124220466767603,14,1.0,-9727
25.124640271460848,9,6.0,8917
25.125977518165808,14,3.0,-9453
25.12674879341414,5,7.0,0
25.12693809402775,16,1.0,1735
25.127051794053298,13,6.0,-9656
25.128277681204573,16,4.0,6326
25.12990819573713,15,3.0,-8030
25.130501867716372,13,1.0,-9647
25.13082230350232,15,1.0,-7984
25.13135902289126,15,3.0,-7939
25.132563126405515,15,8.0,-7596
25.133016705483218,6,6.0,8941
25.13478737360331,5,2.0,0
25.13612970946393,13,2.0,-9613
25.136489647794043,13,1.0,-9543
25.13679129827184,15,4.0,-7575
25.137061765637366,13,3.0,-9536
25.13947330855759,14,3.0,-9362
25.1411543198737,13,6.0,-9635
25.141666839861777,13,5.0,-9703
25.142250227394626,15,2.0,-7809
25.142470335357046,16,2.0,6872
25.143945338944274,7,1.0,8863
25.144469199726384,13,3.0,-9687
25.145425388871054,15,1.0,-8004
25.145492715877435,5,1.0,0
25.148059102459833,13,3.0,-9732
25.1483130745714,13,1.0,-9649
25.148338634396325,14,2.0,-9389
25.148895123837878,15,1.0,-7981
25.150077118279544,14,1.0,-9354
25.15044332326736,16,40.0,5990
25.15089764480281,14,41.0,-9441
25.153212855392873,14,2.0,-9340
25.154598750119604,5,3.0,0
25.154767196787443,15,1.0,-8006
25.157023352146823,14,1.0,-9517
25.15765636931077,13,2.0,-9485
25.158452368208742,17,2.0,-1332
25.159488387384428,13,2.0,-9571
25.15979984567372,5,1.0,0
25.160852594980433,14,2.0,-9460
25.161575811579844,16,1.0,6279
25.16292808805703,16,40.0,3148
25.163308349486886,14,11.0,-9361
25.16332821602503,15,5.0,-7587
25.164083624506084,15,3.0,-7511
25.164083624506084,17,3.0,-7511
25.168870042141958,15,3.0,-7815
25.16952297875903,14,2.0,-9391
25.171560758713575,13,7.0,-9654
25.173528509278224,16,5.0,7626
25.174133711208214,15,1.0,-7885
25.175889470177093,13,14.0,-9683
25.176318805235997,5,3.0,0
25.17644035308697,15,3.0,-7807
25.179837516082724,17,3.0,-3404
25.179849666743866,15,4.0,-8042
25.18032113616416,5,1.0,0
25.182379170005557,5,1.0,0
25.184250330220706,14,2.0,-9430
25.186885927652785,5,2.0,0
25.188017756061793,5,7.0,0
25.18820707010176,5,3.0,0
25.19046204857053,5,8.0,0
25.19173486042903,13,3.0,-9634
25.193673062373165,16,58.0,1725
25.19389217318495,5,3.0,0
25.194034525474386,5,13.0,0
25.196008816502097,5,4.0,0
25.196169377970254,5,2.0,0
25.19694884541126,15,1.0,-7531
25.1973296449897,13,3.0,-9655
25.20134743487412,11,5.0,8831
25.20513883461668,14,8.0,-9720
25.205413229074885,17,2.0,-4542
25.20693399365674,15,6.0,-7702
25.207906491138054,16,1.0,6125
25.207942446218407,13,1.0,-9625
25.212050921133873,113,58.0,-9338
25.21257559140651,15,11.0,-8021
25.212768464602448,13,4.0,-9574
25.212829230876913,17,4.0,-782
25.213115360775593,17,42.0,-2323
25.213328743821776,17,1.0,-3239
25.2140431938467,113,49.0,-9529
25.216960492140203,13,1.0,-9343
25.217734727220748,14,2.0,-9546
25.21775552934208,13,1.0,-9668
25.218039861508483,15,3.0,-7600
25.218617932207845,17,1.0,-6725
25.219609305192925,5,11.0,0
25.220120738427752,15,3.0,-7546
25.220666867420107,16,1.0,5721
25.222246232562185,15,4.0,-7550
25.222398347029433,13,1.0,-9568
25.222648387939014,14,2.0,-9604
25.22339107792573,15,2.0,-7719
25.223742324354305,17,1.0,-2553
25.224981543310832,17,2.0,-884
25.225776186117862,15,10.0,-7703
25.226162681030917,5,2.0,0
25.226305751620437,14,1.0,-9544
25.22638609931118,5,23.0,0
25.226429449952636,15,2.0,-7819
25.227586744176474,13,1.0,-9405
25.228215907825092,1,1.0,8943
25.228409713724837,13,3.0,-9584
25.228665531390824,14,3.0,-9551
25.229565037423026,5,2.0,0
25.229834908291107,13,1.0,-9499
25.23020678788992,13,11.0,-9528
25.230898104601902,5,3.0,0
25.231325489100666,15,54.0,-7706
25.231583870598467,7,1.0,8906
25.231631965582125,17,2.0,-4623
25.231761550157717,5,17.0,0
25.23202656574377,15,3.0,-7958
25.232261291419526,16,55.0,2580
25.232319956236097,13,4.0,-9511
25.23241224210761,15,1.0,-7522
25.232887805481372,5,8.0,0
25.233109032002986,14,4.0,-9561
25.233584573916424,14,4.0,-9355
25.237324091557813,13,57.0,-9708
25.238300762928557,15,1.0,-7725
25.23837820322395,17,2.0,-3092
25.239484977079627,14,6.0,-9510
25.242065718802497,15,2.0,-7775
25.24336777474168,16,14.0,4285
25.24358195374912,13,5.0,-9334
25.24470244009243,17,4.0,-1395
25.244991859545756,5,3.0,0
25.24739876727958,13,6.0,-9601
25.247773942566077,13,1.0,-9366
25.24818178873358,15,1.0,-7566
25.248223063642772,5,5.0,0
25.248782953000426,14,8.0,-9615
25.250652492521102,13,2.0,-9451
25.253168266840625,14,2.0,-9454
25.25343777614376,17,2.0,-7445
25.254019746322648,15,1.0,-7758
25.255077925031074,14,1.0,-9707
25.255575418918387,14,1.0,-9447
25.256352025507642,15,1.0,-7615
25.258434392718634,5,1.0,0
25.25866989015067,5,3.0,0
25.258750634349422,15,44.0,-7711
25.25919054994906,7,3.0,8869
25.25974319256569,13,1.0,-9659
25.262913308738394,5,2.0,0
25.26330144968491,14,2.0,-9678
25.26362432914574,5,3.0,0
25.26407184666207,5,2.0,0
25.264525237029307,14,12.0,-9577
25.265205709551925,17,1.0,-2657
25.265364778467404,15,2.0,-7732
25.26556740975417,15,6.0,-7842
25.266566277301283,14,1.0,-9481
25.26724265163232,5,3.0,0
25.267761745295925,16,25.0,1749
25.268165388930097,14,2.0,-9688
25.26951151653901,17,5.0,-2860
25.271231642258513,15,1.0,-7979
25.271240965560082,16,3.0,2926
25.27256724108944,113,48.0,-9425
25.273317308759474,17,27.0,-1296
25.273423702351078,3,21.0,8944
25.274991896561236,5,4.0,0
25.275739468154747,15,2.0,-7573
25.276623398328404,17,1.0,-1359
25.27696163031949,15,2.0,-7964
25.277119813540967,16,4.0,1782
25.27880166857318,13,5.0,-9578
25.278990198327794,5,8.0,0
25.282517453112334,14,1.0,-9567
25.284009232994567,14,3.0,-9406
25.28442460459599,15,6.0,-8073
25.285896598327636,15,1.0,-7880
25.286096281967694,13,1.0,-9347
25.286390189789145,16,4.0,392
25.286742241614697,15,2.0,-8028
25.287002209802314,15,4.0,-7784
25.28709788210193,17,2.0,-5492
25.287415098290083,113,25.0,-9504
25.29009756377092,7,3.0,8898
25.290746304708854,17,4.0,-1417
25.290934924285366,17,1.0,-3706
25.291229236403,13,5.0,-9586
25.291649241629695,13,1.0,-9713
25.29180546290601,15,2.0,-7625
25.29186606143498,14,5.0,-9466
25.291990618226592,17,5.0,-5002
25.293043765809628,5,4.0,0
25.29426130052877,17,1.0,-7062
25.29438862330024,15,4.0,-7564
25.294905537308107,14,21.0,-9556
25.297671618265426,1,8.0,8945
25.29816762285399,17,3.0,-2854
25.298191388401413,13,10.0,-9518
25.30000863263951,13,3.0,-9718
25.30184950871005,5,2.0,0
25.302164026756362,14,4.0,-9596
25.303532267329807,13,5.0,-9492
25.30658571828473,6,1.0,8943
25.3074382503448,16,2.0,5187
25.309241241793234,13,2.0,-9545
25.309481880943704,15,1.0,-8029
25.311593907470442,15,1.0,-7677
25.311593907470442,17,1.0,-7677
25.312137830066145,5,2.0,0
25.312258296965187,13,7.0,-9532
25.312368927106704,15,14.0,-7865
25.312543060995765,15,1.0,-7742
25.315043872786262,13,7.0,-9386
25.31516556364311,15,3.0,-7947
25.315469656388657,15,46.0,-7823
25.31584296440651,6,6.0,8904
25.316048567585927,17,10.0,-5635
25.316565622093105,15,1.0,-7641
25.31820131807412,15,3.0,-8059
25.31842017619292,15,1.0,-7524
25.319048636381396,15,8.0,-7713
25.31988729983062,17,1.0,-3981
25.320518554859646,16,3.0,4484
25.32328223177489,13,2.0,-9593
25.32336148148361,5,3.0,0
25.326065576733495,15,2.0,-7629
25.327549237772892,14,4.0,-9711
25.327567893545922,13,3.0,-9600
25.32824585386686,7,2.0,8877
25.32881218300076,14,4.0,-9694
25.32987901622935,15,5.0,-8033
25.32989090539089,15,2.0,-7888
25.3314758754073,13,3.0,-9548
25.333092315659638,13,1.0,-9682
25.33427933607389,16,4.0,5699
25.334309943034057,17,3.0,-3189
25.33508443709646,17,2.0,-5462
25.33617517485948,13,2.0,-9440
25.336635041249625,15,2.0,-7632
25.33695192461652,5,4.0,0
25.337964298068297,15,7.0,-8025
25.33846713491749,13,4.0,-9549
25.338648500302604,13,1.0,-9607
25.338764850105893,15,2.0,-7526
25.341949660783495,13,1.0,-9526
25.343055029993227,16,3.0,3875
25.344582131841396,15,3.0,-7785
25.344947927169294,14,1.0,-9709
25.346708295720564,15,2.0,-7545
25.347610071359426,15,1.0,-7905
25.347953715821813,16,7.0,3014
25.34824760057846,13,1.0,-9486
25.348926178241825,17,1.0,-4947
25.349154748527464,13,1.0,-9579
25.349717795848697,14,3.0,-9369
25.349803754180478,15,1.0,-7778
25.35111952742007,15,1.0,-7953
25.35156397948688,17,1.0,-1340
25.351645604198072,13,3.0,-9628
25.35220030768591,5,3.0,0
25.353489709520062,15,2.0,-7748
25.35352016475546,16,6.0,8057
25.353758503341925,15,1.0,-7540
25.354153595263647,17,1.0,-5411
25.35538939474594,13,9.0,-9384
25.355532943740293,9,2.0,8888
25.3557687568509,15,5.0,-7995
25.35600510087481,13,1.0,-9325
25.356258008130595,13,1.0,-9370
25.358576336310087,13,1.0,-9633
25.358976020645983,16,1.0,5645
25.36067387761901,15,2.0,-8062
25.36079271502766,5,29.0,0
25.362297046162837,13,3.0,-9409
25.36311195752613,15,1.0,-7525
25.363451658686703,5,4.0,0
25.363848626014143,17,1.0,-5262
25.364048220131483,15,4.0,-7883
25.365289979915396,16,1.0,4573
25.36670373944741,14,1.0,-9712
25.366925060192738,1,1.0,8946
25.367989754731774,15,3.0,-7622
25.369468446954077,13,7.0,-9464
25.36965907949766,13,2.0,-9393
25.36979976093627,13,3.0,-9446
25.369844808935607,15,4.0,-7595
25.369844808935607,17,4.0,-7595
25.369969758348628,13,1.0,-9595
25.370288193727458,15,4.0,-7755
25.3733608424238,14,1.0,-9330
25.373509254209267,17,11.0,-4446
25.373728537390214,15,3.0,-8058
25.374304551033724,15,1.0,-8071
25.37446635409054,14,2.0,-9349
25.374709638950367,5,4.0,0
25.375027658422844,14,1.0,-9324
25.376430429730984,17,6.0,-1765
25.37936420775476,14,3.0,-9661
25.379643614645595,15,4.0,-7695
25.380310266362258,6,4.0,8921
25.380990986946426,13,1.0,-9395
25.38227051157559,5,4.0,0
25.38383961809895,13,2.0,-9614
25.384224577370126,17,1.0,-125
25.384317320654908,15,1.0,-7678
25.384801687896466,16,8.0,8262
25.385112333904853,15,1.0,-7843
25.387126451233684,14,4.0,-9616
25.387444498623964,13,8.0,-9695
25.3877372302801,16,3.0,3916
25.387854679087333,16,3.0,4527
25.388328613539137,14,2.0,-9462
25.38870078211296,15,3.0,-7824
25.38870078211296,17,3.0,-7824
25.38977242157392,15,4.0,-8093
25.389861173953072,13,6.0,-9387
25.393480712793306,17,2.0,-5583
25.394501544038103,5,2.0,0
25.394721489499023,10,8.0,8939
25.394729806655405,13,1.0,-9523
25.39526798797575,15,2.0,-7811
25.39605901351481,5,1.0,0
25.396431320214333,5,6.0,0
25.397132147403678,5,3.0,0
25.397350868070603,13,6.0,-9515
25.39808872506428,15,2.0,-7618
25.39848933417911,17,4.0,-4157
25.400326315323174,13,2.0,-9576
25.401864080193345,16,1.0,4186
25.40378122786476,15,2.0,-8040
25.404098026176115,1,1.0,8947
25.40468754811522,13,1.0,-9540
25.406454825645262,13,17.0,-9368
25.406851620846773,17,1.0,-2472
25.408718605583367,15,3.0,-7783
25.411595162185442,14,3.0,-9520
25.41232351799953,5,4.0,0
25.412928418540513,5,6.0,0
25.414879864320675,5,4.0,0
25.415781337337744,14,4.0,-9603
25.416757908287543,5,4.0,0
25.417376966471558,15,4.0,-8003
25.41895761301696,5,1.0,0
25.41981416651836,14,2.0,-9475
25.42152529018975,13,1.0,-9632
25.422517823042355,1,2.0,8948
25.422763970490834,17,5.0,-3504
25.423060695455657,15,3.0,-7717
25.425303790920335,13,1.0,-9648
25.427091795852075,13,2.0,-9599
25.42811605929938,15,4.0,-7886
25.428527369560193,16,42.0,3289
25.429022943550386,17,1.0,-2258
25.429258988029677,5,5.0,0
25.430150640749602,14,2.0,-9652
25.43043014186162,13,2.0,-9681
25.430895001272248,13,2.0,-9445
25.43111177034256,15,12.0,-7887
25.433468218760513,15,1.0,-7639
25.43483375857633,5,2.0,0
25.43539915086094,5,19.0,0
25.43657572130622,17,1.0,-1967
25.43692815884255,5,6.0,0
25.43823154735443,14,2.0,-9431
25.438250522707545,13,1.0,-9621
25.438730236925863,13,2.0,-9501
25.43934514180318,17,2.0,-2935
25.440752197419293,5,1.0,0
25.44076210246173,13,2.0,-9471
25.443351355846264,14,6.0,-9562
25.443524394710643,17,4.0,-5596
25.443681125704742,5,5.0,0
25.444234774696568,13,2.0,-9557
25.446033027620043,15,9.0,-7543
25.446124902406183,16,4.0,3503
25.446533862219443,15,3.0,-7631
25.448385871135162,9,2.0,8849
25.45156041065328,17,3.0,-5459
25.451985614054266,14,1.0,-9619
25.45361837058852,14,2.0,-9339
25.4541608065726,14,42.0,-9358
25.45547049729315,5,1.0,0
25.455750114826984,13,2.0,-9402
25.456699340548287,16,20.0,4114
25.4569766239604,16,32.0,356
25.457575086400563,13,1.0,-9693
25.457664977088474,14,4.0,-9636
25.457787977998407,13,2.0,-9623
25.458305034568927,13,1.0,-9341
25.461326831061125,15,2.0,-7646
25.46134523029645,14,1.0,-9382
25.46413932467438,13,7.0,-9692
25.4643353177059,5,19.0,0
25.46456557947719,4,1.0,8949
25.46487137714091,14,7.0,-9484
25.465665302578934,17,2.0,-2117
25.46712462291515,17,3.0,-4829
25.46757628971939,15,4.0,-7697
25.468896256947094,15,2.0,-7949
25.46908609206241,5,5.0,0
25.472321368885325,17,4.0,-7923
25.472851999568444,15,1.0,-7867
25.4739713006212,13,4.0,-9553
25.474386891938256,15,1.0,-7684
25.4754064272376,15,20.0,-7892
25.47641148171211,6,8.0,8945
25.476752263384004,13,1.0,-9433
25.476791035571786,13,8.0,-9702
25.477509675554927,15,1.0,-7720
25.477509675554927,17,1.0,-7720
25.47802477932153,17,7.0,-7652
25.47835388747112,16,3.0,2419
25.478427756598425,13,2.0,-9710
25.478611035397442,17,2.0,-1844
25.47885993762207,11,41.0,8872
25.47920814240456,5,2.0,0
25.48030914101563,15,3.0,-7917
25.480509823454494,5,2.0,0
25.480864747188896,9,6.0,8909
25.48128253034248,13,4.0,-9592
25.48143350255826,17,2.0,-7571
25.481504687893533,15,5.0,-7558
25.482884117643817,5,1.0,0
25.483046964375994,13,4.0,-9379
25.483713612034425,13,1.0,-9700
25.483851935292822,15,1.0,-7790
25.485251361651635,14,3.0,-9521
25.486830443373744,5,4.0,0
25.48689089855356,14,1.0,-9731
25.488226207933128,5,2.0,0
25.48827141373385,13,7.0,-9467
25.488666177518688,13,2.0,-9458
25.48873252287952,8,3.0,8706
25.490878177450025,15,12.0,-7568
25.490970851185768,13,2.0,-9364
25.49179914751233,17,1.0,-1100
25.49180941864766,5,1.0,0
25.492638025245594,5,4.0,0
25.4940920172338,15,1.0,-7948
25.494628296139584,17,4.0,-5021
25.494717107953818,13,1.0,-9573
25.495234037803108,5,1.0,0
25.495286848088742,14,4.0,-9419
25.496057320330536,17,1.0,-7912
25.497637957101702,13,1.0,-9728
25.498525117018357,15,1.0,-7789
25.498801975396905,13,1.0,-9378
25.499516462901134,5,4.0,0
25.499584610727137,5,6.0,0
25.499802540412134,15,13.0,-7909
25.50235224079006,7,1.0,8912
25.50322730597092,5,6.0,0
25.50348074113835,17,1.0,-6540
25.50417720786803,15,3.0,-7588
25.50478167322734,5,2.0,0
25.504961714007212,15,1.0,-7661
25.505591997333863,15,2.0,-7830
25.505976902820766,15,4.0,-8052
25.505976902820766,17,4.0,-8052
25.507158048214027,13,2.0,-9644
25.50866966969962,17,5.0,-6374
25.509363382354174,15,7.0,-8081
25.509774608255654,15,3.0,-7569
25.50978395628148,17,4.0,-6296
25.51123991822117,14,7.0,-9598
25.511313126978344,3,9.0,8950
25.5121529904974,15,1.0,-7875
25.51258071924688,17,2.0,-7478
25.513799369192775,16,16.0,6881
25.513978453691923,13,2.0,-9522
25.514774261115413,13,3.0,-9408
25.514935567017393,15,1.0,-7853
25.51570350273594,15,4.0,-8066
25.518689498549005,15,1.0,-8012
25.518855925103402,16,1.0,2983
25.51958445279388,14,8.0,-9722
25.522451650532442,17,1.0,-5147
25.522774528171134,14,1.0,-9583
25.52435037025809,16,2.0,7985
25.524861911696057,16,5.0,4610
25.52495250646743,15,1.0,-7727
25.526023434266566,13,7.0,-9450
25.527527535625175,15,22.0,-7675
25.527554334550082,17,1.0,-5360
25.527815470377963,14,1.0,-9651
25.52911379086416,15,1.0,-7590
25.529114299168246,10,9.0,8950
25.529668237988858,15,1.0,-7786
25.52990771474133,15,4.0,-7693
25.52990771474133,17,4.0,-7693
25.530215493899146,5,1.0,0
25.53042515075473,14,2.0,-9498
25.530879865860175,14,4.0,-9397
25.532139134203938,17,1.0,-2512
25.532863911251813,5,1.0,0
25.532986248595012,5,1.0,0
25.53411853221237,5,2.0,0
25.536083324008736,14,12.0,-9376
25.53614380194833,5,3.0,0
25.537375123701494,13,6.0,-9500
25.537442142582663,5,5.0,0
25.53829445609995,17,1.0,-5677
25.53842338095311,15,1.0,-7770
25.540217193978652,14,1.0,-9638
25.540869417059405,15,2.0,-7650
25.541794339735684,17,2.0,-7619
25.543623191688095,15,2.0,-7882
25.545333602115605,17,5.0,-7932
25.54736520407001,13,23.0,-9418
25.54764131130449,17,2.0,-6661
25.548597073776715,15,9.0,-7975
25.549135499095417,5,5.0,0
25.549378510908497,6,2.0,8905
25.5496856673022,5,1.0,0
25.5496864310273,17,1.0,-6510
25.550629843234773,5,1.0,0
25.550667478263346,15,3.0,-7523
25.550799019092757,15,1.0,-8000
25.55156674686423,5,3.0,0
25.55196105965869,14,5.0,-9618
25.553508454147376,13,6.0,-9455
25.554941077399928,15,1.0,-7670
25.554946639239823,13,14.0,-9671
25.555741792265955,13,2.0,-9704
25.556152151753686,15,3.0,-7696
25.556925716250035,1,2.0,8951
25.55839937671273,17,1.0,-5773
25.559059876578882,14,14.0,-9620
25.559796903669312,13,11.0,-9667
25.561665022140378,15,7.0,-7913
25.561718988350684,17,7.0,-1612
25.561735788966885,15,1.0,-7734
25.561963489834607,13,22.0,-9560
25.563436930876346,15,2.0,-7991
25.5639647633527,7,4.0,8896
25.566341396560325,10,8.0,8929
25.56683343369647,16,7.0,2737
25.56699326483526,5,7.0,0
25.56726770799411,14,4.0,-9641
25.569319422530913,5,10.0,0
25.56940280850117,14,1.0,-9594
25.569511948932668,16,51.0,7149
25.56990925842994,14,9.0,-9660
25.570719278324788,17,1.0,-4243
25.571184264123787,15,2.0,-7780
25.57273451051938,1,1.0,8952
25.57276609560221,14,11.0,-9589
25.57372395902391,17,1.0,-1463
25.57390221752212,16,7.0,6540
25.574424705754055,5,5.0,0
25.57667970804172,16,1.0,7841
25.57826953320628,17,1.0,-2534
25.578389512828885,17,2.0,-118
25.578430839726575,12,8.0,8939
25.57915051736529,1,8.0,8953
25.579961835192673,13,1.0,-9497
25.5806537879194,15,5.0,-8088
25.581967091931183,13,2.0,-9346
25.58293814792095,10,1.0,8949
25.583258960975357,15,2.0,-7658
25.583613901453333,13,4.0,-9461
25.584828766380898,15,7.0,-7863
25.589440436172765,9,5.0,8907
25.59002841556163,14,5.0,-9508
25.590335519880345,5,2.0,0
25.590657443005902,15,4.0,-7714
25.59124941003696,13,1.0,-9506
25.59146325643455,13,3.0,-9674
25.591765080807164,13,1.0,-9344
25.592372720368676,17,1.0,-5523
25.59247951830949,13,7.0,-9417
25.5925476031746,16,30.0,6402
25.593567415360248,17,2.0,-12
25.593634047893495,15,1.0,-7858
25.596632444281273,11,23.0,8865
25.598036515036338,5,8.0,0
25.59927779617551,7,6.0,8913
25.599670958080537,15,2.0,-7800
25.600101169529353,17,5.0,-4283
25.60044418799288,15,4.0,-7891
25.6008292097865,13,2.0,-9375
25.60119268741013,17,3.0,-6947
25.6019153371756,13,3.0,-9730
25.60207958094457,5,2.0,0
25.603153217653976,6,8.0,8953
25.60436331261496,15,2.0,-7903
25.607480401162114,13,2.0,-9513
25.608002782372672,4,21.0,8954
25.608893274738577,15,3.0,-7606
25.60920960461866,17,1.0,-6755
25.609437095265207,15,1.0,-7544
25.60962919375267,13,9.0,-9590
25.60981722728941,5,4.0,0
25.61006684526838,5,4.0,0
25.61132201987549,5,4.0,0
25.612047175547218,15,4.0,-7667
25.61231330533528,15,1.0,-7821
25.612363471553067,13,1.0,-9670
25.615628149840017,13,2.0,-9524
25.61569623995732,17,2.0,-2010
25.615905356080642,5,3.0,0
25.616214793613057,16,12.0,4769
25.61771941179034,17,8.0,-5314
25.618588883280463,17,1.0,-6261
25.620711015904345,17,2.0,-5992
25.62075887383335,15,2.0,-7674
25.62081270914566,16,2.0,3859
25.62086369222586,17,2.0,-3949
25.621350657497015,6,3.0,8873
25.62211917948278,13,2.0,-9537
25.622217376573147,5,3.0,0
25.623170625563176,16,6.0,940
25.623272339644526,13,2.0,-9564
25.623940339756036,13,2.0,-9666
25.624224177291936,14,1.0,-9631
25.626684310047732,1,7.0,8955
25.62847363209727,16,34.0,4319
25.628917467505808,15,2.0,-7749
25.629997070805956,5,4.0,0
25.630131121726535,14,3.0,-9609
25.630450203579056,15,1.0,-7869
25.63129701964376,1,1.0,8956
25.63264571155765,14,8.0,-9643
25.63303347950561,13,2.0,-9403
25.63377413642144,15,3.0,-7708
25.634564730262305,113,33.0,-9639
25.63507423454559,15,6.0,-8068
25.63531482598267,11,51.0,8857
25.636445373003117,17,1.0,-2104
25.637224764760894,5,2.0,0
25.63907475169835,15,1.0,-7850
25.64046823048918,5,2.0,0
25.64084177117618,13,7.0,-9715
25.6411248446165,14,1.0,-9697
25.641499498747688,15,2.0,-8047
25.64220898574591,13,1.0,-9662
25.643860204704275,17,4.0,-6810
25.643987102007195,17,1.0,-2192
25.64429520915776,13,2.0,-9329
25.644518548973824,17,6.0,-1094
25.64454148472961,17,4.0,-5617
25.645788242685107,17,8.0,-3999
25.64617435632428,16,2.0,2021
25.646400654325934,14,8.0,-9689
25.647202390461015,13,10.0,-9463
25.648520925936634,14,4.0,-9605
25.649871126310213,14,3.0,-9457
25.65066831934069,17,7.0,-4686
25.651326127052233,14,3.0,-9612
25.65179397570237,16,3.0,6360
25.652450939264938,13,1.0,-9487
25.65311719903102,14,4.0,-9478
25.654703692898263,13,1.0,-9438
25.65560302308519,14,7.0,-9342
25.655640442357786,17,13.0,-7022
25.655794708258448,5,10.0,0
25.656041630490265,14,3.0,-9701
25.65625610850237,9,3.0,8706
25.65654047711317,5,5.0,0
25.65658468804828,17,3.0,-7350
25.656681978868168,15,6.0,-7723
25.656861891666967,5,2.0,0
25.65737221235502,16,5.0,3508
25.6578322573668,13,6.0,-9442
25.65846657669333,5,5.0,0
25.65875292784093,13,1.0,-9581
25.6592970853089,13,1.0,-9452
25.659564123054444,5,3.0,0
25.660011798329574,13,1.0,-9637
25.660593993608042,14,5.0,-9685
25.66232326316582,17,1.0,-2301
25.662334461112493,15,6.0,-7942
25.662400521559505,10,21.0,8944
25.663821473830136,17,5.0,-312
25.66433043143401,13,1.0,-9514
25.664439894694258,14,23.0,-9726
25.66599978109991,5,4.0,0
25.666155922437927,15,9.0,-7643
25.667046449985556,16,10.0,7739
25.667212569000693,15,3.0,-7647
25.6673164139938,15,2.0,-7836
25.668428577099586,14,2.0,-9423
25.668587433139674,5,2.0,0
25.670858581616514,15,5.0,-8024
25.670858581616514,17,5.0,-8024
25.67152953762856,15,1.0,-7851
25.67250195031815,6,7.0,8955
25.672841150961574,16,4.0,5867
25.673515217119128,113,57.0,-9401
25.674572842702396,15,1.0,-7738
25.674739569637765,1,1.0,8957
25.676834854082763,13,2.0,-9473
25.67723992977977,5,1.0,0
25.677900848274763,14,1.0,-9676
25.67903017804313,14,4.0,-9357
25.68015184459362,113,14.0,-9435
25.680713368405534,17,1.0,-7482
25.681514060458618,17,1.0,-4634
25.682679863148213,14,1.0,-9698
25.68468693192602,15,2.0,-7926
25.685592350686854,17,4.0,-3455
25.685927426095873,11,15.0,8774
25.687219688431064,13,1.0,-9350
25.68790849319533,17,4.0,-7532
25.690998937963645,13,1.0,-9399
25.691164371205122,15,1.0,-7899
25.693354689002902,16,11.0,3401
25.6934402609783,17,2.0,-4671
25.695104075021238,13,3.0,-9483
25.69651880927429,15,3.0,-7904
25.696616365110323,13,1.0,-9555
25.697573689623802,14,5.0,-9542
25.69808961854207,15,1.0,-8082
25.69821663000548,13,2.0,-9691
25.698990686281725,13,1.0,-9653
25.69980859763078,13,3.0,-9410
25.6998348764138,15,1.0,-7834
25.700832252663233,6,2.0,8937
25.701234920432544,6,2.0,8938
25.701354333405746,5,3.0,0
25.702238172151564,13,7.0,-9606
25.70441343904128,16,5.0,3376
25.70469489027839,5,10.0,0
25.704847230828882,5,1.0,0
25.704943430530747,16,2.0,1077
25.705925182589958,15,4.0,-7920
25.706538591333988,16,3.0,4963
25.70687741557725,16,1.0,8460
25.707289909866738,15,3.0,-8015
25.707297843502037,15,1.0,-7709
25.707771644517376,17,1.0,-6303
25.70803247896538,15,1.0,-7972
25.70804864228256,15,2.0,-7757
25.708361952818436,17,1.0,-7586
25.708601922564497,15,3.0,-7630
25.709621394307966,5,3.0,0
25.711043804777432,17,2.0,-2320
25.71206598746267,15,9.0,-7960
25.712282174784598,17,1.0,-3495
25.71348084184433,17,7.0,-5161
25.7139880550985,15,2.0,-7721
25.71524273108814,15,2.0,-7759
25.71617911165401,15,2.0,-7655
25.71721839804711,5,26.0,0
25.717538450056743,13,1.0,-9706
25.718456799140778,17,1.0,-522
25.718503029636103,15,1.0,-7959
25.718714445940865,13,1.0,-9367
25.718868172099757,14,3.0,-9686
25.7191932943997,15,8.0,-7530
25.720628386618404,13,1.0,-9448
25.72134657637789,13,1.0,-9558
25.722215143416925,15,3.0,-7671
25.723405606531987,5,5.0,0
25.72368754747919,5,1.0,0
25.72406051626448,13,2.0,-9474
25.72565049605262,16,7.0,669
25.725823410042196,14,8.0,-9335
25.726024813038833,13,16.0,-9570
25.726307146654495,17,3.0,-6066
25.72652129034727,17,1.0,-7101
25.727202499064603,14,3.0,-9436
25.727790147913637,13,2.0,-9428
25.728661344284752,17,10.0,-228
25.729240589830745,13,3.0,-9533
25.729357228707705,17,2.0,-7414
25.730175030777332,15,4.0,-7845
25.731018537873055,14,5.0,-9407
25.731374993624723,13,1.0,-9672
25.732477682917136,1,2.0,8958
25.732601192019402,17,1.0,-1673
25.732870238015167,13,5.0,-9640
25.732940125957693,13,2.0,-9426
25.73428749514023,14,4.0,-9716
25.73474087932183,5,1.0,0
25.736039557675486,17,13.0,-3078
25.73654075136244,15,2.0,-7535
25.73657556904945,5,2.0,0
25.737350502615204,14,1.0,-9539
25.738398988159627,15,1.0,-7934
25.73876210103976,15,3.0,-7861
25.738915605350677,16,7.0,1971
25.739546532337833,13,3.0,-9356
25.74019929393455,13,3.0,-9415
25.740979434845695,13,9.0,-9610
25.742154785946788,5,2.0,0
25.74371167022794,17,1.0,-7664
25.74380525623051,13,1.0,-9468
25.745061519959823,15,2.0,-7604
25.745061519959823,17,2.0,-7604
25.746306374896008,17,1.0,-7272
25.746981525484607,13,9.0,-9414
25.747146821675738,13,5.0,-9345
25.74781958752255,15,33.0,-7589
25.7482944240181,15,1.0,-7542
25.75088868579939,15,1.0,-7866
25.75199190352236,14,4.0,-9664
25.75357451907991,13,4.0,-9469
25.754034913886386,6,1.0,8956
25.75452285881199,17,1.0,-5851
25.75464738176455,17,2.0,-6520
25.75508783404605,5,1.0,0
25.755117120186583,17,1.0,-3696
25.755131883643287,14,5.0,-9580
25.755258584097014,13,6.0,-9459
25.75537747629185,14,4.0,-9328
25.75550839179786,16,3.0,6594
25.75553869462455,17,1.0,-5890
25.75562158980254,15,2.0,-7896
25.7562469254896,13,1.0,-9449
25.756491309003085,7,4.0,8935
25.756809597848797,5,2.0,0
25.757215865903802,11,5.0,8851
25.75741928642227,17,10.0,-57
25.757873572132905,5,3.0,0
25.75843094172949,15,10.0,-7801
25.759284275363157,14,9.0,-9489
25.759784848114602,5,1.0,0
25.7613086997363,17,1.0,-4632
25.761977185718408,16,1.0,2839
25.762051228200423,14,6.0,-9585
25.762062390847607,13,1.0,-9380
25.762347124307574,17,4.0,-6232
25.76246447548412,13,1.0,-9411
25.763052995805435,14,6.0,-9429
25.763145304302753,13,2.0,-9630
25.763418908373986,17,1.0,-5102
25.763522528766185,13,3.0,-9494
25.76376816722578,8,2.0,8919
25.764848148612984,17,2.0,-8056
25.76595743897305,17,2.0,-5630
25.76788820120086,15,4.0,-7772
25.76846092786321,5,4.0,0
25.76931654613893,15,2.0,-7735
25.770082687274773,16,5.0,6116
25.771510794650506,14,2.0,-9663
25.77214741915821,5,3.0,0
25.772596271072963,5,4.0,0
25.77290260575498,13,1.0,-9507
25.773088909657638,17,2.0,-4714
25.777471037744057,16,18.0,6501
25.777554209617342,17,1.0,-4766
25.77755876215866,5,2.0,0
25.777679424508236,13,1.0,-9360
25.778457883954943,16,2.0,1010
25.779208269261833,12,5.0,8879
25.779724769618454,15,1.0,-8017
25.781071547186908,17,1.0,-6869
25.78132197745719,16,12.0,5259
25.78261675176858,14,4.0,-9725
25.7838226182353,15,1.0,-7627
25.784300153839357,14,7.0,-9675
25.787904331909044,17,1.0,-5273
25.788905317041216,17,1.0,-5794
25.78894977614518,5,4.0,0
25.790072129096693,17,4.0,-8447
25.791107450419968,13,2.0,-9534
25.793934565451828,5,2.0,0
25.79507271275626,5,2.0,0
25.795153363015288,5,1.0,0
25.798115746184415,113,33.0,-9669
25.79816522308699,17,3.0,-6083
25.798357619298784,13,2.0,-9677
25.798752414807606,14,2.0,-9331
25.799550468608025,15,4.0,-7814
25.800133030915827,13,1.0,-9679
25.800172987149097,17,4.0,-7308
25.801155985166936,6,7.0,8940
25.80238140215345,14,3.0,-9608
25.803069961170564,15,2.0,-7902
25.80369546305349,15,4.0,-7611
25.803885432971626,17,15.0,-4631
25.804893410291633,17,2.0,-7876
25.80490478868004,15,1.0,-7846
25.808967443245198,16,7.0,8398
25.810694850482122,15,4.0,-7745
25.811514917336858,16,1.0,6611
25.812679099308827,14,1.0,-9714
25.813107186411173,16,46.0,3834
25.815517536372433,13,5.0,-9416
25.81702354232691,15,2.0,-7813
25.817682112137756,13,2.0,-9490
25.81956118662494,16,7.0,4425
25.822804099128657,13,1.0,-9719
25.822858241088603,13,5.0,-9383
25.823276301048605,17,5.0,-5778
25.823877903615386,17,1.0,-476
25.824470530876777,5,12.0,0
25.82581120252577,14,7.0,-9365
25.82747956892461,6,4.0,8920
25.82761052151003,113,50.0,-9723
25.82825655313793,14,1.0,-9547
25.8282643727785,15,2.0,-7637
25.82893992656222,13,2.0,-9696
25.829093220328446,15,5.0,-7648
25.829499225159886,5,5.0,0
25.83034978712494,5,21.0,0
25.831747112348538,5,2.0,0
25.83217094213756,13,1.0,-9550
25.83353197602557,14,1.0,-9531
25.83428762158695,15,3.0,-7608
25.83448931749602,15,1.0,-7623
25.836172541576325,13,1.0,-9421
25.836485844949426,17,3.0,-6403
25.83678842730856,1,2.0,8959
25.836909991055606,5,3.0,0
25.8383202522322,5,3.0,0
25.838663147636325,13,2.0,-9495
25.838794323983283,10,18.0,8931
25.839017008455933,14,3.0,-9509
25.839338311912442,17,1.0,-3638
25.839568471279833,17,11.0,-1042
25.840114805790353,5,2.0,0
25.840795199047655,17,1.0,-1425
25.842238448141345,17,1.0,-4430
25.842458193445978,15,3.0,-7559
25.845608384130497,14,10.0,-9519
25.848886117576154,13,7.0,-9569
25.852678557291227,15,1.0,-7609
25.85269574436918,17,3.0,-3370
25.853381345970824,15,5.0,-7970
25.85352719988783,5,2.0,0
25.855421590902793,14,2.0,-9538
25.855990373225954,13,2.0,-9733
25.85704550636554,6,1.0,8866
25.857702171140513,17,5.0,-1536
25.858757169526363,17,24.0,-5959
25.85963851545118,17,3.0,-42
25.860174416049407,14,2.0,-9626
25.86059756242023,13,2.0,-9554
25.860945462000725,5,5.0,0
25.86099662431378,5,2.0,0
25.862235326451668,5,4.0,0
25.86332000162513,5,4.0,0
25.863918890363312,14,2.0,-9680
25.86470382443199,14,1.0,-9392
25.865823925807334,16,14.0,3775
25.86806987547646,13,1.0,-9729
25.868140952340504,17,1.0,-8135
25.86969001859641,5,4.0,0
25.870488374507822,16,3.0,1714
25.87070957895402,16,7.0,6959
25.871627735003685,17,6.0,-8345
25.873385130460836,14,2.0,-9374
25.875037910904418,17,1.0,-6515
25.875439080546347,5,1.0,0
25.87721695698835,15,2.0,-8022
25.877273385025724,4,7.0,8960
25.877528914785326,14,5.0,-9363
25.87755598172146,5,3.0,0
25.880024998561378,14,2.0,-9434
25.880075807274455,13,11.0,-9527
25.88138934680094,15,1.0,-7689
25.88439086341297,17,1.0,-5157
25.88647174697495,14,1.0,-9587
25.887396583711208,16,2.0,6446
25.887536424702006,17,1.0,-2185
25.888023097467183,5,3.0,0
25.888838113319338,17,1.0,-7504
25.88897460729642,13,5.0,-9327
25.89030796350643,7,2.0,8924
25.890427660769415,13,6.0,-9476
25.891732896224898,5,3.0,0
25.89231225121632,17,3.0,-4053
25.894584620173465,14,2.0,-9665
25.895452164633472,5,8.0,0
25.895938814961845,15,1.0,-7724
25.896277687797962,17,6.0,-1669
25.896786115670178,13,1.0,-9627
25.896837896270277,13,12.0,-9516
25.897593427448292,17,1.0,-4941
25.89916252422276,13,2.0,-9611
25.899719491861223,17,1.0,-3642
25.900497754653284,5,4.0,0
25.90050513526517,5,1.0,0
25.90107207716119,15,2.0,-8065
25.90323110360587,15,6.0,-7767
25.903296902776777,15,1.0,-7576
25.90368398840448,13,1.0,-9575
25.90392823884934,17,1.0,-6939
25.905773984384073,14,3.0,-9559
25.90589224405009,13,1.0,-9480
25.906197841738006,13,4.0,-9381
25.906783769275457,14,4.0,-9472
25.906950162336752,15,2.0,-8055
25.90752475367603,16,1.0,626
25.907559895215808,15,4.0,-7915
25.908203829306768,15,3.0,-7649
25.908772144117336,15,2.0,-7518
25.90886075920393,15,12.0,-7691
25.90919890426262,13,5.0,-9333
25.90960314255844,5,3.0,0
25.9096949179558,7,3.0,8925
25.911351468506552,15,5.0,-7736
25.914080829564497,5,12.0,0
25.914175880982732,17,1.0,-8441
25.914761554697186,15,4.0,-7752
25.91742611400815,16,16.0,1298
25.91793077845979,14,4.0,-9597
25.92019434561595,14,30.0,-9629
25.922649078208632,11,11.0,8910
25.923086516381183,5,2.0,0
25.923302194690013,15,1.0,-8018
25.923993082762486,13,1.0,-9622
25.924374430667672,17,4.0,-7929
25.924490677597976,5,1.0,0
25.925536179220902,17,4.0,-5895
25.92560523863095,15,3.0,-7820
25.927269710235873,14,6.0,-9351
25.92740590331672,14,5.0,-9439
25.928193149614298,15,2.0,-7593
25.92982810535081,17,1.0,-5989
25.930193760792065,5,2.0,0
25.933127957420503,15,1.0,-7683
25.933725525079705,17,8.0,-775
25.93469885224305,15,2.0,-7728
25.93488568085734,15,4.0,-7857
25.934911458208532,15,1.0,-7605
25.935251300238118,14,2.0,-9372
25.936496604536163,17,1.0,-4764
25.93663786652372,4,4.0,8961
25.937069551604964,15,1.0,-7966
25.93773953510923,17,5.0,-4551
25.938238254495268,15,1.0,-7672
25.93871954949837,13,10.0,-9530
25.938898591145225,14,12.0,-9444
25.938970106848767,13,1.0,-9398
25.94042276097163,13,2.0,-9404
25.940444315470593,13,4.0,-9541
25.94078292404857,6,1.0,8957
25.942262015640104,16,2.0,8088
25.94287829693937,13,1.0,-9617
25.944264146018863,17,2.0,-1243
25.945843995521315,13,1.0,-9645
25.950488625361807,13,1.0,-9348
25.95051631891289,13,3.0,-9337
25.95154676805687,13,1.0,-9657
25.951911640550257,14,1.0,-9552
25.95287253439401,15,1.0,-7598
25.953058021566264,14,3.0,-9420
25.953099895064348,17,5.0,-959
25.95402180491169,13,2.0,-9503
25.954591105432932,15,12.0,-7730
25.955018392600394,13,2.0,-9505
25.95550649791063,5,1.0,0
25.95671124720428,14,6.0,-9482
25.956849679981342,17,4.0,-6585
25.95709301803984,5,4.0,0
25.95764334117732,17,29.0,-8321
25.95764917049916,15,1.0,-7825
25.958401667172037,15,4.0,-7583
25.958655039112326,15,5.0,-7597
25.959390461009804,17,5.0,-8269
25.95945745949753,113,47.0,-9582
25.960012684825738,17,3.0,-8372
25.960458503424505,17,1.0,-4597
25.96045857937183,15,1.0,-7514
25.960789723645423,5,1.0,0
25.961363210507656,5,4.0,0
25.962300382658125,5,2.0,0
25.963640920973752,16,11.0,5834
25.965079746044815,17,2.0,-7221
25.965608591319963,14,1.0,-9535
25.966289352226934,1,5.0,8962
25.966774584649226,15,3.0,-7990
25.967018630397583,15,3.0,-7965
25.9670895755618,17,6.0,-4253
25.967102527268914,17,2.0,-6971
25.97020672504403,5,14.0,0
25.9711910018438,14,24.0,-9465
25.972817654419746,15,2.0,-7621
25.974793531346208,14,7.0,-9377
25.975479742137125,14,8.0,-9642
25.97657457563917,15,7.0,-7791
25.977529514673435,17,2.0,-2289
25.97884748276368,15,1.0,-7847
25.978939666302875,13,1.0,-9427
25.97907941485313,10,41.0,8927
25.979876222434644,13,3.0,-9422
25.980629936722504,15,15.0,-7951
25.98114967712413,14,1.0,-9705
25.982240280909963,15,2.0,-7779
25.982670036150637,13,1.0,-9512
25.98274124074855,16,4.0,8615
25.98289333141158,14,1.0,-9400
25.983550892520487,15,1.0,-7594
25.98355381066892,10,7.0,8960
25.984363225545394,14,4.0,-9373
25.985981587684584,10,21.0,8954
25.98751804174823,5,3.0,0
25.98957548893115,16,7.0,5486
25.989995096906387,17,26.0,-2274
25.99146394277037,17,5.0,-5213
25.996705233967358,15,5.0,-7957
25.998229772247466,6,2.0,8942
25.998297362459027,15,2.0,-7943
25.998478813533087,10,31.0,8936
25.99858716336517,14,8.0,-9390
26.000778121036333,14,1.0,-10079
26.002637882210948,13,55.0,-9848
26.002737367790377,14,3.0,-10103
26.002991465285113,1,2.0,8963
26.004114314003527,18,,0
26.00413656275032,101,2.0,8964
26.005440414158443,16,51.0,6652
26.005904677802274,15,5.0,-8180
26.00830741238357,13,1.0,-9961
26.00949828670607,13,1.0,-9803
26.009508760089215,13,2.0,-10050
26.011231308772295,14,16.0,-9995
26.01155747099785,13,2.0,-10111
26.01200762990362,13,1.0,-10089
26.012198461993385,15,7.0,-8132
26.01225456705238,17,1.0,-6460
26.01306358430858,14,4.0,-10007
26.014659708317595,13,1.0,-10002
26.014729083704314,13,17.0,-10036
26.017259070096934,5,2.0,0
26.018273007396484,13,2.0,-9846
26.01914071083684,16,2.0,2790
26.019700872730677,5,2.0,0
26.020812719954954,16,4.0,8829
26.02441940822076,13,2.0,-9813
26.024520551280737,6,1.0,8947
26.024669428702502,5,2.0,0
26.0254595605003,15,1.0,-8469
26.025536208428072,15,1.0,-8415
26.025606819619913,13,1.0,-9913
26.026109478459766,15,7.0,-8275
26.026834762708248,14,7.0,-10072
26.026848673607894,5,6.0,0
26.0276997962659,14,2.0,-9891
26.031776741589827,5,3.0,0
26.032038383372438,14,3.0,-9860
26.033241931124167,14,1.0,-9958
26.033331418375827,15,2.0,-8367
26.033668452076256,13,2.0,-9741
26.035753896189227,16,2.0,7323
26.036490786468892,14,4.0,-9953
26.03749228933837,6,1.0,8946
26.03848292693317,5,2.0,0
26.04023055217856,15,1.0,-8346
26.040399666460964,15,2.0,-8262
26.04320042616198,13,1.0,-9785
26.043383985922638,13,14.0,-10127
26.049114622687338,5,6.0,0
26.050148904622446,16,10.0,217
26.05200075860662,5,5.0,0
26.053638145956743,5,7.0,0
26.05506125727421,14,2.0,-9793
26.056121905633866,15,5.0,-8210
26.057038449911303,17,2.0,-3081
26.058562592408542,13,2.0,-10134
26.059185623619765,15,3.0,-8384
26.06055070139344,5,7.0,0
26.06072765843087,5,2.0,0
26.060853872326703,13,2.0,-9993
26.060959748347717,14,4.0,-10109
26.062826487983887,16,4.0,1937
26.06308471620971,16,6.0,2714
26.065162610518836,14,1.0,-9868
26.0684815367152,14,4.0,-10025
26.069393648070704,13,1.0,-9920
26.06948177945396,16,1.0,3302
26.069547309360722,15,3.0,-8213
26.069972134324445,5,1.0,0
26.07117391780557,17,4.0,-7802
26.07150022342885,5,9.0,0
26.07246851930186,17,3.0,-4296
26.073044277364716,5,2.0,0
26.073189211625916,13,1.0,-10019
26.07393468463378,15,5.0,-8260
26.07457694066089,13,5.0,-9983
26.075213292497335,13,1.0,-10094
26.07575761637617,13,1.0,-10110
26.07618691595393,13,1.0,-9766
26.077809642804464,15,1.0,-8452
26.079506105983533,13,5.0,-10085
26.081045613796086,13,3.0,-10092
26.081052397655586,16,4.0,7818
26.08207308471259,17,6.0,-8089
26.08221053605967,15,3.0,-8335
26.0825215458199,5,9.0,0
26.0829193429629,9,43.0,8864
26.08406710745176,14,6.0,-9932
26.086414820308352,5,3.0,0
26.08754186672282,5,2.0,0
26.08796343668142,13,4.0,-9841
26.089885294569164,15,2.0,-8455
26.091843572157764,15,4.0,-8136
26.092939671084316,15,2.0,-8493
26.093335976943752,5,3.0,0
26.095169702477946,5,10.0,0
26.096408032961897,15,2.0,-8178
26.096612702509898,5,3.0,0
26.097303198473565,113,56.0,-9759
26.098098720191015,5,1.0,0
26.100311919950627,13,2.0,-9816
26.10124007465261,15,1.0,-8381
26.101515396278746,13,5.0,-10021
26.10346290066495,13,1.0,-10067
26.103588592614017,14,1.0,-9888
26.104121716166112,15,1.0,-8129
26.1042864929532,13,3.0,-10031
26.10479251984169,5,3.0,0
26.107396518196886,13,1.0,-10029
26.107887036322218,15,1.0,-8358
26.108197303392195,5,2.0,0
26.110376387912087,14,6.0,-9834
26.11142288551593,15,1.0,-8424
26.11142288551593,17,1.0,-8424
26.11349238403485,16,6.0,8074
26.114132288335764,13,3.0,-9937
26.114550141672495,17,1.0,-542
26.115541831638033,15,5.0,-8386
26.117415720133035,5,2.0,0
26.11811105826069,14,6.0,-9943
26.11825884662283,11,54.0,8868
26.11838608215999,15,7.0,-8459
26.118435229956113,16,7.0,5093
26.118527368005033,15,3.0,-8315
26.11878412157014,17,3.0,-3013
26.120373628386847,13,1.0,-9805
26.120861377544905,15,1.0,-8468
26.12110268477248,15,2.0,-8497
26.121567407445262,13,1.0,-9758
26.121602168850888,13,2.0,-9825
26.12198249316293,16,4.0,7688
26.122956585073695,5,14.0,0
26.123412673147573,113,39.0,-10075
26.124288580835888,5,6.0,0
26.125726950914537,14,2.0,-10086
26.12728835509006,14,1.0,-9862
26.12839056862501,5,29.0,0
26.12865845467836,15,2.0,-8318
26.129645647728104,14,6.0,-10015
26.131162264546127,16,10.0,7407
26.13191694351371,13,1.0,-10004
26.13223174716381,5,1.0,0
26.132424538885406,13,5.0,-9927
26.132635896331795,13,1.0,-10074
26.132962523140556,5,1.0,0
26.133800829534003,13,3.0,-9976
26.13424334068957,5,3.0,0
26.135431058930685,5,2.0,0
26.136424982297513,13,2.0,-9824
26.13823826817586,15,2.0,-8230
26.138295884722993,15,3.0,-8472
26.139764724186293,16,6.0,5016
26.140632980932562,13,1.0,-10028
26.141635244878014,5,4.0,0
26.141704927365716,15,1.0,-8141
26.143155317675603,15,1.0,-8351
26.143865151617806,15,4.0,-8356
26.144080858034744,13,5.0,-9890
26.144679687878458,5,6.0,0
26.14510619170091,5,3.0,0
26.145549349827956,1,1.0,8965
26.146200316683288,14,2.0,-9844
26.14948976125732,13,3.0,-9996
26.15014732453084,5,12.0,0
26.15034285784955,15,15.0,-8101
26.151735114731977,5,1.0,0
26.151876197925105,5,12.0,0
26.15395241339527,5,2.0,0
26.154117772154315,14,2.0,-10018
26.154210266356024,17,2.0,-3118
26.154241207857112,15,6.0,-8154
26.155366614781123,5,7.0,0
26.155853530895072,16,13.0,7319
26.156336842628335,15,2.0,-8434
26.158209811042813,17,1.0,-4826
26.158506492260976,16,1.0,2452
26.158683489957426,14,1.0,-9859
26.16008381301179,5,14.0,0
26.16088543179616,5,55.0,0
26.16286836869451,17,2.0,-3294
26.16334285289929,13,2.0,-10053
26.164172310202783,15,1.0,-8211
26.16597160798595,13,1.0,-9789
26.166098807272732,14,10.0,-10037
26.166831343285917,5,2.0,0
26.16700289459084,15,1.0,-8314
26.167131466475297,15,3.0,-8355
26.167688717762218,15,2.0,-8236
26.17054365291584,16,2.0,4567
26.172044371754247,15,6.0,-8240
26.1722087397656,1,6.0,8966
26.173060100401084,15,1.0,-8233
26.173079312599604,15,5.0,-8406
26.173265152044582,15,1.0,-8443
26.173500453989792,14,2.0,-9930
26.175196506117665,11,26.0,8934
26.175594944643116,13,6.0,-9952
26.175659464771055,16,5.0,553
26.175703571505974,13,1.0,-10077
26.176023311291832,15,3.0,-8231
26.176724580400144,15,2.0,-8460
26.179154692632032,13,1.0,-10084
26.1845863155621,15,1.0,-8148
26.184942674837277,13,4.0,-9948
26.185123534905728,15,2.0,-8417
26.187550031494318,13,1.0,-9938
26.190300951709236,15,9.0,-8183
26.191307326840473,5,1.0,0
26.19185292177124,15,2.0,-8243
26.192968596161137,16,15.0,4644
26.193184279448747,13,2.0,-9919
26.194072179255407,17,1.0,-6041
26.194770646504182,15,9.0,-8414
26.195355281142984,15,7.0,-8121
26.19680622739224,16,17.0,2804
26.197104545463127,14,7.0,-9994
26.19795115863358,14,5.0,-9986
26.19934896377538,5,6.0,0
26.199946897736698,15,1.0,-8412
26.200356668710317,13,3.0,-10119
26.200679739925533,15,2.0,-8484
26.2011301383489,5,2.0,0
26.201614749219456,16,16.0,6636
26.20199060886287,5,3.0,0
26.202652564006566,13,2.0,-10113
26.20542260276156,14,2.0,-10014
26.205647430555178,15,1.0,-8425
26.20570717956332,5,1.0,0
26.2073934229746,13,2.0,-10129
26.208509668216276,13,1.0,-9921
26.209235683671224,13,4.0,-9871
26.20928352907392,5,2.0,0
26.209376444875964,13,1.0,-9883
26.21108993076073,17,2.0,-1367
26.2124897198522,15,2.0,-8490
26.212522885945248,13,10.0,-9763
26.212625956196305,5,1.0,0
26.212895558004334,13,1.0,-9981
26.21422026263608,15,1.0,-8125
26.214602349078014,16,4.0,5810
26.215049145984086,13,1.0,-9773
26.21666808044887,15,1.0,-8350
26.217534301652428,5,3.0,0
26.217557397472753,5,7.0,0
26.21767104626318,6,6.0,8966
26.218292313102335,13,2.0,-9782
26.21837089650499,14,16.0,-9895
26.219005613416062,5,5.0,0
26.219024733940646,15,5.0,-8313
26.219351152563135,14,11.0,-9915
26.220227053280286,13,1.0,-9990
26.220573129706064,15,1.0,-8451
26.221078339262238,5,3.0,0
26.221617972304404,5,9.0,0
26.22238298101724,15,1.0,-8097
26.224743738412474,7,4.0,8886
26.2257614874664,13,2.0,-10016
26.22631448872648,13,4.0,-9897
26.226941913854397,14,6.0,-9917
26.23025406732846,15,3.0,-8502
26.230724817965676,5,4.0,0
26.23193057980536,14,1.0,-9873
26.233345729880572,15,2.0,-8177
26.233528953008072,13,1.0,-10006
26.233570638554323,15,1.0,-8145
26.234406127608484,15,3.0,-8258
26.235556794143694,15,1.0,-8122
26.237281448717958,16,7.0,6612
26.239659902474063,15,5.0,-8151
26.240024974151087,14,4.0,-9977
26.241928127284233,16,4.0,403
26.242597481243543,13,1.0,-9736
26.24371046931686,15,3.0,-8205
26.243858745411757,13,1.0,-10102
26.245861912597185,5,1.0,0
26.24642999427363,15,3.0,-8494
26.24647569060678,113,32.0,-9830
26.24678902251652,17,6.0,-3447
26.246900303294453,16,2.0,4565
26.247726706710406,5,1.0,0
26.24987635260234,17,1.0,-1554
26.250383251992396,5,1.0,0
26.250973162027144,5,5.0,0
26.25098271731858,15,1.0,-8306
26.251083428001674,14,2.0,-10061
26.2510890025413,17,2.0,-2787
26.251197117839904,15,2.0,-8395
26.253978008065932,14,5.0,-9770
26.254749142049402,15,20.0,-8308
26.254800034486646,13,3.0,-10068
26.25638758825489,5,3.0,0
26.256426543497913,15,5.0,-8420
26.25657914200834,13,1.0,-10040
26.257860554110465,17,2.0,-666
26.259514151562264,15,1.0,-8329
26.260031465518857,5,4.0,0
26.260222170589778,15,1.0,-8266
26.260440960535327,15,1.0,-8489
26.26045344423361,15,6.0,-8475
26.262964003318633,13,2.0,-9869
26.263911681144457,15,1.0,-8292
26.264178248160352,15,3.0,-8259
26.26464601459975,5,3.0,0
26.265311853171035,14,4.0,-9760
26.27016272401059,6,2.0,8948
26.270785128011912,14,5.0,-10013
26.271121734814752,5,4.0,0
26.27191135118551,15,2.0,-8102
26.27265689481154,15,5.0,-8191
26.27301978007786,15,2.0,-8147
26.273058582373853,16,7.0,7702
26.273815343443417,5,1.0,0
26.277612797852623,13,1.0,-9817
26.278800394700625,15,2.0,-8203
26.279266021960694,15,2.0,-8130
26.280467170768077,17,1.0,-4190
26.28091643620891,6,5.0,8916
26.281956729923923,17,2.0,-4935
26.282643603271744,13,1.0,-9791
26.282832320612982,5,2.0,0
26.283780606416343,14,3.0,-10011
26.28441881319743,13,3.0,-10051
26.284910672508907,13,14.0,-10121
26.285109569620655,113,39.0,-9840
26.28648332178031,14,1.0,-10140
26.286704765407595,6,2.0,8959
26.287361785422945,5,1.0,0
26.288224468169258,17,2.0,-4482
26.288777190046847,15,2.0,-8226
26.288858266182764,13,2.0,-9831
26.290212094754494,16,51.0,360
26.290677996058417,13,1.0,-10128
26.290773200512604,5,1.0,0
26.291883427971765,14,7.0,-9900
26.292096353789134,13,11.0,-9998
26.29244178196823,14,10.0,-9853
26.292689283619275,17,2.0,-5272
26.29408640637687,15,3.0,-8113
26.294559957620628,13,1.0,-9821
26.296036294684576,15,2.0,-8473
26.296627493610995,14,3.0,-10139
26.29713683333487,14,5.0,-9898
26.297291078252105,17,1.0,-880
26.298105283323025,5,2.0,0
26.29888642576469,6,5.0,8933
26.298992814204205,13,1.0,-9876
26.29991893462335,14,5.0,-10124
26.300205661189793,113,58.0,-10045
26.301269837724092,5,3.0,0
26.301455452336768,17,2.0,-5423
26.30209931576773,15,1.0,-8439
26.30230704816441,17,3.0,-6696
26.302810901689902,15,4.0,-8349
26.30387149467552,14,6.0,-9954
26.30409702313593,17,3.0,-7246
26.30602494296593,5,2.0,0
26.307858429396937,14,2.0,-9850
26.309876259392745,17,1.0,-2776
26.310752556336087,13,4.0,-9979
26.31144631900596,17,1.0,-5686
26.313147293399332,15,4.0,-8499
26.313455915143138,6,5.0,8962
26.314308009218788,14,4.0,-10059
26.315845503598815,17,7.0,-5198
26.316074065625564,13,2.0,-10080
26.31724288298556,15,2.0,-8410
26.317399705963666,13,1.0,-9896
26.31980492070579,5,1.0,0
26.32156998103319,5,4.0,0
26.322836788055188,13,1.0,-9894
26.322908359438962,14,4.0,-10009
26.32410125853606,6,2.0,8951
26.32502258717947,13,2.0,-9820
26.325854491608535,13,2.0,-9837
26.326422191730636,17,2.0,-3512
26.326936019772905,15,1.0,-8296
26.326936019772905,17,1.0,-8296
26.32706852676454,13,2.0,-9926
26.328472768747996,5,2.0,0
26.328628190778872,14,1.0,-10096
26.329599898632498,12,18.0,8915
26.330340660742632,14,6.0,-9950
26.331828818965764,15,5.0,-8382
26.33447436455335,5,5.0,0
26.33469812008614,15,2.0,-8172
26.337933409850272,16,1.0,6268
26.33795741487609,15,2.0,-8170
26.33800124346904,13,6.0,-9788
26.338105067495178,5,3.0,0
26.33848760984794,16,1.0,3247
26.339245437186232,13,1.0,-9951
26.339765478620297,13,1.0,-9866
26.341680589311885,13,2.0,-10117
26.341723007671842,15,2.0,-8098
26.34518507923549,13,1.0,-10137
26.34561721000797,12,7.0,8960
26.34674076744818,13,10.0,-9967
26.346806609970894,14,13.0,-9838
26.34840724926959,15,1.0,-8099
26.34871433738912,113,35.0,-10131
26.349164580916092,15,1.0,-8248
26.350423528463313,7,8.0,8953
26.353030993808428,15,11.0,-8375
26.353032323170787,13,1.0,-9826
26.356597372916134,13,2.0,-9787
26.35663462745627,14,1.0,-9978
26.358365526972968,5,3.0,0
26.358684055829645,13,2.0,-9931
26.359468732231875,14,1.0,-10143
26.359533756868572,14,2.0,-9811
26.3604468442638,16,1.0,8142
26.360537089538543,15,2.0,-8453
26.360562365845563,6,1.0,8965
26.360901382342952,13,7.0,-10108
26.36148855126718,16,23.0,1144
26.362459446011144,17,11.0,-2646
26.36479089957502,13,1.0,-9757
26.364831042737535,5,2.0,0
26.36628394401314,15,10.0,-8255
26.36693204181763,15,1.0,-8254
26.36822918922042,5,3.0,0
26.368973979740655,15,1.0,-8094
26.36907335605072,15,3.0,-8303
26.369077918398705,13,1.0,-9829
26.370639189791603,14,5.0,-9796
26.371208719987816,4,2.0,8967
26.37157008006038,15,1.0,-8312
26.37216714898031,15,2.0,-8157
26.373990436795726,1,19.0,8968
26.376243784828798,17,1.0,-4244
26.3767033068034,17,3.0,-1400
26.379031289230912,5,13.0,0
26.380088102194094,17,1.0,-2206
26.38038656673956,17,6.0,-4409
26.380957230533614,15,1.0,-8273
26.38280151622774,13,5.0,-10091
26.382858844771516,14,1.0,-10033
26.385385359745456,5,1.0,0
26.386181214622066,17,3.0,-5368
26.38627514050666,15,1.0,-8332
26.38639856891737,13,3.0,-9778
26.387155756567864,16,3.0,2475
26.38768594404695,16,5.0,4464
26.387723982442346,17,1.0,-6888
26.388770957113074,13,2.0,-10069
26.391579898041414,5,6.0,0
26.39157990964747,5,4.0,0
26.39277997980968,16,54.0,1719
26.393139136511365,15,4.0,-8353
26.393154495904692,5,6.0,0
26.39383133254652,13,2.0,-10003
26.395734191053336,17,10.0,-1089
26.395821094718592,13,1.0,-9867
26.396001500122328,13,2.0,-9856
26.39629387042421,15,8.0,-8330
26.39814766990819,14,3.0,-9936
26.398653492600193,13,2.0,-10083
26.398911217422082,13,2.0,-9807
26.399424179128875,5,5.0,0
26.399635502864054,15,1.0,-8482
26.40008105281619,14,2.0,-9882
26.40093650147385,113,59.0,-10073
26.40181323953804,17,1.0,-5663
26.40187860737218,13,2.0,-9740
26.40211495973847,5,1.0,0
26.404006590792676,5,6.0,0
26.405964300568833,5,4.0,0
26.40626740225136,13,1.0,-9795
26.407463147311304,16,4.0,6806
26.408091919146177,5,4.0,0
26.408307625219837,15,2.0,-8363
26.408944022813635,13,2.0,-10088
26.409592355832313,15,3.0,-8120
26.410913515662774,14,5.0,-9734
26.411447430866755,17,1.0,-2299
26.4119041118544,17,1.0,-3655
26.412247494023717,13,1.0,-10100
26.41455529424224,5,2.0,0
26.416031798974227,6,3.0,8923
26.416557790673338,3,2.0,8969
26.416866575358807,13,2.0,-9849
26.419868351792616,15,1.0,-8249
26.421588000400885,13,1.0,-9810
26.42167028978049,15,4.0,-8116
26.422001263473096,15,13.0,-8280
26.42202483839428,5,1.0,0
26.422271303867888,14,4.0,-9879
26.422388664120987,14,2.0,-9964
26.42268422888251,14,2.0,-10062
26.42287798890224,15,1.0,-8140
26.42370322180747,17,2.0,-5350
26.42388221041282,15,1.0,-8290
26.425053840555723,14,6.0,-10122
26.42513423559648,1,4.0,8970
26.425936393512373,14,4.0,-9781
26.42640305679831,13,1.0,-10039
26.429116438464778,13,1.0,-10114
26.429347986377863,17,1.0,-919
26.431589856403047,15,4.0,-8464
26.432940222447424,14,2.0,-9925
26.433269313474206,14,3.0,-9797
26.433727953699183,17,1.0,-2291
26.435469401478585,14,4.0,-9753
26.436884178600533,5,1.0,0
26.438623376557395,13,5.0,-9842
26.439254065371987,13,9.0,-9975
26.443982016330192,15,2.0,-8463
26.444598043644785,5,4.0,0
26.44500706876206,13,2.0,-9972
26.445287724173852,17,2.0,-4747
26.445799414608686,11,21.0,8944
26.447278618818114,17,1.0,-6395
26.447345919277684,14,3.0,-9960
26.4475514093342,13,3.0,-10130
26.44794219403916,13,1.0,-9865
26.449254087426276,5,7.0,0
26.45008034617369,1,4.0,8971
26.45011204652041,13,1.0,-9911
26.450657354670682,1,3.0,8972
26.453025345539977,13,5.0,-9799
26.454205331786195,17,2.0,-497
26.456619448304593,16,4.0,4572
26.45698372139018,5,7.0,0
26.457160491305245,14,4.0,-9903
26.458821407445974,15,1.0,-8270
26.459114007344407,13,1.0,-10142
26.45918384116755,17,1.0,-1908
26.460810248433518,17,1.0,-4127
26.461466274706503,14,6.0,-9949
26.463096780421065,6,9.0,8891
26.46314375892517,13,1.0,-10064
26.46398625642804,16,13.0,8654
26.464457906095404,17,1.0,-1683
26.466888811831698,16,3.0,989
26.466900119326308,6,2.0,8958
26.46695215617924,16,2.0,5731
26.467236603541313,15,1.0,-8433
26.469665878428863,15,4.0,-8326
26.470096643048315,14,13.0,-10056
26.470438583039677,14,4.0,-9765
26.473271051978408,14,3.0,-10104
26.47385477703024,17,1.0,-4625
26.474985889874276,13,5.0,-9857
26.475288565687528,5,2.0,0
26.475509752562736,13,1.0,-9941
26.475959264978634,13,3.0,-9940
26.47615994059616,15,1.0,-8139
26.476929180936885,13,1.0,-9880
26.477168984282955,113,34.0,-9905
26.477724046068058,13,1.0,-9959
26.47879581489396,13,7.0,-10005
26.47908947044759,14,1.0,-10055
26.47943591268622,15,1.0,-8342
26.479442007477502,16,9.0,6466
26.481411149061618,13,4.0,-10054
26.481668817035647,15,1.0,-8320
26.481676291541593,13,2.0,-10038
26.482854911264717,15,1.0,-8193
26.483174595609675,16,1.0,6580
26.485594335167832,16,2.0,2479
26.485860909234265,5,1.0,0
26.486291511913663,16,53.0,240
26.48728729601773,13,1.0,-10046
26.48806888492735,5,11.0,0
26.488406372136424,16,8.0,6237
26.49220769881628,14,5.0,-9885
26.492245422572196,15,12.0,-8305
26.49268821280803,14,4.0,-9814
26.492776963041294,5,4.0,0
26.49340240398598,14,2.0,-9916
26.493486693106888,14,3.0,-9802
26.494081579422613,4,6.0,8973
26.494966521922013,5,3.0,0
26.495223066755468,17,4.0,-6670
26.495317892181642,13,2.0,-9828
26.497214502098487,13,1.0,-10112
26.503201079884523,13,1.0,-9970
26.50396839365285,15,3.0,-8398
26.504006938394323,1,2.0,8974
26.505644521195,15,6.0,-8207
26.508671539351525,16,1.0,4906
26.509545676663624,15,2.0,-8159
26.510913976289476,17,2.0,-8044
26.51160461127016,15,8.0,-8252
26.512225975823643,5,2.0,0
26.51261923963264,5,1.0,0
26.514878968297737,14,6.0,-10066
26.515154992166348,13,2.0,-10098
26.51605060132095,7,7.0,8940
26.518319590327078,15,1.0,-8371
26.520233992614195,5,1.0,0
26.521740296696336,14,9.0,-9914
26.522355512885632,17,1.0,-3113
26.523431587154978,16,6.0,7337
26.525837964617754,13,1.0,-10048
26.525964532354617,8,7.0,8955
26.52769513716331,15,3.0,-8184
26.529668237988858,17,1.0,-7786
26.530304256985136,4,5.0,8975
26.530835601116642,13,1.0,-9839
26.53246029826225,15,5.0,-8361
26.532884759074427,14,2.0,-9934
26.534762068054714,113,47.0,-9751
26.53708126924457,15,1.0,-8405
26.538912495092546,14,2.0,-9843
26.539744305846007,5,3.0,0
26.54060401086361,5,1.0,0
26.5418220443388,15,5.0,-8150
26.544433349801455,13,9.0,-9786
26.544674199945437,15,1.0,-8199
26.545633147053923,15,1.0,-8263
26.546400012203538,14,2.0,-10116
26.546420021462513,17,3.0,-6808
26.546644847744524,17,4.0,-7506
26.549963559409115,17,1.0,-5935
26.550257198598857,16,5.0,1652
26.55033537320343,7,1.0,8932
26.550798190993785,15,4.0,-8131
26.550995502313565,15,4.0,-8341
26.55100176765975,13,2.0,-9982
26.551031839004825,16,3.0,7861
26.553110100633095,15,1.0,-8492
26.553892748985927,17,4.0,-4924
26.554269194136598,15,2.0,-8491
26.555364745953668,16,14.0,1832
26.55608316790916,13,2.0,-9780
26.55685928292678,13,1.0,-10105
26.558582315256594,6,2.0,8974
26.55884690021765,13,1.0,-9997
26.559165770455774,9,5.0,8879
26.559430280543342,13,1.0,-9744
26.559812245606555,14,4.0,-9877
26.560966793747383,15,2.0,-8261
26.561335496983656,7,2.0,8938
26.561629888947145,17,1.0,-7218
26.562287292199148,5,12.0,0
26.56247304780926,15,1.0,-8155
26.563309733031918,14,1.0,-9910
26.564211460511046,13,1.0,-9806
26.56663884832875,15,1.0,-8370
26.56938622623064,17,2.0,-7110
26.569952683508063,5,5.0,0
26.57068192945134,14,2.0,-10095
26.570760672674425,17,2.0,-5721
26.570917723093373,17,3.0,-7744
26.570928178868414,13,5.0,-9755
26.57234615829917,15,4.0,-8454
26.572570355049404,15,5.0,-8209
26.572905180206508,14,1.0,-9742
26.573112215072666,17,2.0,-6195
26.57361155886716,15,6.0,-8153
26.57535238216305,17,4.0,-5337
26.575932733792076,13,4.0,-10000
26.57597745238604,5,1.0,0
26.576602900274782,4,6.0,8976
26.576838272155,13,1.0,-10020
26.577307543946112,5,4.0,0
26.57772514444089,13,1.0,-9892
26.577990746679497,16,3.0,5803
26.579357698567396,13,18.0,-10022
26.580674360572935,15,7.0,-8449
26.58068217598382,17,12.0,-4477
26.580738598550834,15,3.0,-8158
26.582278846301634,15,1.0,-8322
26.583178306655636,7,4.0,8920
26.58372533148003,17,1.0,-7395
26.58473949970821,16,5.0,1619
26.585757707679917,5,2.0,0
26.587345178480504,5,3.0,0
26.589419950448228,5,4.0,0
26.58965615651887,15,3.0,-8271
26.590763005787935,17,1.0,-6074
26.591218542926644,15,2.0,-8284
26.591316250556176,16,1.0,7041
26.59159475035997,13,8.0,-10136
26.59173016619534,13,2.0,-10126
26.592883994188007,16,1.0,604
26.594400744794594,15,6.0,-8285
26.595239052020723,7,3.0,8820
26.59619330296439,13,1.0,-9957
26.597198024501452,14,22.0,-9833
26.598469862705315,15,28.0,-8295
26.599287841252142,13,9.0,-9746
26.599303498416766,14,5.0,-9947
26.599418103968972,17,1.0,-1202
26.600325028121453,17,1.0,-2213
26.600894766900407,16,5.0,6091
26.60204844660946,13,2.0,-9761
26.602758663177557,15,1.0,-8336
26.603130948761198,17,1.0,-7275
26.604635193459632,15,3.0,-8162
26.605158417683224,14,5.0,-9808
26.605577446049512,14,2.0,-9887
26.606063679229145,15,3.0,-8287
26.606121797474504,5,1.0,0
26.606728612196257,14,2.0,-9992
26.60690928644323,15,1.0,-8196
26.607549344637526,14,4.0,-10132
26.607825043690156,13,1.0,-9912
26.608094764723496,17,2.0,-7242
26.608284426441017,16,41.0,7045
26.60866017960134,14,1.0,-9875
26.60915262600266,15,1.0,-8343
26.611749352817007,15,2.0,-8344
26.61190544981684,14,3.0,-9768
26.61222120608906,17,1.0,-6502
26.612983064184704,14,1.0,-9777
26.613029714549487,15,7.0,-8474
26.61427114106555,5,4.0,0
26.61622820474501,15,7.0,-8144
26.6170952686374,13,3.0,-9784
26.617228300382983,14,4.0,-10078
26.6182048797116,13,3.0,-9783
26.61867075578052,17,1.0,-952
26.619254903412497,15,5.0,-8402
26.620034176064383,13,1.0,-9738
26.621369911027994,17,2.0,-6857
26.621888508602744,16,24.0,6113
26.622757258057856,17,5.0,-5327
26.623593317978607,13,2.0,-9923
26.624859585289148,13,1.0,-9823
26.625601635212956,17,10.0,-1517
26.626880431978883,13,2.0,-10087
26.62703032323801,17,6.0,-5434
26.627279079142664,15,1.0,-8265
26.627279079142664,17,1.0,-8265
26.627486193351324,13,2.0,-9735
26.627517965959626,14,1.0,-9874
26.62800968926376,15,3.0,-8357
26.628535999161873,13,1.0,-9956
26.628571929822353,15,1.0,-8462
26.62867563086847,15,5.0,-8117
26.62904703311147,13,5.0,-10076
26.629149657392283,17,6.0,-628
26.629195330501588,14,4.0,-9800
26.6301643406661,15,1.0,-8126
26.631113117630868,15,4.0,-8302
26.63169205297334,13,2.0,-9870
26.633017485386382,5,2.0,0
26.63328086938953,15,11.0,-8477
26.63417996226877,17,4.0,-6806
26.63498078715868,17,1.0,-6705
26.635686180912952,13,4.0,-10042
26.636150509610957,17,3.0,-7739
26.63620763750464,17,14.0,-7911
26.636568295326597,14,3.0,-10060
26.637202289974713,13,1.0,-10044
26.63847089432098,15,1.0,-8408
26.638561528150642,17,1.0,-7860
26.63936103815457,17,1.0,-3758
26.640278971205316,15,1.0,-8310
26.640573101740593,13,3.0,-9756
26.644779456105404,13,1.0,-9963
26.64490691178713,16,2.0,8059
26.645397840903158,15,16.0,-8465
26.645911778024175,15,4.0,-8288
26.645939665109513,15,2.0,-8110
26.64651269591592,5,38.0,0
26.64664351665379,13,2.0,-9852
26.64750840405325,17,2.0,-1757
26.64797920853903,17,5.0,-4644
26.64836328968717,17,1.0,-7741
26.650076691270986,16,2.0,6668
26.650687427858184,15,2.0,-8182
26.653636498255405,17,5.0,-7798
26.654170525907126,17,1.0,-5627
26.654879495128405,11,5.0,8918
26.65685550480943,17,1.0,-6104
26.659315847232783,15,6.0,-8256
26.659315847232783,17,6.0,-8256
26.661188362892695,14,3.0,-10107
26.66195357060045,15,1.0,-8304
26.66212653572142,13,1.0,-9987
26.663152508647226,17,3.0,-7998
26.664295961922114,14,1.0,-9906
26.66494060780084,13,1.0,-9922
26.665119399304807,13,1.0,-9819
26.66625442749386,17,4.0,-3204
26.6694184029845,113,44.0,-9748
26.671376510997355,13,1.0,-9790
26.67359831510687,17,6.0,-4395
26.673686293909775,14,2.0,-10030
26.67711533282502,17,2.0,-1465
26.677369942986395,13,1.0,-10118
26.678010759002795,17,3.0,-5463
26.67866485948204,15,2.0,-8237
26.678699798533025,17,2.0,-6785
26.679514447734714,13,1.0,-9929
26.67977885517419,15,1.0,-8216
26.679840777646774,13,2.0,-9872
26.679996930993216,5,3.0,0
26.680118233413275,13,5.0,-9901
26.68085930955863,14,4.0,-10049
26.681594167885557,15,1.0,-8496
26.68195606947433,15,1.0,-8354
26.682388739477855,113,37.0,-9861
26.68239572189766,5,22.0,0
26.68312800959189,13,1.0,-10138
26.688882861566213,5,4.0,0
26.689088579109168,13,18.0,-9899
26.689441287453793,17,2.0,-4046
26.694721372704514,17,2.0,-8245
26.695121995507307,16,8.0,7975
26.69571317506699,13,7.0,-9928
26.696174753534653,15,1.0,-8426
26.697619614908056,15,1.0,-8143
26.697619614908056,17,1.0,-8143
26.698177490555793,13,5.0,-9774
26.698528144305204,5,2.0,0
26.699452159488448,15,6.0,-8223
26.69954426481737,13,2.0,-9754
26.701893071749563,13,1.0,-9815
26.703556281870874,13,1.0,-9771
26.703919785863036,7,24.0,8900
26.70470324341966,13,1.0,-9942
26.70534031220218,15,2.0,-8114
26.705436698854122,15,2.0,-8272
26.705923165495665,15,2.0,-8364
26.706325618002758,15,4.0,-8227
26.70723636360939,17,1.0,-1747
26.70800937204957,17,5.0,-6413
26.70868146272782,17,4.0,-7464
26.708823038998517,13,3.0,-9980
26.710111668021202,11,1.0,8949
26.711483259385535,17,1.0,-2596
26.71256819704509,13,2.0,-9745
26.714000907718553,15,34.0,-8327
26.7156801099829,5,7.0,0
26.716256806663225,17,1.0,-4581
26.716263962101536,17,2.0,-4752
26.716397371511476,15,2.0,-8309
26.716844943282236,17,2.0,-5167
26.71696400045739,6,3.0,8914
26.720886253647173,17,3.0,-2029
26.721758622433605,17,1.0,-2687
26.722841428438638,17,1.0,-5175
26.725297799798728,15,4.0,-8218
26.725675799627254,17,3.0,-5956
26.729546143518416,13,2.0,-10097
26.73122675838998,17,5.0,-4399
26.731246031965306,5,2.0,0
26.7314869143654,13,3.0,-10032
26.73373180367965,13,8.0,-9845
26.734301634441238,5,2.0,0
26.734581634526243,15,15.0,-8109
26.735397726386957,13,1.0,-10052
26.735686546136716,14,2.0,-9764
26.735928322400937,13,2.0,-9918
26.7363715050862,13,20.0,-9858
26.73648763732617,15,1.0,-8111
26.73650854223931,13,4.0,-10093
26.73849964994585,15,1.0,-8374
26.739401682118512,5,7.0,0
26.740159654048835,17,8.0,-8185
26.740618624282988,17,4.0,-7340
26.74082890201345,5,4.0,0
26.741006241906348,14,1.0,-10090
26.74132392605497,17,9.0,-6388
26.741666068617757,13,8.0,-9864
26.741885420417745,113,45.0,-9818
26.74376382606076,17,2.0,-5094
26.743850677115276,17,1.0,-7401
26.744536615591628,15,2.0,-8487
26.74463210396685,14,2.0,-9792
26.74572433341033,15,12.0,-8222
26.74606671319462,13,3.0,-9775
26.746301778307547,13,1.0,-10012
26.746577201633166,14,1.0,-9798
26.746742409398625,14,7.0,-9779
26.74756861103439,5,1.0,0
26.74777176849323,5,1.0,0
26.750390609656613,14,14.0,-9908
26.750889370008196,16,4.0,7027
26.752206237540886,15,14.0,-8219
26.75332479653212,17,2.0,-3894
26.755765718220225,14,2.0,-9752
26.756235890154535,5,7.0,0
26.7582317161581,7,1.0,8902
26.75835309145361,5,2.0,0
26.75947088391227,15,1.0,-8438
26.760758175274237,13,1.0,-10115
26.76112632348971,17,1.0,-6795
26.762188651585888,15,2.0,-8214
26.76284463060209,17,1.0,-6425
26.764739858127275,13,5.0,-10082
26.765956870041478,5,13.0,0
26.7660801893435,17,1.0,-5587
26.766744427790112,17,1.0,-6625
26.767018110244,15,1.0,-8352
26.76732587617163,16,1.0,8302
26.767911513730866,14,7.0,-9935
26.771151178144834,5,2.0,0
26.77123210633886,113,17.0,-9893
26.771635652337817,8,2.0,8974
26.77204287424464,13,8.0,-9762
26.772097657028436,13,1.0,-10101
26.77311989779975,14,4.0,-9909
26.77337153630838,17,1.0,-2263
26.77452021182961,15,1.0,-8396
26.77560848799085,5,3.0,0
26.776400887758953,15,2.0,-8362
26.777098660329422,13,1.0,-9962
26.77737647520698,15,3.0,-8282
26.77798630037241,15,2.0,-8190
26.778373129634105,17,1.0,-803
26.77886250996053,15,3.0,-8416
26.77924288713718,17,2.0,-2608
26.779753869112774,17,3.0,-3666
26.77984938302843,15,8.0,-8163
26.78131652283143,17,1.0,-6592
26.78226784810764,16,5.0,2208
26.78261814602297,13,4.0,-9822
26.783920398934516,15,4.0,-8251
26.78687701501715,13,5.0,-10010
26.787488618097534,17,1.0,-5330
26.787925870724727,13,1.0,-9749
26.7881405597442,5,1.0,0
26.789270020133234,5,5.0,0
26.78947206486641,1,4.0,8977
26.790797566120684,14,3.0,-9737
26.791076379971994,13,1.0,-9743
26.7939841468875,17,1.0,-5715
26.794007608253384,14,2.0,-9851
26.79404992416272,17,4.0,-8277
26.79429512882749,13,1.0,-9772
26.794681141796097,15,2.0,-8202
26.795061955484915,13,9.0,-9966
26.79641504243484,17,1.0,-8432
26.796671324187553,13,3.0,-9801
26.798857521798435,7,3.0,8926
26.799298530645,5,4.0,0
26.80097518771883,15,1.0,-8422
26.803522051151102,13,1.0,-9739
26.807426144270522,13,5.0,-9969
26.809563087704092,13,5.0,-10058
26.809892032016503,14,2.0,-10071
26.80991724359796,15,4.0,-8359
26.810224516076385,15,1.0,-8311
26.812185607952784,14,3.0,-9767
26.81615653043353,16,1.0,5537
26.81627063293478,14,12.0,-10024
26.816459658967837,17,1.0,-1071
26.8176616093308,15,2.0,-8403
26.818624119910183,14,3.0,-9836
26.81978510480068,16,3.0,6919
26.819980352538728,13,3.0,-10123
26.82201161098557,15,2.0,-8347
26.82211941647584,13,1.0,-9747
26.822259077286517,17,3.0,-1281
26.82305137519667,15,4.0,-8448
26.823769868933212,13,2.0,-9884
26.82417315060202,13,1.0,-9933
26.824391237343157,5,3.0,0
26.824529141198497,5,9.0,0
26.82589794071051,17,2.0,-7906
26.82700448750725,5,2.0,0
26.827518277845876,17,1.0,-2933
26.8296645856368,13,1.0,-9804
26.830492580153116,15,6.0,-8198
26.83165993215456,17,1.0,-3957
26.831822428532433,15,7.0,-8333
26.832224083927112,15,1.0,-8297
26.834237722910913,16,1.0,8742
26.834445263666982,16,9.0,5123
26.835245766466716,17,7.0,-6771
26.835959189217522,13,4.0,-9750
26.83790467697009,13,2.0,-10023
26.838594510470532,15,2.0,-8479
26.8385989378518,16,49.0,2382
26.840850546161874,7,4.0,8892
26.841554534043794,5,11.0,0
26.843298316207385,17,2.0,-6103
26.843503903066683,9,7.0,8911
26.84434298247651,5,3.0,0
26.844383885827856,13,1.0,-9939
26.844510030957487,16,1.0,4946
26.844846848269665,17,3.0,-5827
26.845599892401122,15,5.0,-8250
26.84671561091384,13,2.0,-9946
26.846792486939865,13,4.0,-9863
26.84781724854875,5,1.0,0
26.84805582343671,5,8.0,0
26.84901937346852,15,12.0,-8238
26.849079337034723,15,2.0,-8128
26.852867222724544,13,2.0,-9835
26.85531927480149,17,3.0,-7254
26.85539989221957,13,5.0,-9968
26.85614129840318,5,1.0,0
26.857918714754547,5,1.0,0
26.861462817274347,5,3.0,0
26.86215702553293,16,17.0,6412
26.863793991776028,17,2.0,-2855
26.8641804643469,13,1.0,-10043
26.864307175082168,13,5.0,-10135
26.86757262161508,15,3.0,-8404
26.868179404645538,16,33.0,2875
26.870598084371128,15,1.0,-8220
26.871717424054722,13,3.0,-10120
26.87176180298067,14,4.0,-9886
26.872253018723633,17,1.0,-1449
26.8727861905177,13,1.0,-10047
26.872955203381725,13,6.0,-9945
26.87557192831828,5,1.0,0
26.875973907171286,17,2.0,-3905
26.876377947143233,5,3.0,0
26.876825335507476,14,2.0,-10081
26.879159879563574,14,7.0,-9985
26.879623452414783,10,4.0,8961
26.879637067491924,17,1.0,-7165
26.881492960259724,15,4.0,-8339
26.882023834269187,17,2.0,-7663
26.882335167354544,14,1.0,-10065
26.884825947026172,1,4.0,8978
26.885055746524465,17,3.0,-8391
26.886677775134217,15,6.0,-8276
26.886691585908647,15,1.0,-8232
26.888097487381497,15,1.0,-8392
26.88812533797698,15,1.0,-8393
26.888130335482813,15,3.0,-8112
26.88933136740755,13,3.0,-10017
26.890038019934018,5,3.0,0
26.89284005714479,5,2.0,0
26.894339966648616,17,1.0,-5223
26.894448674931454,14,26.0,-9973
26.894642973194582,15,2.0,-8423
26.89508020930429,17,1.0,-7257
26.895433034319435,15,5.0,-8478
26.896797473259358,14,2.0,-9832
26.896840863563533,15,2.0,-8235
26.89878177170375,17,3.0,-7549
26.89885171290328,14,2.0,-9847
26.899144883029173,15,1.0,-8217
26.89921927818135,13,2.0,-9812
26.899297468402207,5,5.0,0
26.90047698044061,15,1.0,-8289
26.900644097298454,15,2.0,-8107
26.900923007686995,1,4.0,8979
26.901562325405717,15,2.0,-8498
26.902293557157556,17,12.0,-895
26.90263687327816,14,5.0,-9989
26.903632447867142,17,1.0,-6740
26.90377315162837,14,2.0,-9855
26.905734777237242,17,1.0,-8027
26.906686785611555,5,4.0,0
26.906771121689257,13,2.0,-9999
26.907463277744938,13,9.0,-10133
26.90800187603155,15,5.0,-8228
26.908593666429677,14,5.0,-9988
26.910021840838205,14,7.0,-10035
26.91184049820239,15,3.0,-8436
26.91201415765927,11,41.0,8927
26.91310739769824,17,5.0,-7182
26.913892406054394,13,1.0,-10008
26.91568823554118,13,55.0,-9955
26.916450227005974,17,2.0,-6616
26.91702879580689,15,2.0,-8194
26.917106923985003,17,2.0,-4847
26.917704341579725,17,1.0,-7707
26.91775967609846,13,6.0,-9974
26.918457115365523,7,1.0,8957
26.91881852257163,16,16.0,5949
26.92002757721659,17,6.0,-7297
26.92109852046869,15,2.0,-8138
26.921384023054205,13,2.0,-9924
26.922207355257957,17,1.0,-7467
26.922801772087187,14,3.0,-9769
26.923055117466923,15,11.0,-8440
26.923103812093945,14,1.0,-9965
26.923297681563504,15,2.0,-8168
26.924344833392755,14,5.0,-10026
26.925184843281848,1,2.0,8980
26.926761251881636,16,2.0,3133
26.930212908965576,15,1.0,-8467
26.93060987685535,11,14.0,8928
26.931348207982225,14,20.0,-10001
26.932807360155543,15,6.0,-8418
26.93333154154324,5,3.0,0
26.935203507413544,17,3.0,-6702
26.93626843407766,13,2.0,-9881
26.938051642240243,13,4.0,-9904
26.938525810430065,13,3.0,-9854
26.940244482783566,14,5.0,-9889
26.940872408748284,13,3.0,-9971
26.941321304919324,13,1.0,-10070
26.94150749388288,14,1.0,-9809
26.944764869778183,6,4.0,8908
26.947071430828522,13,8.0,-9907
26.947187096060738,16,8.0,6704
26.948703495698304,13,3.0,-10141
26.94929778424513,14,5.0,-10034
26.9503905576018,15,11.0,-8108
26.950454899665377,15,1.0,-8173
26.95053694938465,5,4.0,0
26.95069285019926,5,7.0,0
26.950970864016657,13,1.0,-10063
26.951126128736597,17,4.0,-8323
26.951688254718643,13,3.0,-9878
26.953885368719398,15,1.0,-8103
26.95401092214516,17,2.0,-6134
26.957386030352367,17,3.0,-2173
26.957500484811717,14,1.0,-10041
26.957829382725517,10,5.0,8975
26.957888207095717,17,2.0,-907
26.958726913383146,14,8.0,-10057
26.959425354604726,17,1.0,-7458
26.961564376133506,5,3.0,0
26.961845714570163,15,1.0,-8152
26.963530648917477,16,4.0,8073
26.96396088147618,15,1.0,-8176
26.965475079492858,13,1.0,-9902
26.966195957898233,15,1.0,-8383
26.966633360540683,15,1.0,-8428
26.967023589607027,15,1.0,-8446
26.968018658352968,113,24.0,-9827
26.969653807002267,14,25.0,-10125
26.96971331408748,15,1.0,-8118
26.970018379891663,17,2.0,-3743
26.97137585690498,13,4.0,-9984
26.97301236600903,13,1.0,-9991
26.973273410181733,17,2.0,-7234
26.974242927676606,15,3.0,-8365
26.97472481854775,15,4.0,-8225
26.97496017097766,13,5.0,-10106
26.976647460529325,14,6.0,-10099
26.9784084656086,15,1.0,-8169
26.97857180497204,13,2.0,-10027
26.978710315468316,13,2.0,-9776
26.97899503956955,15,1.0,-8133
26.98078575849803,15,4.0,-8146
26.9814630761193,15,5.0,-8239
26.98158699910107,15,7.0,-8470
26.983280326288742,14,1.0,-9794
26.985318967006886,16,7.0,306
26.98565897757584,8,2.0,8937
26.98587250271661,17,4.0,-3694
26.986006051051373,15,2.0,-8376
26.9862725516113,15,4.0,-8221
26.986302422645068,15,2.0,-8161
26.987873542059962,15,1.0,-8456
26.988613074896985,5,1.0,0
26.989167233884043,17,1.0,-6543
26.990321625753165,17,1.0,-4359
26.991163191462057,15,1.0,-8366
26.991266187182024,16,2.0,4789
26.993191809652124,15,1.0,-8394
26.994488117743664,15,3.0,-8095
26.995748327939403,13,1.0,-9944
26.995952539836765,15,2.0,-8174
26.996166479146012,15,2.0,-8187
26.996261281464363,15,1.0,-8134
26.996261281464363,17,1.0,-8134
26.9968678218686,15,22.0,-8106
26.997708103455505,5,4.0,0
26.998016296541564,17,1.0,-2563
26.998197357006042,5,2.0,0
26.998494417865718,15,3.0,-8407
26.99961337401441,15,1.0,-8411
26.99961651028078,17,7.0,-7433
26.999853782308797,17,5.0,-1839
27.00097253230369,15,10.0,-8679
27.002566312703944,5,1.0,0
27.0035921394161,15,5.0,-8681
27.005252175582747,15,3.0,-8732
27.005466776742185,5,2.0,0
27.00635392606291,15,4.0,-8556
27.007866481899132,15,4.0,-8824
27.009001478261013,15,1.0,-8739
27.011228571529703,5,11.0,0
27.0136552371692,13,1.0,-10314
27.01412166541944,13,7.0,-10432
27.015130415386125,13,4.0,-10423
27.01584820118424,15,2.0,-8703
27.01584820118424,17,2.0,-8703
27.01631443563885,15,2.0,-8617
27.017552327096755,15,2.0,-8754
27.01806992638133,16,4.0,6788
27.018356466267832,5,2.0,0
27.0208859976136,14,15.0,-10426
27.0219105401537,17,1.0,-6254
27.024427761901737,15,3.0,-8872
27.02537708389924,13,3.0,-10437
27.02631547075238,16,4.0,7902
27.027321594156525,5,4.0,0
27.029240692715693,15,39.0,-8707
27.030175381020108,15,7.0,-9187
27.031175330394582,15,2.0,-8660
27.03213989536827,15,1.0,-8692
27.03269540906731,15,2.0,-8601
27.033277553829326,16,1.0,6526
27.033550851961735,15,1.0,-8737
27.034902568456296,15,1.0,-8815
27.036300781894752,13,1.0,-10190
27.036710520925496,7,8.0,8945
27.038076878041917,7,6.0,8941
27.038313956320096,17,1.0,-6719
27.038424511088017,16,20.0,4445
27.038501901782375,15,5.0,-8906
27.040136268687707,15,1.0,-9004
27.043295066265333,7,2.0,8959
27.043634361455,14,1.0,-10247
27.043808093042944,15,10.0,-8564
27.043842983439628,15,2.0,-8783
27.043842983439628,17,2.0,-8783
27.044063162968285,1,28.0,8981
27.045007701764433,15,1.0,-8875
27.04630729946353,5,5.0,0
27.046331957482128,13,1.0,-10228
27.04722443935806,15,3.0,-8730
27.048590810516036,6,1.0,8952
27.048929038750234,4,6.0,8982
27.050298862827525,17,4.0,-4393
27.050409821364553,5,11.0,0
27.05058627582531,15,5.0,-8592
27.051140853996177,14,1.0,-10193
27.051708878745266,15,11.0,-8751
27.053682561073376,5,2.0,0
27.05415541826518,15,2.0,-8790
27.055420261204397,13,3.0,-10305
27.055646586322787,16,6.0,7683
27.05640584399749,15,3.0,-9049
27.056679701074312,15,1.0,-8561
27.056981474774283,16,60.0,1668
27.058126852093032,15,16.0,-8795
27.05884509033896,15,1.0,-8633
27.059049223195665,13,5.0,-10361
27.059270562043057,15,7.0,-8774
27.05964604185814,13,2.0,-10216
27.060695526610957,5,6.0,0
27.061637757399424,14,2.0,-10254
27.062077382466075,13,1.0,-10252
27.062634676277856,13,7.0,-10301
27.0627948877824,14,3.0,-10348
27.06381998796608,15,2.0,-8712
27.064351583846324,7,3.0,8923
27.065612938524673,15,2.0,-8777
27.066766064704215,15,1.0,-8663
27.06731370824799,13,5.0,-10249
27.06834286878154,10,6.0,8973
27.068417069258896,15,3.0,-9001
27.068548443837905,5,6.0,0
27.069472442802393,5,1.0,0
27.069533331258462,7,2.0,8922
27.06984585646807,15,1.0,-8667
27.07007835410985,16,3.0,7590
27.071765611935707,15,3.0,-8883
27.07178430294919,16,5.0,5321
27.073072268870266,15,1.0,-9308
27.074106703743556,15,1.0,-8896
27.074106703743556,17,1.0,-8896
27.074138205378123,15,2.0,-8758
27.074455883972668,5,1.0,0
27.074860965210334,16,2.0,6925
27.075765179383165,15,1.0,-8571
27.076584183413768,5,1.0,0
27.077134301565792,16,7.0,5171
27.07783084662493,15,3.0,-8812
27.080824796460796,15,1.0,-8599
27.081352031335264,15,1.0,-8733
27.081894491254204,15,1.0,-8852
27.082480667457496,13,1.0,-10150
27.082527313909534,15,23.0,-8652
27.08404803054694,5,4.0,0
27.084672246840253,14,2.0,-10329
27.085021260324098,5,4.0,0
27.08552933173151,16,9.0,4500
27.085917545434757,5,2.0,0
27.08735261853029,15,1.0,-8846
27.087738095874055,15,2.0,-9193
27.088092609506443,5,6.0,0
27.08873157893077,15,4.0,-8591
27.090241614172463,14,9.0,-10347
27.09051271234844,14,1.0,-10194
27.090563883118428,5,3.0,0
27.090753942526444,5,4.0,0
27.091083512924094,13,1.0,-10259
27.091592214192634,15,3.0,-8879
27.09161502959458,15,7.0,-8528
27.09184132514113,5,4.0,0
27.092175948415242,15,4.0,-8513
27.092671023344682,13,1.0,-10387
27.09375545091563,5,4.0,0
27.094714893912077,14,1.0,-10262
27.098208141927095,15,4.0,-8568
27.098702120553234,15,1.0,-8826
27.100452566826554,15,11.0,-8658
27.10055492347875,5,4.0,0
27.100867065790343,15,1.0,-9137
27.10207547744749,5,3.0,0
27.103290477214788,15,3.0,-8805
27.103821666789315,15,2.0,-8715
27.106377828451347,14,5.0,-10260
27.107135680529936,13,1.0,-10349
27.10858709546107,13,1.0,-10376
27.108946310641493,14,2.0,-10251
27.108988532924606,7,2.0,8948
27.109146352880597,15,1.0,-8694
27.11017238492331,16,39.0,5680
27.111214968388936,16,43.0,230
27.11168957725389,15,6.0,-8887
27.112490390134766,15,2.0,-8557
27.112857024371475,15,3.0,-8509
27.1128700833447,15,1.0,-8804
27.11406840412549,15,1.0,-8829
27.11413383018564,15,1.0,-8720
27.11413383018564,17,1.0,-8720
27.115628726129557,15,2.0,-8776
27.116775120645407,5,3.0,0
27.117121422388973,5,3.0,0
27.1171878169089,15,3.0,-8651
27.11836289738532,13,1.0,-10248
27.120841219547152,16,4.0,5868
27.12109676861494,17,3.0,-2107
27.12123412202299,16,4.0,2813
27.12354177818291,5,2.0,0
27.123646252553648,14,4.0,-10428
27.123666981659376,16,4.0,6331
27.12560132753995,5,2.0,0
27.1256861620282,5,5.0,0
27.126027884046394,13,1.0,-10302
27.126822943813984,15,1.0,-8856
27.12709605267226,7,1.0,8946
27.12720051628634,15,1.0,-8838
27.12773879993866,5,4.0,0
27.127813045674944,1,3.0,8983
27.12847563493665,15,3.0,-8606
27.128641738798283,15,2.0,-8814
27.129566620927122,5,3.0,0
27.13001758160889,15,1.0,-8527
27.130646018327415,15,3.0,-8594
27.131388474685064,5,2.0,0
27.131564429584202,13,3.0,-10379
27.13248307826841,5,4.0,0
27.13335335446171,5,2.0,0
27.13525097599543,17,2.0,-7437
27.135260945423543,15,1.0,-8574
27.135727921021424,15,3.0,-8849
27.136148173992215,17,5.0,-4777
27.13639930906158,5,19.0,0
27.13663489842311,13,1.0,-10261
27.13765846506057,6,4.0,8978
27.1381536629203,15,1.0,-8659
27.13911496692132,15,3.0,-8865
27.13989868887635,14,3.0,-10333
27.14038907140647,113,35.0,-10336
27.14048787015508,5,4.0,0
27.142060835629554,5,1.0,0
27.142215780733547,14,1.0,-10335
27.142394149386533,15,2.0,-8507
27.143006057322282,16,1.0,7756
27.143545065359085,15,3.0,-8529
27.144389112282774,15,2.0,-9086
27.145193498865176,13,1.0,-10318
27.14659819437992,15,1.0,-8786
27.146969236373256,15,1.0,-8785
27.147318717853942,15,1.0,-8743
27.147953279889137,13,1.0,-10337
27.14855846611498,17,3.0,-6878
27.14887528271981,5,2.0,0
27.14915201979469,17,1.0,-929
27.149990397426404,16,1.0,4473
27.151443147067827,5,7.0,0
27.151997709681606,14,3.0,-10274
27.152593186878704,15,1.0,-8534
27.152657825136227,17,11.0,-3338
27.15296763103945,15,1.0,-8782
27.154101797733368,15,15.0,-8613
27.154349064127157,13,2.0,-10208
27.154565114127465,13,4.0,-10399
27.15577641987833,15,1.0,-8847
27.15622645275951,13,7.0,-10435
27.156666695269912,16,5.0,91
27.157749300951913,13,2.0,-10170
27.161807884098113,15,1.0,-8813
27.162040429416553,17,1.0,-5874
27.164479892580626,13,2.0,-10284
27.165211938146182,16,3.0,6950
27.165288122617703,13,1.0,-10341
27.165648284614797,16,6.0,2026
27.1661140086573,6,4.0,8971
27.166121469723347,15,2.0,-8598
27.16713563551056,5,1.0,0
27.16788585461661,16,3.0,4731
27.168579157109857,14,1.0,-10244
27.170956344273915,15,2.0,-8823
27.171901702709306,5,2.0,0
27.17198904531423,13,8.0,-10414
27.173834226410136,15,1.0,-8680
27.1762164075247,13,5.0,-10344
27.176250012802665,13,1.0,-10272
27.176780665149114,15,2.0,-8547
27.178618882739407,15,6.0,-8948
27.178763246291883,5,7.0,0
27.17985151826466,5,7.0,0
27.181209920124324,5,3.0,0
27.183841586215884,15,2.0,-8753
27.18421783869612,17,2.0,-6914
27.18463173169255,5,11.0,0
27.185835294166406,15,3.0,-8641
27.186393903002326,5,2.0,0
27.186968504316237,14,8.0,-10378
27.18935648365015,14,6.0,-10424
27.190220762250654,5,1.0,0
27.191328584664095,15,9.0,-8661
27.192317409798243,17,2.0,-3347
27.194640454328397,5,3.0,0
27.19722878756366,15,32.0,-8635
27.197474594512823,14,43.0,-10324
27.197863203950416,17,9.0,-3437
27.198257822290426,13,1.0,-10179
27.198445927204943,14,1.0,-10231
27.199013146438084,14,5.0,-10230
27.19932715304351,15,3.0,-8664
27.199395783882533,15,5.0,-8841
27.201643980273545,15,22.0,-8769
27.202150684862573,15,4.0,-8515
27.20327237569927,14,1.0,-10225
27.203841992438008,15,1.0,-8800
27.206087053740646,5,2.0,0
27.20620479997758,5,2.0,0
27.207622946233617,15,1.0,-8684
27.207932667237728,13,5.0,-10232
27.209630032258165,16,1.0,8747
27.210376244110897,15,1.0,-8731
27.211279893326203,15,5.0,-8873
27.211420907900038,6,3.0,8983
27.213087578060694,17,2.0,-460
27.213160096795963,15,5.0,-8670
27.214893430287358,15,5.0,-8640
27.2155441586052,15,11.0,-8894
27.215548089997426,5,2.0,0
27.21676477035793,13,2.0,-10147
27.21691000750565,5,1.0,0
27.21706086321393,15,3.0,-8801
27.217241684177292,13,26.0,-10266
27.220333963016756,13,6.0,-10401
27.221259937320106,15,2.0,-8535
27.221538287799195,13,29.0,-10412
27.223098447995056,17,2.0,-3617
27.223216607634335,13,5.0,-10189
27.22336714172673,5,2.0,0
27.223916512691414,4,9.0,8984
27.226429449952636,17,2.0,-7819
27.227883078663893,15,2.0,-8756
27.22976077603687,13,1.0,-10393
27.229783685795258,15,3.0,-9159
27.229941286787835,5,7.0,0
27.230756490490744,15,2.0,-8582
27.231100325848328,13,2.0,-10157
27.232403299957575,15,5.0,-8762
27.233360465114426,5,1.0,0
27.235522523149363,13,2.0,-10354
27.236067554070445,5,6.0,0
27.238910943547154,16,2.0,6605
27.24005695591481,15,4.0,-9139
27.240196856623008,15,1.0,-8634
27.241362309595488,15,2.0,-8833
27.242124025579447,14,1.0,-10185
27.243117911939486,16,24.0,3235
27.2436006150734,15,1.0,-8904
27.244376377852593,5,6.0,0
27.244919678774487,8,1.0,8866
27.24617653741467,5,5.0,0
27.246192324319566,16,24.0,1299
27.247273269456663,13,1.0,-10325
27.250670025601206,13,3.0,-10255
27.25214379990119,13,2.0,-10386
27.252341199395275,13,3.0,-10181
27.255807618905685,16,50.0,3599
27.25694128598431,9,18.0,8915
27.258366727588644,17,2.0,-4731
27.25941173852031,15,1.0,-8735
27.259689808746412,5,4.0,0
27.260140090834206,15,5.0,-8811
27.26019869364475,15,8.0,-8821
27.2615617229259,15,3.0,-8526
27.262034909637947,13,2.0,-10268
27.26303602485293,14,8.0,-10367
27.26446732389062,16,1.0,3030
27.264924897767223,15,2.0,-8718
27.265576922747183,16,5.0,7494
27.26582200492832,14,5.0,-10158
27.267663783555363,17,5.0,-168
27.267948546474948,15,2.0,-8671
27.271926150299144,8,2.0,8964
27.272401063073303,15,4.0,-8682
27.27272510172237,15,3.0,-8525
27.27380432793656,5,3.0,0
27.2756998894885,7,6.0,8966
27.276817019952723,13,3.0,-10164
27.27824009126672,3,10.0,8985
27.278572623507078,5,1.0,0
27.278742532854192,15,7.0,-8784
27.28001399036082,11,46.0,8901
27.280867551801272,13,5.0,-10308
27.281208129738577,15,1.0,-8863
27.282574693165607,15,3.0,-8560
27.28461523933256,16,12.0,6414
27.284860343387102,15,2.0,-8749
27.285696664000334,15,3.0,-8768
27.286146596258405,15,9.0,-8583
27.286154880037614,15,6.0,-8654
27.286259667609027,15,4.0,-9112
27.286660369523826,14,2.0,-10207
27.28778049871201,17,2.0,-5126
27.28856108077106,15,4.0,-8514
27.289412024237507,15,1.0,-8721
27.29123392933697,5,3.0,0
27.29229321635899,15,3.0,-9311
27.292919180931356,15,5.0,-8581
27.293493985921412,14,6.0,-10277
27.293825734611566,15,8.0,-8554
27.293833992850942,15,2.0,-8723
27.295739412235015,7,6.0,8904
27.297304150796744,15,1.0,-8901
27.299751639641585,15,4.0,-8573
27.299775152588577,15,21.0,-8586
27.301920687634546,5,3.0,0
27.302381843461937,15,2.0,-8569
27.302895937112368,15,2.0,-8891
27.302930411370117,13,2.0,-10149
27.30389857875289,15,3.0,-8697
27.30427655296969,15,2.0,-8512
27.306220833301087,5,1.0,0
27.306398730128635,14,2.0,-10162
27.307782907312067,15,7.0,-8772
27.307919003527225,15,4.0,-9045
27.30798222088464,13,1.0,-10343
27.308545079291886,13,1.0,-10331
27.30890010632804,15,2.0,-9130
27.30920628691352,1,6.0,8986
27.313271975585263,5,2.0,0
27.315483464185334,16,6.0,4137
27.315966247336018,5,2.0,0
27.317509524211914,13,2.0,-10224
27.32088403957152,13,1.0,-10298
27.32399095809932,15,2.0,-8577
27.324321503086736,16,1.0,7734
27.324609721721863,15,28.0,-8650
27.325556257028957,5,1.0,0
27.32575523370665,13,1.0,-10366
27.327479046709474,16,41.0,298
27.329973043127335,15,4.0,-8713
27.330605986804752,15,13.0,-8696
27.332824516009524,14,1.0,-10359
27.33492208771535,15,9.0,-8549
27.335020593525556,13,3.0,-10233
27.335698676352933,14,3.0,-10389
27.340537703009232,17,2.0,-3418
27.34108219905181,5,2.0,0
27.34141610412747,13,1.0,-10427
27.341637146336467,14,7.0,-10168
27.3437275985328,5,4.0,0
27.3445435125727,17,1.0,-3561
27.34463793793969,16,7.0,1576
27.345104054542425,15,1.0,-8530
27.3455987949385,15,6.0,-8939
27.346177627264876,13,5.0,-10391
27.34831604689405,15,1.0,-8890
27.34831604689405,17,1.0,-8890
27.34879327239613,13,3.0,-10419
27.349247383350384,5,5.0,0
27.34939743124262,15,2.0,-8555
27.35045477897707,15,3.0,-8537
27.351044248008755,17,1.0,-5701
27.35161310388822,14,1.0,-10409
27.35184534258461,13,6.0,-10353
27.353125560800553,16,1.0,4846
27.35321683095325,13,2.0,-10396
27.353305588811114,15,2.0,-8839
27.35333851844929,13,5.0,-10416
27.353429914856783,16,4.0,7633
27.353763933013614,13,4.0,-10250
27.35552678318494,13,1.0,-10154
27.35632209765471,15,1.0,-8608
27.356649570716492,13,2.0,-10323
27.358536679222485,5,4.0,0
27.36194618851693,17,1.0,-3446
27.36214524906824,15,2.0,-8614
27.36262943094937,14,1.0,-10156
27.363276172202898,15,4.0,-8655
27.364777025762727,13,4.0,-10213
27.366207551592993,15,8.0,-8734
27.366447725671634,16,23.0,2998
27.367099517835214,15,1.0,-8727
27.367998040334204,5,2.0,0
27.368572205809606,13,1.0,-10214
27.370020637608583,13,2.0,-10326
27.370875095699002,13,3.0,-10177
27.371194852361068,13,1.0,-10421
27.37282637692386,17,2.0,-3568
27.373622637062375,14,2.0,-10145
27.37452156035596,15,3.0,-9175
27.37463062059651,15,3.0,-8541
27.37490843517207,15,1.0,-8724
27.37640262001884,15,3.0,-8746
27.37777478771902,14,2.0,-10358
27.377807942474007,15,2.0,-8625
27.378706914981834,15,9.0,-8580
27.378906672771624,13,1.0,-10312
27.379453135214906,5,2.0,0
27.37945661037867,15,4.0,-8524
27.37945661037867,17,4.0,-8524
27.380287821564558,15,3.0,-8645
27.38075057678854,15,1.0,-8900
27.38157589409854,13,3.0,-10169
27.38173841489455,15,3.0,-8673
27.382347619235716,5,1.0,0
27.382449029261892,15,1.0,-8688
27.382473389996445,17,1.0,-446
27.38328979148168,17,2.0,-3876
27.383653881394576,14,2.0,-10176
27.38387761341746,15,1.0,-8585
27.38469089218556,15,1.0,-8899
27.38526477838157,15,1.0,-8563
27.386990987451313,17,2.0,-2319
27.388616852370294,5,8.0,0
27.389646555444177,15,3.0,-8764
27.389870319341888,15,5.0,-8880
27.391205712055672,13,1.0,-10273
27.39133175184613,14,2.0,-10212
27.39253522223773,15,1.0,-8562
27.393170986779666,15,2.0,-8729
27.393431824782247,5,2.0,0
27.3963399585742,16,8.0,7612
27.39734528056081,9,2.0,8919
27.39762589905671,16,29.0,7621
27.397804583728625,15,1.0,-8706
27.397856345678626,15,2.0,-8604
27.39788691402959,17,1.0,-5705
27.398233541135966,5,3.0,0
27.39860249074614,5,16.0,0
27.39970013647104,15,1.0,-8550
27.399773020679604,14,1.0,-10404
27.401349103192068,15,8.0,-8612
27.40403689511637,17,3.0,-3969
27.40498862769528,14,1.0,-10357
27.40566057036567,17,1.0,-1627
27.405996070086317,13,1.0,-10166
27.406196424894464,15,1.0,-8623
27.40638864662793,15,2.0,-8881
27.406834197838695,15,3.0,-8755
27.407751909640794,15,2.0,-8629
27.409590228299756,13,1.0,-10173
27.41054014643802,15,2.0,-8565
27.4109589899279,15,6.0,-8908
27.411152210099683,15,14.0,-8954
27.412174256339057,15,4.0,-8657
27.413505001248247,15,1.0,-8780
27.414524999896173,17,1.0,-4009
27.414859487000907,11,8.0,8929
27.41551339567771,15,1.0,-9107
27.41698029459019,16,7.0,1048
27.41809961274673,17,21.0,-2231
27.419638834713457,5,3.0,0
27.419825261323844,15,1.0,-8759
27.42007405237122,15,4.0,-8717
27.420341957361213,17,1.0,-607
27.420791659607325,15,1.0,-8644
27.42181857302328,15,3.0,-8851
27.42414889473091,13,1.0,-10300
27.42431092090082,15,12.0,-8669
27.426165027473022,13,1.0,-10385
27.42659277490465,17,1.0,-5000
27.426614207306105,5,1.0,0
27.42767387074566,5,3.0,0
27.429484226587682,15,1.0,-8740
27.42982386415123,16,1.0,4996
27.43042398464435,15,5.0,-8636
27.43453522948832,15,1.0,-8818
27.435270840588295,15,5.0,-8552
27.436096299311338,13,1.0,-10205
27.43651007468275,15,1.0,-8570
27.43651874702478,16,1.0,2730
27.436641707548958,17,1.0,-1614
27.43664943585804,11,57.0,8903
27.43665410713951,15,1.0,-8642
27.43703344779065,15,3.0,-8668
27.437145907861574,13,11.0,-10319
27.43735618994797,15,3.0,-8628
27.438519656960594,14,3.0,-10210
27.43859993697263,5,7.0,0
27.43919806736881,5,1.0,0
27.43954575573599,15,6.0,-8695
27.440635686365248,15,1.0,-8621
27.440905639135355,15,1.0,-8962
27.4424791406848,15,7.0,-8516
27.4427404182655,13,11.0,-10290
27.443471752191307,16,4.0,6813
27.445060312665476,14,3.0,-10306
27.448128798693762,15,2.0,-9285
27.449303689676064,14,1.0,-10199
27.451095315023625,15,4.0,-8701
27.451505754503554,5,1.0,0
27.45255149670081,5,9.0,0
27.45453124065988,5,5.0,0
27.455306008300525,17,13.0,-1360
27.455789337375357,13,1.0,-10175
27.45630438587611,5,2.0,0
27.456665384090613,15,1.0,-9166
27.45777607447251,13,2.0,-10351
27.458449631275805,13,4.0,-10256
27.45978115533616,15,1.0,-8710
27.46020422110117,13,7.0,-10293
27.460841285341143,5,1.0,0
27.46128677104302,5,3.0,0
27.462245834227705,17,2.0,-4972
27.463319861620427,15,1.0,-8686
27.46347791443256,17,2.0,-812
27.46446955376157,14,4.0,-10342
27.465344880992845,15,1.0,-8989
27.46534822102542,15,3.0,-8544
27.4671661275077,13,1.0,-10363
27.46750993246527,15,5.0,-8622
27.468187640746123,15,4.0,-8781
27.468187640746123,17,4.0,-8781
27.46955172253647,14,1.0,-10360
27.470242998308667,15,1.0,-8587
27.470433643903647,5,7.0,0
27.47153410565826,15,3.0,-8844
27.472389591722916,17,2.0,-7996
27.472680924650604,5,3.0,0
27.47350768338481,15,6.0,-8750
27.474066597038973,5,2.0,0
27.47477040957069,15,1.0,-8540
27.476805827908446,17,2.0,-6375
27.47920866221847,15,2.0,-8761
27.480003169564647,15,6.0,-8775
27.48151879478053,15,2.0,-8860
27.482271076270138,15,7.0,-8607
27.483235289626645,17,1.0,-8048
27.4834517545159,15,3.0,-8892
27.483916976861664,10,6.0,8976
27.48607412743818,15,1.0,-9231
27.48664249611596,15,5.0,-8820
27.48689358122031,15,1.0,-8796
27.487477835556383,15,3.0,-8794
27.48859842305083,15,7.0,-9246
27.48872313048377,13,4.0,-10369
27.489294035195826,5,4.0,0
27.490425219590882,15,1.0,-8857
27.490515899618472,5,4.0,0
27.490762900093067,15,3.0,-8726
27.492352765541796,15,3.0,-8504
27.492352765541796,17,3.0,-8504
27.495868331353734,15,1.0,-8788
27.496143536100938,15,4.0,-8910
27.497692980736645,15,2.0,-9128
27.498086334423594,17,1.0,-6402
27.498118242742105,17,1.0,-6474
27.49865508046045,5,2.0,0
27.49865559492166,13,2.0,-10431
27.49914803845283,17,4.0,-7439
27.499212800995632,5,15.0,0
27.499416677191654,15,3.0,-8840
27.499697491925204,13,3.0,-10153
27.499965074491623,13,2.0,-10362
27.503988944962654,13,1.0,-10295
27.504748085122777,17,2.0,-3064
27.50710376460342,5,3.0,0
27.5075833255039,5,3.0,0
27.507703396308457,113,26.0,-10364
27.508290138806192,15,6.0,-8832
27.511427278541934,5,2.0,0
27.511808079444776,5,3.0,0
27.512385018709093,15,5.0,-8559
27.51384655059954,2,43.0,8987
27.514078451275775,15,2.0,-8609
27.514552625396703,13,2.0,-10398
27.517617284611497,15,6.0,-8986
27.518684275980828,16,4.0,3832
27.518915243836986,17,12.0,-3256
27.520890852869314,13,2.0,-10330
27.521314432907836,15,3.0,-9233
27.52160311392786,7,5.0,8933
27.522296506157236,15,1.0,-8855
27.522842704115195,14,4.0,-10373
27.524092951486335,14,4.0,-10313
27.52442991454232,13,1.0,-10394
27.524494156539976,5,3.0,0
27.52495250646743,17,1.0,-7727
27.52782921762936,15,1.0,-8674
27.529368871025987,15,2.0,-8837
27.52961355703405,13,1.0,-10223
27.530124606618397,15,58.0,-8799
27.532581860796757,15,2.0,-8886
27.532594618508934,17,1.0,-4173
27.53421036687274,17,1.0,-5880
27.534452870867053,15,5.0,-8649
27.535282792700702,5,2.0,0
27.536241373813006,5,3.0,0
27.53656448349125,15,9.0,-8802
27.536744958745903,5,3.0,0
27.537183116833617,14,9.0,-10403
27.537686306851256,13,5.0,-10372
27.53796754958696,15,3.0,-8683
27.538221006553485,17,2.0,-3742
27.538521559327375,15,2.0,-8678
27.538905426090793,15,2.0,-8611
27.539122264798152,13,1.0,-10384
27.539228536551548,16,47.0,109
27.539490163590315,17,1.0,-7078
27.53963058989798,13,2.0,-10276
27.539635867658415,15,4.0,-8693
27.539777240871125,14,3.0,-10192
27.540440639709807,13,2.0,-10288
27.541072729206782,15,1.0,-8807
27.541428262358266,14,2.0,-10188
27.54157686267869,15,30.0,-8825
27.543128461286003,16,1.0,1168
27.543228191564367,14,3.0,-10374
27.543745763793165,10,2.0,8967
27.54588569143592,15,1.0,-8792
27.547059136206936,15,1.0,-8779
27.547810919638106,10,60.0,8930
27.547814426582114,17,4.0,-7963
27.548255723395886,17,3.0,-7935
27.548320725095405,14,21.0,-10245
27.54839511550301,15,3.0,-8687
27.548418709679005,15,3.0,-8831
27.55136261914131,13,1.0,-10172
27.55138883913677,15,1.0,-8567
27.552145581290358,15,4.0,-8816
27.55315005165615,17,4.0,-4322
27.553654368612,17,1.0,-3035
27.555073730813877,14,8.0,-10417
27.55808453896387,15,8.0,-8518
27.558135038197268,13,5.0,-10304
27.55980848272997,17,5.0,-6311
27.560659640981996,14,4.0,-10289
27.561016723479145,15,4.0,-8797
27.56227456907353,17,1.0,-7090
27.563976447069486,14,36.0,-10215
27.56464574057293,14,15.0,-10270
27.565576603856695,15,4.0,-8637
27.56707178002084,15,19.0,-8835
27.567227910089407,13,1.0,-10402
27.567926196068694,15,1.0,-8738
27.569057423959475,5,1.0,0
27.570227732892636,15,3.0,-8576
27.57030103964703,15,1.0,-8648
27.570853797154168,4,7.0,8988
27.57202221782441,16,3.0,5406
27.574349642877763,13,12.0,-10183
27.57506828173023,17,3.0,-7476
27.5755148886431,14,3.0,-10405
27.575847846469827,13,3.0,-10345
27.577497352768205,14,5.0,-10413
27.577780369962355,15,2.0,-8610
27.578474499868133,15,7.0,-8773
27.578836747669275,15,2.0,-8646
27.57902490827934,7,1.0,8943
27.579598415280174,15,1.0,-8884
27.5799088893865,13,1.0,-10420
27.57997456553206,5,2.0,0
27.580987330116077,15,1.0,-8579
27.581849657124227,14,3.0,-10211
27.581923964491473,15,28.0,-8665
27.582101137624083,5,3.0,0
27.584269098356106,15,3.0,-8505
27.585479301794177,5,3.0,0
27.586328712770317,17,1.0,-6139
27.586372847204288,15,2.0,-9225
27.58697113233837,10,7.0,8988
27.587341817530724,5,3.0,0
27.588623586299022,17,3.0,-5528
27.58942437911466,15,1.0,-8909
27.589558573985066,14,2.0,-10159
27.58976637857402,15,2.0,-8698
27.590747085067857,5,4.0,0
27.5916028131491,13,1.0,-10400
27.592491112630885,113,26.0,-10307
27.593292401229352,14,3.0,-10425
27.594048324684486,17,1.0,-6603
27.596230745297596,15,4.0,-8578
27.59646524295161,16,10.0,3902
27.59659172031062,17,1.0,-8061
27.596655634025485,5,1.0,0
27.597380516357745,17,5.0,-4373
27.602326054006127,14,17.0,-10269
27.603754673695278,17,1.0,-6729
27.604820492672523,13,2.0,-10271
27.608031364560848,14,2.0,-10200
27.608141742558757,15,1.0,-8597
27.608776827961634,5,10.0,0
27.609119050325244,13,2.0,-10328
27.614312856401618,5,2.0,0
27.61442835695521,15,1.0,-8545
27.614540555923014,13,2.0,-10418
27.615415057387022,17,1.0,-5954
27.616291992966634,16,27.0,5431
27.61668303080279,15,2.0,-8615
27.616863515862182,15,53.0,-8616
27.616863515862182,17,53.0,-8616
27.61742749106086,15,5.0,-8889
27.619668747228012,13,1.0,-10184
27.619997985329157,13,2.0,-10422
27.620243493892193,17,2.0,-7763
27.620403026156026,17,1.0,-7662
27.621913885201387,15,4.0,-9008
27.624111512378214,17,4.0,-6587
27.624888527764767,15,1.0,-8819
27.625560426459725,14,2.0,-10265
27.62954785178863,13,1.0,-10309
27.630461180617672,14,3.0,-10253
27.6315392909528,5,4.0,0
27.631747727122608,17,1.0,-6142
27.63179592408335,14,1.0,-10174
27.632496447314356,15,8.0,-8744
27.635820357767468,17,3.0,-6653
27.63637653689305,15,2.0,-8793
27.63707544283092,17,2.0,-6918
27.638037964110612,17,2.0,-584
27.639711531165354,15,1.0,-8898
27.64028986452199,15,1.0,-8653
27.640794690456147,5,2.0,0
27.64100120304211,13,1.0,-10165
27.64199107613424,14,4.0,-10294
27.64205844164469,5,2.0,0
27.642130945639682,13,2.0,-10382
27.64288735084056,15,3.0,-8778
27.64345645930358,13,22.0,-10242
27.644022860665768,15,1.0,-8907
27.64538536049847,15,2.0,-8885
27.646110182899832,15,2.0,-8631
27.648990727997063,15,3.0,-8806
27.649401997704427,15,4.0,-8551
27.649733176391074,6,6.0,8986
27.64979802578859,15,21.0,-8575
27.64979802578859,17,21.0,-8575
27.650667144076476,7,2.0,8951
27.651567442206222,17,2.0,-7359
27.653611687970137,14,3.0,-10258
27.653910101297743,14,2.0,-10279
27.65403219329023,15,3.0,-8656
27.654496981033798,17,2.0,-6936
27.65602142765383,5,2.0,0
27.656157756329282,17,1.0,-5795
27.657293317378812,17,1.0,-6747
27.65767021104522,17,4.0,-3829
27.659705311480398,15,2.0,-8817
27.660542575328456,5,2.0,0
27.662600151852338,17,1.0,-279
27.66290334656095,15,2.0,-8708
27.663300094867793,13,4.0,-10370
27.66404844254523,15,4.0,-8874
27.664092447688652,5,4.0,0
27.66475427588924,14,2.0,-10229
27.666036493054598,15,1.0,-8522
27.666537456899974,15,16.0,-8828
27.668213535091812,5,2.0,0
27.668457921245533,14,1.0,-10180
27.67057487691818,16,2.0,2533
27.671143275160247,14,2.0,-10350
27.671835131088166,5,3.0,0
27.6728225805226,14,1.0,-10267
27.67325761510768,15,1.0,-8600
27.674585614626835,14,8.0,-10217
27.675894124509497,5,1.0,0
27.67693663653928,15,3.0,-8870
27.677036525101272,14,2.0,-10287
27.677391858390916,17,5.0,-3321
27.677841584848835,13,1.0,-10219
27.678362411202954,14,2.0,-10155
27.67855272565581,15,42.0,-8662
27.678798887797218,5,4.0,0
27.678885552612424,15,30.0,-8902
27.679008861271306,15,6.0,-8748
27.679670914791934,15,3.0,-8936
27.680761356360232,13,1.0,-10227
27.681049855837635,17,1.0,-7039
27.681792798685265,13,3.0,-10397
27.682310239686025,15,5.0,-8895
27.683880156722747,14,6.0,-10383
27.684898528701677,15,1.0,-8912
27.685326199680294,14,1.0,-10346
27.685462495723574,5,2.0,0
27.685821068613105,6,2.0,8980
27.687498100519374,17,6.0,-7287
27.68869976969912,13,1.0,-10222
27.688827390321066,14,1.0,-10355
27.68909980704486,13,1.0,-10356
27.68932107968322,17,5.0,-7241
27.689475551097598,13,1.0,-10198
27.689603207384028,15,1.0,-8867
27.689692677119194,14,2.0,-10236
27.690463328723943,5,3.0,0
27.692716990897082,17,2.0,-1943
27.6930376551443,5,1.0,0
27.693143624305804,16,55.0,8180
27.693994569894905,15,2.0,-8619
27.694461009062476,16,34.0,3156
27.694584326508043,5,4.0,0
27.694799126541525,15,8.0,-8506
27.69592944761004,5,1.0,0
27.695931019327343,5,1.0,0
27.69741917501574,14,7.0,-10352
27.69813182754911,9,7.0,8955
27.69840735900578,15,1.0,-8700
27.699909909964475,13,11.0,-10163
27.69992767538835,17,1.0,-5215
27.700714132262632,15,1.0,-8725
27.702222141959716,113,57.0,-10239
27.70270495990335,16,6.0,4580
27.703364642633932,17,1.0,-5416
27.703784529107303,17,1.0,-8215
27.704429146056658,15,9.0,-8897
27.705937010716585,15,43.0,-8543
27.708050896646025,17,1.0,-6245
27.710323977935914,5,1.0,0
27.710699944798343,16,29.0,4092
27.710858627140677,5,1.0,0
27.71156132643607,15,7.0,-8822
27.711646335154402,17,1.0,-5945
27.713522583250402,5,1.0,0
27.713953485552707,17,3.0,-6492
27.714918283016,15,2.0,-8620
27.715349828445348,17,4.0,-8337
27.716314221862618,15,30.0,-8643
27.716990147698613,17,1.0,-7394
27.71736379313781,5,2.0,0
27.717667634837234,15,1.0,-8854
27.71878239081548,13,2.0,-10338
27.719113041819675,5,3.0,0
27.71925563757346,17,3.0,-5560
27.719487041336404,15,2.0,-8630
27.720489786398424,15,1.0,-8787
27.721561213975207,15,8.0,-9057
27.721851201606597,17,1.0,-6260
27.723801727898017,17,1.0,-8430
27.723821623075004,16,2.0,3481
27.72422114057443,13,4.0,-10291
27.725160851370507,14,13.0,-10280
27.72531392052165,17,1.0,-5869
27.726337103744903,14,2.0,-10433
27.72798251976211,15,19.0,-8677
27.729862465399904,13,2.0,-10327
27.730047748480732,15,1.0,-8638
27.73023165351772,15,3.0,-8523
27.730243753563858,14,4.0,-10220
27.730602994643178,5,4.0,0
27.731613151414948,15,1.0,-8809
27.73425390365599,5,11.0,0
27.734303090587048,17,1.0,-4007
27.734596534236108,13,4.0,-10315
27.735459930596278,13,1.0,-10278
27.736097235130643,16,39.0,4926
27.736395299477465,15,2.0,-8517
27.738508145026245,15,3.0,-8866
27.738777611055287,13,2.0,-10339
27.742162046638473,15,2.0,-8714
27.742771170025247,17,1.0,-5312
27.745980483311353,15,4.0,-8742
27.746318420100756,13,2.0,-10167
27.74734465876441,15,2.0,-8760
27.747468212603984,7,5.0,8962
27.748398297900305,15,3.0,-8893
27.748717396805766,15,13.0,-8922
27.750555245711652,13,1.0,-10390
27.750736356940084,16,1.0,6654
27.75171324787027,17,4.0,-6706
27.751871049950314,5,4.0,0
27.75325586023151,16,1.0,8287
27.753570796740195,15,1.0,-8566
27.753573650602547,14,9.0,-10282
27.754335137265823,13,20.0,-10286
27.754859538290578,15,2.0,-8532
27.755164968209737,14,6.0,-10371
27.757292362340202,13,2.0,-10263
27.75774929540018,8,6.0,8986
27.75835495476226,5,3.0,0
27.759493315078203,15,1.0,-9109
27.759865301830907,15,1.0,-8519
27.760076170818948,5,7.0,0
27.760237574105112,7,1.0,8947
27.76042602401935,16,14.0,1491
27.761608216608153,14,3.0,-10375
27.76345308074759,13,1.0,-10340
27.76427919711983,15,5.0,-8745
27.76427919711983,17,5.0,-8745
27.764383602876446,15,10.0,-9167
27.764687865706517,15,1.0,-8827
27.76506075220917,15,3.0,-8722
27.767273336991153,17,4.0,-1380
27.76734858618499,15,1.0,-8588
27.769640408871034,17,1.0,-4856
27.772080351646515,5,4.0,0
27.77461859210407,17,5.0,-6242
27.776314616212783,15,3.0,-8521
27.777788891143967,14,4.0,-10221
27.778535552345357,5,1.0,0
27.780976501177893,17,4.0,-7877
27.781078430175466,13,2.0,-10281
27.781450523450427,15,1.0,-9150
27.781680910962784,15,2.0,-8632
27.78212170604056,17,1.0,-5509
27.78214540984599,14,1.0,-10320
27.782301778291345,15,1.0,-8888
27.782642407835848,17,1.0,-7513
27.786398620242206,13,2.0,-10310
27.786802329792195,5,1.0,0
27.78933958340809,17,1.0,-7285
27.790729576655718,15,2.0,-9212
27.792012242010713,13,1.0,-10237
27.79343042094322,13,2.0,-10196
27.79485706358948,15,1.0,-8848
27.79549267045254,13,2.0,-10317
27.79603721273648,15,5.0,-8510
27.79676250989008,5,10.0,0
27.79712044986981,5,4.0,0
27.79890517079271,3,57.0,8989
27.799106223585,14,8.0,-10209
27.799610755585718,14,11.0,-10234
27.799858475250073,14,10.0,-10241
27.80105225906294,17,1.0,-5512
27.801294524826815,15,6.0,-8869
27.80182832559307,15,1.0,-9005
27.802292175997984,17,8.0,-3330
27.802577900685517,15,2.0,-8508
27.804617664778014,17,2.0,-4726
27.804622740242,15,3.0,-8766
27.804738999987805,13,2.0,-10146
27.805294516030905,15,6.0,-8864
27.80623516457341,13,1.0,-10365
27.80727783522598,14,1.0,-10235
27.80810566569394,15,1.0,-9267
27.808279984806127,13,2.0,-10292
27.808838778371886,15,2.0,-8690
27.80980493376894,14,1.0,-10436
27.810563734933893,17,1.0,-5177
27.81072727689027,16,5.0,7929
27.810906768577066,15,4.0,-8602
27.81173454459743,17,1.0,-7669
27.812313564223345,15,1.0,-8747
27.81301615310039,15,5.0,-8868
27.813052966352316,13,2.0,-10203
27.81466898543827,14,31.0,-10415
27.816810316411495,15,10.0,-8882
27.816992755738635,15,1.0,-8676
27.818184559001715,15,1.0,-8876
27.82145322588783,17,8.0,-2273
27.821619361798973,5,9.0,0
27.823951004469208,13,1.0,-10392
27.824439750104215,5,3.0,0
27.824722181490383,15,2.0,-8728
27.825109713323595,15,11.0,-8639
27.825396604402968,15,1.0,-8861
27.8262955461665,17,2.0,-3100
27.828435972991034,15,2.0,-8618
27.828811236468994,15,3.0,-8803
27.82927497532364,15,2.0,-8878
27.831693747838838,15,2.0,-8675
27.83232947748367,7,4.0,8921
27.83232947748367,16,4.0,8921
27.833642353614977,5,3.0,0
27.83396141513689,15,1.0,-8595
27.83453451361041,14,1.0,-10368
27.834852957077956,13,3.0,-10238
27.836860002454856,14,3.0,-10388
27.83858196068988,17,2.0,-1430
27.8391755153457,17,2.0,-6189
27.840232467808036,14,2.0,-10257
27.84027944903694,17,15.0,-2035
27.84030335721233,16,4.0,1635
27.841012686016597,17,1.0,-1619
27.842501579848516,15,1.0,-8596
27.842585696885628,17,8.0,-5665
27.8438680576226,5,2.0,0
27.84444796708008,13,3.0,-10197
27.84667093977666,13,2.0,-10434
27.846758357808792,15,2.0,-8533
27.847090009467838,17,7.0,-3459
27.84768830000927,15,1.0,-8704
27.8484598250617,13,1.0,-10186
27.84943251057881,13,1.0,-10206
27.849546322902707,10,2.0,8969
27.850023622912403,7,2.0,8905
27.85121761748648,17,3.0,-8123
27.85298609934815,15,2.0,-8553
27.85298609934815,17,2.0,-8553
27.853241139586373,17,26.0,-3746
27.85333317353267,15,1.0,-8624
27.85406749502056,17,3.0,-3299
27.854363312045386,5,11.0,0
27.85516211542852,13,6.0,-10204
27.85719064075762,5,1.0,0
27.85751127972499,16,22.0,8551
27.857560169760337,14,1.0,-10332
27.85879089990216,17,1.0,-7181
27.85976785224872,15,4.0,-8993
27.8600885368476,15,4.0,-8719
27.861276624217226,15,1.0,-8871
27.86294703913266,14,6.0,-10411
27.86392161103071,17,1.0,-4604
27.864644773716382,15,13.0,-8572
27.86653451679032,13,2.0,-10161
27.866950616945623,15,2.0,-8558
27.867984296545306,15,1.0,-8672
27.868715523046998,17,2.0,-7936
27.868836202816773,13,4.0,-10246
27.871056732621255,15,13.0,-8765
27.871777632723212,5,9.0,0
27.87184683824677,17,3.0,-5288
27.87244031005025,15,2.0,-8830
27.87261034709148,5,1.0,0
27.874439127004656,6,3.0,8893
27.87472837700985,5,4.0,0
27.875035625701717,15,1.0,-9261
27.875831979579722,14,4.0,-10430
27.876503255579923,6,28.0,8981
27.878480531226675,5,1.0,0
27.878612538935908,5,2.0,0
27.879167505761888,15,5.0,-8810
27.87925986184606,15,8.0,-8859
27.880512527954448,15,1.0,-8741
27.88114443691063,5,6.0,0
27.882337540162577,5,3.0,0
27.88274713508741,13,2.0,-10410
27.883762652063442,13,2.0,-10171
27.887231459085033,14,2.0,-10407
27.88744057032044,14,1.0,-10226
27.88760100146611,15,3.0,-8850
27.888475897276596,5,7.0,0
27.890311096190842,17,5.0,-7983
27.89035007284855,15,1.0,-8791
27.890468665241166,17,1.0,-8090
27.891026928053222,5,3.0,0
27.891876887200873,15,2.0,-8531
27.892298301503267,14,2.0,-10264
27.89273366358296,7,2.0,8942
27.89312991224964,17,2.0,-2881
27.893174022657238,13,1.0,-10283
27.893697399058134,16,2.0,7947
27.894055113957037,17,2.0,-6015
27.894434007440264,14,1.0,-10322
27.89452304188986,15,1.0,-8539
27.8946767403834,15,2.0,-8520
27.89556112053286,1,6.0,8990
27.89631586896876,13,2.0,-10182
27.89749603140258,17,4.0,-6387
27.898002680388885,16,6.0,7397
27.89885294710893,17,2.0,-7314
27.900461463358525,5,4.0,0
27.900627178809945,17,5.0,-4778
27.900657460368055,6,4.0,8970
27.901288747876066,9,1.0,8866
27.902031787672197,13,5.0,-10275
27.902956175743444,13,2.0,-10297
27.903127342431063,15,1.0,-8767
27.903678654742887,15,1.0,-8836
27.90414168714042,17,3.0,-7179
27.90426649672127,16,4.0,4291
27.904726370199477,13,6.0,-10243
27.904776000129473,16,6.0,7503
27.906786023227554,5,4.0,0
27.90957168571897,9,8.0,8939
27.910086465524806,17,6.0,-5694
27.910116132606802,13,1.0,-10285
27.91153314606551,15,7.0,-8711
27.915119749173222,13,5.0,-10240
27.91518144870264,15,8.0,-8699
27.916655066883642,16,8.0,8393
27.91825699239306,15,4.0,-8757
27.91825699239306,17,4.0,-8757
27.918639169059475,15,4.0,-8903
27.919908918047156,15,2.0,-8536
27.920236420312392,17,10.0,-8421
27.920262738740107,15,2.0,-8845
27.921009052193078,17,1.0,-1356
27.921188910868572,13,1.0,-10429
27.921207532723006,13,3.0,-10406
27.922695892603443,13,1.0,-10148
27.923106612944718,17,17.0,-5765
27.924784104726694,13,3.0,-10296
27.928097175736227,15,5.0,-8691
27.929171658109833,15,4.0,-8834
27.929537878057687,17,1.0,-6968
27.929545956321135,15,3.0,-8877
27.929844771321086,17,1.0,-3640
27.929911975700456,17,5.0,-355
27.93027509743609,5,4.0,0
27.930626702423677,15,2.0,-8702
27.931178216153906,17,5.0,-7001
27.93133090984942,17,5.0,-4141
27.931332282438817,15,1.0,-8905
27.932512610142556,5,1.0,0
27.93280662663829,15,2.0,-8605
27.933248614966,5,5.0,0
27.935601325368864,16,3.0,7662
27.93618107677757,5,3.0,0
27.93772244381659,5,2.0,0
27.937931186292072,15,1.0,-8685
27.938434396428352,15,4.0,-8705
27.938497283057597,5,3.0,0
27.938678611834614,13,2.0,-10152
27.938699533757646,17,1.0,-6902
27.93973486536692,13,3.0,-10321
27.93981232247291,17,1.0,-1701
27.941077276431944,13,1.0,-10334
27.941656332297743,5,1.0,0
27.942312870209477,15,3.0,-8546
27.94263032028498,5,10.0,0
27.943982752111886,15,5.0,-8627
27.94549045331663,13,2.0,-10151
27.94590711925538,5,1.0,0
27.947300871892338,1,3.0,8991
27.94840246718961,13,2.0,-10311
27.948556357564044,5,2.0,0
27.952909434962237,13,7.0,-10377
27.953527353714506,15,2.0,-8589
27.95374941431723,15,6.0,-8542
27.954680228484765,17,6.0,-7628
27.956093268279734,15,3.0,-8752
27.956370545491033,15,16.0,-8709
27.95727796685773,17,2.0,-7944
27.957431791862298,15,7.0,-8548
27.957456063974405,16,9.0,4833
27.95824331354867,14,3.0,-10380
27.96028290352045,15,1.0,-8911
27.96028290352045,17,1.0,-8911
27.960414956780856,17,2.0,-6763
27.960787710273866,5,3.0,0
27.96290030172634,15,1.0,-8689
27.96345668451695,14,4.0,-10299
27.96409586403635,16,30.0,2876
27.964833193226895,14,15.0,-10316
27.97057345921671,13,2.0,-10191
27.97060565367144,13,2.0,-10187
27.971520620408402,15,2.0,-8603
27.971904644955796,13,2.0,-10178
27.97225654795227,15,8.0,-9122
27.97236148571644,13,3.0,-10395
27.9729183595622,15,6.0,-8590
27.9752890086978,13,3.0,-10195
27.975515855169622,14,1.0,-10201
27.975635782002502,5,7.0,0
27.975968709901828,17,2.0,-1516
27.976690799111765,16,9.0,3884
27.977920119631897,16,5.0,1044
27.9786994882294,13,4.0,-10202
27.981238848142425,8,4.0,8908
27.981401927389456,13,1.0,-10160
27.982645984647213,17,12.0,-5725
27.98275002168478,17,8.0,-2060
27.982987642042303,15,26.0,-8853
27.98362278503756,16,2.0,4110
27.9846233950156,13,1.0,-10381
27.985022730984152,15,3.0,-8626
27.98532704000341,9,2.0,8937
27.985469426422082,15,3.0,-8843
27.98711490897412,5,31.0,0
27.987932581929602,15,3.0,-8716
27.98947706213129,17,6.0,-5731
27.9908713770385,13,4.0,-10144
27.991042363684738,17,1.0,-502
27.9911884643336,13,2.0,-10408
27.99174537737121,15,3.0,-9026
27.99210875028929,17,1.0,-6867
27.993396260679294,15,1.0,-8808
27.99368915147711,5,4.0,0
27.993755426175895,14,1.0,-10303
27.99499023758296,15,3.0,-8771
27.99553117162919,6,4.0,8979
27.99656962053419,4,6.0,8992
27.997661112005535,14,1.0,-10218
27.998176430240235,1,4.0,8993
27.9990966152151,17,2.0,-4785
27.99919482676357,15,2.0,-8798
27.999615708448193,15,1.0,-9051
28.000242164802426,6,2.0,8963
28.000439411484024,13,1.0,-10711
28.00053062708347,1,1.0,8994
28.000666457032008,5,2.0,0
28.001293320219897,13,4.0,-10730
28.005302527641902,5,2.0,0
28.005547465194468,15,9.0,-9073
28.00638975831881,17,3.0,-3057
28.008710554384127,15,4.0,-9044
28.010606326894795,15,2.0,-9247
28.012096300830088,14,3.0,-10444
28.014809648778954,7,1.0,8956
28.017010641912766,15,50.0,-8933
28.01771581932286,15,2.0,-9018
28.018786145040284,17,1.0,-6470
28.020955472907417,14,4.0,-10712
28.02151265482518,15,3.0,-9687
28.022015709501595,15,2.0,-8965
28.02220613999379,14,1.0,-10557
28.02423342045341,15,4.0,-9491
28.02439411774905,13,2.0,-10627
28.024857617818743,15,1.0,-9264
28.025418726510843,13,1.0,-10523
28.025695019970584,16,2.0,6857
28.029137593170304,15,5.0,-9321
28.02970413204684,15,1.0,-9300
28.02985014030143,15,1.0,-9017
28.03042617635674,13,4.0,-10456
28.036272323743823,15,8.0,-9114
28.03653015824349,13,6.0,-10482
28.037811101559758,15,1.0,-9359
28.0401540190804,14,4.0,-10467
28.04023055217856,17,1.0,-8346
28.040406491167314,15,5.0,-8923
28.041118342249526,15,1.0,-9271
28.042158620910293,15,4.0,-9131
28.042798943779534,12,6.0,8973
28.04293631451566,15,1.0,-8927
28.043280640848906,14,3.0,-10542
28.04385005306837,15,40.0,-9174
28.044408130221765,15,8.0,-9385
28.044622823920022,14,4.0,-10449
28.044634395904357,5,2.0,0
28.045313277209857,5,5.0,0
28.0462528489723,5,2.0,0
28.046363009431026,13,1.0,-10468
28.04863227007183,15,4.0,-9270
28.050926096831706,14,9.0,-10472
28.051702132349448,15,1.0,-9030
28.05211358319438,5,4.0,0
28.05631453104291,5,4.0,0
28.05678644473141,15,1.0,-9456
28.0568564321967,4,26.0,8995
28.057539387979016,13,2.0,-10440
28.05838405232826,5,2.0,0
28.05860865187204,15,3.0,-9012
28.05988741851198,1,12.0,8996
28.060515383180476,13,1.0,-10685
28.06152664898343,14,2.0,-10614
28.06260407102048,15,7.0,-9234
28.064120930135587,5,3.0,0
28.065125669595528,14,2.0,-10554
28.066854292309998,11,9.0,8950
28.067382804179573,15,3.0,-9060
28.067782690152576,15,14.0,-9683
28.070405963376647,15,3.0,-9242
28.070908391694356,13,1.0,-10705
28.07097076371985,15,13.0,-8949
28.07187484928166,15,1.0,-9649
28.073413003384694,10,26.0,8995
28.073855305904655,14,2.0,-10574
28.07586533385842,14,1.0,-10655
28.07595355063535,15,5.0,-9265
28.076055353509872,15,1.0,-9405
28.076551356121115,5,14.0,0
28.07685872530601,13,3.0,-10615
28.077958438575504,17,2.0,-4534
28.078913162380594,10,57.0,8989
28.079629640031545,5,1.0,0
28.07979685541668,13,2.0,-10571
28.079976315421256,15,1.0,-9006
28.08047483787821,15,3.0,-9655
28.080872204644656,15,3.0,-9282
28.08379884898477,15,1.0,-9568
28.083865305335397,17,1.0,-6483
28.084931059152893,14,1.0,-10621
28.085212556694792,14,4.0,-10721
28.085834751513914,15,1.0,-8951
28.0872639485259,16,37.0,244
28.091164186532396,5,3.0,0
28.093026931588543,14,2.0,-10700
28.094569589704296,17,2.0,-5315
28.095355257384885,13,2.0,-10577
28.095422237221843,15,2.0,-9216
28.0954333644217,15,5.0,-9118
28.09547208959184,13,6.0,-10701
28.09611634295436,15,2.0,-9015
28.098276815438897,5,4.0,0
28.10107165964978,15,1.0,-9149
28.101833007897923,15,1.0,-9239
28.101861065767885,13,3.0,-10702
28.103616445502325,17,1.0,-1507
28.103619826345447,15,2.0,-9058
28.103696845020274,17,3.0,-3115
28.104223875483967,5,2.0,0
28.105404669316727,13,1.0,-10470
28.10719139427832,13,2.0,-10471
28.108272333197128,5,2.0,0
28.11212199888016,6,4.0,8977
28.11268756765058,13,6.0,-10695
28.112902984725697,15,1.0,-9525
28.113926095452605,5,6.0,0
28.114840896926054,16,1.0,4106
28.11492399330456,13,2.0,-10555
28.115267086895134,15,6.0,-8914
28.115267086895134,17,6.0,-8914
28.115968241354445,5,3.0,0
28.117203487620557,17,1.0,-2546
28.118146329654373,16,6.0,3374
28.118684228977912,13,1.0,-10477
28.119268708631612,15,7.0,-9141
28.119902197012348,14,2.0,-10706
28.119973704991654,15,2.0,-8982
28.121246563350955,5,6.0,0
28.123560964223383,11,18.0,8931
28.123642513905978,15,1.0,-8959
28.12365187288485,15,4.0,-9100
28.124107627887284,16,2.0,8371
28.124515771089502,13,4.0,-10599
28.125120627438793,15,8.0,-9720
28.125151255233924,15,1.0,-9032
28.125824726406876,15,1.0,-9025
28.12722682003205,15,4.0,-9163
28.12739294020559,16,1.0,6561
28.128490484946965,13,1.0,-10636
28.12912607996482,17,1.0,-3938
28.12952699620682,15,2.0,-8944
28.1295705618753,14,2.0,-10479
28.13125248077382,13,2.0,-10611
28.131338614111087,5,1.0,0
28.131905221440736,14,3.0,-10714
28.133261410973358,14,4.0,-10520
28.135384084575406,15,1.0,-9343
28.135520219211923,15,2.0,-9388
28.136618933731203,5,1.0,0
28.136733569089603,14,2.0,-10476
28.137633355998627,5,1.0,0
28.138357243766773,113,55.0,-10689
28.141572844961036,15,3.0,-9290
28.142143462936083,15,1.0,-9133
28.143111489232584,17,1.0,-1902
28.145224240384056,16,1.0,4893
28.145748350365313,15,3.0,-9269
28.146019108635112,13,2.0,-10550
28.146695273590435,15,1.0,-9253
28.146757115105817,13,2.0,-10512
28.14692746359791,15,3.0,-9036
28.148255026672132,15,2.0,-9226
28.149513841967675,16,2.0,5473
28.149704435489813,16,1.0,5253
28.149894795872083,15,1.0,-9029
28.151321934332337,6,12.0,8996
28.15179328856304,15,2.0,-8971
28.152227627840233,15,1.0,-9304
28.153271702152363,15,1.0,-9199
28.153778192655913,5,3.0,0
28.15779862442147,4,6.0,8997
28.158404935363084,14,1.0,-10462
28.16072465434114,15,2.0,-9326
28.160965328683364,15,1.0,-9724
28.16325862393312,14,11.0,-10597
28.16651563689759,15,3.0,-8964
28.16826627928792,15,2.0,-9412
28.169938132210312,14,4.0,-10583
28.17099652463182,16,2.0,2948
28.171399871873096,5,3.0,0
28.17234652210448,16,1.0,7984
28.173359708264766,113,53.0,-10474
28.173377686173207,13,2.0,-10616
28.173697228250642,13,2.0,-10674
28.17417085759176,15,2.0,-8916
28.17421256008798,5,4.0,0
28.175320717784363,113,60.0,-10533
28.175462241796968,6,3.0,8991
28.175828820618815,11,6.0,8976
28.175948039018415,16,1.0,4118
28.17644035308697,17,3.0,-7807
28.177646502839437,13,2.0,-10487
28.177908332032928,15,2.0,-9717
28.17888851943625,5,4.0,0
28.18286531754475,17,2.0,-7075
28.183983268002088,16,6.0,5787
28.18580055878063,15,2.0,-9493
28.187148120057024,113,40.0,-10607
28.187455977542434,15,7.0,-9014
28.187455977542434,17,7.0,-9014
28.187579915426056,15,2.0,-9353
28.188325434391583,15,1.0,-8980
28.189340587710802,13,8.0,-10530
28.18946996173787,13,3.0,-10703
28.19146006826882,15,3.0,-9332
28.192594126842643,15,1.0,-8999
28.194424724346913,5,2.0,0
28.195794186628376,5,3.0,0
28.196295933148754,14,5.0,-10463
28.200316609124798,15,1.0,-9319
28.20156767660336,17,3.0,-6158
28.202506182834423,15,2.0,-9250
28.20250661216604,5,2.0,0
28.203045273624486,15,2.0,-8976
28.20361460592021,13,6.0,-10565
28.205000900655087,13,1.0,-10552
28.206276148590696,13,5.0,-10677
28.2076550927051,14,3.0,-10667
28.209318775574925,14,2.0,-10662
28.209991773302573,14,1.0,-10688
28.21143162233072,15,3.0,-9288
28.21148079698186,13,2.0,-10496
28.211563921903725,16,48.0,1431
28.21350051761684,5,4.0,0
28.21413901947637,15,1.0,-9148
28.214208058647635,3,6.0,8998
28.214923571819106,15,15.0,-9129
28.215049776508074,16,11.0,367
28.215874217129784,6,6.0,8990
28.21617465303165,16,2.0,6937
28.21679970326403,13,1.0,-10716
28.21706086321393,17,3.0,-8801
28.218172618944912,1,1.0,8999
28.218198866090027,16,2.0,1364
28.219435511515112,16,1.0,7940
28.22011858094842,5,4.0,0
28.220674370456145,5,2.0,0
28.222407437293857,15,16.0,-9000
28.222423400234288,15,2.0,-9571
28.223107280760704,5,1.0,0
28.22443297393331,5,3.0,0
28.224565077295996,15,3.0,-9362
28.226082815247786,3,6.0,9000
28.227141077222736,15,1.0,-9096
28.227596085199448,15,2.0,-9138
28.22821811375563,13,2.0,-10638
28.22833974410873,15,1.0,-8984
28.228514706530383,3,6.0,9001
28.22852198438921,5,2.0,0
28.228857647831816,16,4.0,3756
28.228979255289165,15,1.0,-9699
28.22945595394183,16,26.0,822
28.229800817513752,5,11.0,0
28.230659536242833,5,3.0,0
28.231282093989716,17,2.0,-3767
28.231739403009044,17,1.0,-1760
28.231970970970128,5,7.0,0
28.233082904136577,13,1.0,-10697
28.234210003174887,15,3.0,-8979
28.234387420809625,16,9.0,4241
28.23467828950611,15,1.0,-8924
28.235715287810518,15,3.0,-9245
28.235889955710707,5,1.0,0
28.2361673006598,5,2.0,0
28.23681933615622,16,2.0,4937
28.236903748907377,5,1.0,0
28.237752756441633,10,6.0,8992
28.238012468239084,15,1.0,-9205
28.238664970599345,5,2.0,0
28.240191005373532,17,2.0,-2379
28.243207461138134,14,1.0,-10691
28.24483825142177,15,7.0,-9654
28.245975927349168,5,1.0,0
28.24597813589709,15,10.0,-9244
28.246457265722558,5,4.0,0
28.248240305394575,15,4.0,-9190
28.248474710590042,14,1.0,-10617
28.250482347728845,5,1.0,0
28.250676342164873,15,2.0,-8956
28.25132389796547,16,1.0,8229
28.2533626618516,15,10.0,-9099
28.2533702091677,14,4.0,-10547
28.254343022195023,14,3.0,-10439
28.254449154965155,15,1.0,-9074
28.254950936139913,5,3.0,0
28.255751489773054,13,1.0,-10664
28.256148523506724,15,31.0,-9229
28.258611043749553,11,21.0,8954
28.259233082711727,13,3.0,-10454
28.260115405973266,17,5.0,-4940
28.260518055669422,15,1.0,-9276
28.2609053247039,13,2.0,-10469
28.261743995691315,15,5.0,-9155
28.2622927072756,13,1.0,-10698
28.2636227523935,15,1.0,-9071
28.26457492172919,13,2.0,-10675
28.26534510918917,15,1.0,-9195
28.269532050791813,5,1.0,0
28.269680931261963,15,1.0,-9010
28.269703401386266,15,1.0,-9543
28.270550365737403,15,3.0,-9219
28.271093239318702,5,2.0,0
28.271915178937473,15,2.0,-9310
28.272633448578716,14,4.0,-10595
28.273600182561577,15,1.0,-9179
28.273923897365396,13,4.0,-10658
28.274332676276277,13,2.0,-10505
28.275182548384812,15,1.0,-9424
28.27557390790888,1,4.0,9002
28.275644412354076,14,1.0,-10681
28.27730225230413,14,3.0,-10519
28.27744065145878,13,5.0,-10521
28.27835434938501,17,2.0,-2958
28.27835865825489,15,15.0,-8994
28.27835865825489,17,15.0,-8994
28.278484123792524,15,2.0,-9144
28.280228924994475,16,27.0,5330
28.281005061273365,15,2.0,-9293
28.281508992389842,15,3.0,-9134
28.28175603325132,5,1.0,0
28.2826474683194,6,43.0,8987
28.28310969615988,13,14.0,-10536
28.28451402966045,15,5.0,-9443
28.284935231487456,15,1.0,-9727
28.285846096992792,13,3.0,-10687
28.286398786782847,4,7.0,9003
28.28687982691004,113,55.0,-10606
28.287337469356824,15,4.0,-9098
28.288383546202645,5,1.0,0
28.29047171040243,5,13.0,0
28.290517734065872,15,3.0,-9220
28.29237980875417,15,2.0,-9181
28.29257258120816,15,2.0,-8937
28.295195126910148,15,3.0,-9222
28.295935283964273,5,2.0,0
28.29746969072225,17,4.0,-6473
28.29853094564763,15,15.0,-9658
28.298899450083255,17,6.0,-6960
28.299147464199688,15,2.0,-8991
28.299892951886658,15,2.0,-9604
28.299940122821756,15,1.0,-9052
28.300192990878696,15,3.0,-9201
28.300474134251964,13,5.0,-10676
28.301008869301036,5,4.0,0
28.301228096705067,13,2.0,-10556
28.302577507768568,13,3.0,-10609
28.303060986087146,15,1.0,-9125
28.303964255075233,13,5.0,-10653
28.305511230486875,14,8.0,-10553
28.30570725803203,15,2.0,-9091
28.305998922767053,15,6.0,-8930
28.30811974772322,15,4.0,-9251
28.308634622852296,5,2.0,0
28.308711044297198,13,2.0,-10497
28.30918505959754,5,1.0,0
28.309532669334203,16,16.0,7539
28.31051662122238,17,2.0,-3699
28.311117257917548,15,4.0,-9574
28.311530641646165,15,1.0,-9211
28.31216080819938,15,1.0,-8938
28.312475279117137,5,1.0,0
28.312585915980545,13,3.0,-10483
28.313322051655597,5,2.0,0
28.315379877126762,13,1.0,-10642
28.316053661411065,16,1.0,3208
28.316415513821383,13,4.0,-10475
28.31666028153709,17,1.0,-3605
28.317203723955046,16,51.0,3085
28.31857163607915,11,31.0,8936
28.31993792756813,15,1.0,-9209
28.321195605736314,13,3.0,-10610
28.322852771436015,13,3.0,-10544
28.322965055650354,5,21.0,0
28.32394265940453,15,1.0,-9314
28.324682187943303,15,3.0,-9165
28.326755772856114,15,3.0,-8921
28.327198723396524,7,1.0,8965
28.32794298328085,15,9.0,-9072
28.328142417575993,5,2.0,0
28.329935320000544,15,1.0,-9588
28.334062776335735,17,8.0,-4095
28.335027401796832,15,8.0,-9183
28.335992872771424,15,3.0,-9076
28.336210339795116,15,4.0,-9224
28.336479235942083,15,1.0,-8926
28.33654585058829,15,1.0,-9517
28.33881625825237,17,1.0,-3502
28.338967426812843,3,5.0,9004
28.339460177157843,17,16.0,-4161
28.340574400077212,15,6.0,-9284
28.34095340987991,15,1.0,-9140
28.34278529383083,5,1.0,0
28.343218098822835,15,2.0,-9262
28.343218098822835,17,2.0,-9262
28.343433598082232,15,1.0,-9272
28.344531052315823,13,1.0,-10503
28.347591919140953,16,20.0,7324
28.347967881221926,15,10.0,-9301
28.348315333563665,15,1.0,-8950
28.34934838325204,16,1.0,7502
28.349367999232367,15,4.0,-9317
28.35131848386407,15,17.0,-9157
28.352755962528782,15,3.0,-9453
28.35312288064511,16,2.0,8198
28.353305588811114,17,2.0,-8839
28.354494905302545,17,1.0,-876
28.355456953714693,15,3.0,-9056
28.356163324832565,17,1.0,-6689
28.35678370497882,15,10.0,-8945
28.357485317752936,14,7.0,-10684
28.35769925830549,13,1.0,-10630
28.358994731286415,13,3.0,-10707
28.36073750027844,17,4.0,-5398
28.36086092840825,16,2.0,7592
28.36181770538197,15,1.0,-9307
28.36187276348849,16,2.0,7500
28.362034242438206,113,53.0,-10489
28.364559401329508,15,6.0,-8996
28.36524674330569,13,1.0,-10666
28.366645307796777,15,2.0,-9111
28.366645307796777,17,2.0,-9111
28.36696705619198,15,31.0,-9217
28.367238020152836,5,8.0,0
28.370001766849228,13,9.0,-10682
28.371067202861127,4,41.0,9005
28.37165759062157,15,1.0,-9668
28.374454213633733,15,1.0,-9295
28.374539413925323,15,2.0,-9391
28.374738037951413,5,3.0,0
28.37505787314963,15,4.0,-8935
28.375539130677524,15,1.0,-9322
28.37575128187711,13,1.0,-10484
28.37748648939035,15,2.0,-8929
28.377636158573768,15,6.0,-9656
28.379377874570103,16,4.0,1
28.382562145843178,15,2.0,-9161
28.38324983463374,15,2.0,-9313
28.38329951783684,15,2.0,-9496
28.383342530142187,113,17.0,-10710
28.384335011244026,15,1.0,-9019
28.384916184607672,15,3.0,-9050
28.38666639485781,15,13.0,-8952
28.387808885474275,15,2.0,-8946
28.38786435448505,14,3.0,-10570
28.388028614234624,13,1.0,-10587
28.388412324492037,15,1.0,-9488
28.388412324492037,17,1.0,-9488
28.38925096828693,17,4.0,-4236
28.389603454980307,13,1.0,-10481
28.38977242157392,17,4.0,-8093
28.390351078583098,8,2.0,8958
28.391142197727017,15,6.0,-9257
28.39227479792517,5,1.0,0
28.392840921494106,5,4.0,0
28.39336045548658,13,3.0,-10632
28.394840137595402,5,1.0,0
28.394966542368067,15,2.0,-9215
28.394966542368067,17,2.0,-9215
28.395708939092557,16,9.0,6041
28.39655801371819,13,1.0,-10679
28.397082265360527,15,2.0,-9002
28.397406271937324,15,2.0,-9238
28.39808872506428,17,2.0,-7618
28.398393133409183,17,2.0,-5961
28.400478875013455,15,3.0,-9068
28.404695081627718,15,1.0,-9625
28.406834197838695,17,3.0,-8755
28.4069087504679,13,1.0,-10723
28.408703859681015,14,3.0,-10438
28.409112997767586,15,6.0,-8918
28.410124301823746,14,1.0,-10650
28.410521518960703,15,2.0,-9268
28.411360333887306,13,1.0,-10626
28.41140564414554,14,1.0,-10442
28.411441562751044,13,3.0,-10509
28.411583819503804,15,6.0,-9070
28.411613130102424,5,3.0,0
28.413240962168764,15,1.0,-9007
28.41437816311949,6,1.0,8999
28.415972115977194,15,2.0,-9152
28.417668997113783,14,1.0,-10543
28.420218570480948,17,2.0,-4026
28.421537739894596,17,1.0,-4010
28.422505098363686,13,2.0,-10457
28.422612875807133,5,2.0,0
28.423834036301823,13,1.0,-10694
28.4246501907316,15,6.0,-8915
28.425166713018676,15,1.0,-9062
28.425346829556986,15,2.0,-9120
28.426019822448893,17,1.0,-4347
28.426970148294256,9,7.0,8960
28.427245259907387,13,3.0,-10696
28.42747715879691,14,4.0,-10458
28.429478268954448,14,3.0,-10545
28.429864178154215,15,3.0,-9169
28.43038200707639,17,5.0,-4318
28.43120090402327,5,1.0,0
28.43155770435027,5,1.0,0
28.43411777893912,15,3.0,-8992
28.434577319560965,16,3.0,1594
28.435342339225247,15,1.0,-9243
28.438772471076298,5,3.0,0
28.439524075741705,15,2.0,-9164
28.440726266704925,5,3.0,0
28.441749294782326,13,1.0,-10510
28.441831370792354,13,6.0,-10532
28.4425521825041,14,4.0,-10486
28.44390269322237,5,2.0,0
28.4446704684755,15,3.0,-9054
28.4448640112866,14,2.0,-10499
28.445460100902736,5,9.0,0
28.446486343663587,15,2.0,-9089
28.448218634832475,13,1.0,-10672
28.449391784148627,15,1.0,-9085
28.44949944000157,14,1.0,-10661
28.449922630467423,5,2.0,0
28.45000056594052,5,2.0,0
28.45184332086466,13,1.0,-10576
28.452711084192384,15,1.0,-9354
28.454360153356784,14,2.0,-10646
28.457282568810612,15,2.0,-8925
28.45962006851215,5,4.0,0
28.46154235504471,15,2.0,-9038
28.461803244039217,5,6.0,0
28.463127031307625,14,3.0,-10628
28.463411796220473,13,14.0,-10443
28.467410479579918,13,1.0,-10601
28.469013455695258,15,11.0,-9283
28.46934048068072,13,1.0,-10526
28.469446189241047,14,1.0,-10692
28.470384239437692,15,4.0,-9158
28.471617492041574,14,24.0,-10528
28.47167351501965,16,4.0,5318
28.472308814165814,17,3.0,-5367
28.473208592284788,14,3.0,-10602
28.473833314787313,13,1.0,-10579
28.473955006422596,17,1.0,-4191
28.474777643638724,13,2.0,-10539
28.475103169651398,15,5.0,-9207
28.475804492512633,15,14.0,-9278
28.4759092975821,17,8.0,-4040
28.477536640738098,15,13.0,-9252
28.479065816633316,17,2.0,-3631
28.479537150950712,5,2.0,0
28.480161304504886,15,2.0,-9240
28.480610117214205,5,6.0,0
28.483555687150844,13,11.0,-10600
28.483633394800812,15,7.0,-9237
28.483804479322583,14,2.0,-10515
28.483843228164716,15,1.0,-9024
28.484382277540707,15,1.0,-8947
28.486212478499006,5,1.0,0
28.486482520184694,17,1.0,-2217
28.48657450247207,15,4.0,-9110
28.490390727130784,15,6.0,-9371
28.491017046635754,15,11.0,-9277
28.49127503214511,15,2.0,-9147
28.49309957135311,13,3.0,-10645
28.493490763702887,5,2.0,0
28.493757342207914,5,2.0,0
28.494543043623636,15,2.0,-9178
28.49456263162541,15,3.0,-8920
28.494872432519134,13,7.0,-10511
28.495162743424643,17,5.0,-4607
28.496619015173454,15,5.0,-9703
28.496767259496927,14,1.0,-10502
28.49757368307976,15,3.0,-9067
28.49767036383315,13,2.0,-10525
28.499102482942448,15,1.0,-9248
28.499417149433114,13,1.0,-10494
28.499457984671896,13,2.0,-10466
28.49957543719152,15,2.0,-9101
28.499904231312847,15,8.0,-9048
28.50069026327988,16,8.0,4719
28.500982203374956,7,9.0,8891
28.501032500714057,15,3.0,-9047
28.501848285504778,15,3.0,-9153
28.502801241542986,15,2.0,-8970
28.503145945866244,13,1.0,-10669
28.503203741805244,13,7.0,-10527
28.50343733927039,13,1.0,-10727
28.503876451515914,14,4.0,-10591
28.504054710415495,15,1.0,-9647
28.50547507612975,15,1.0,-9121
28.50555894467364,14,1.0,-10586
28.506316769637547,5,3.0,0
28.506748028377185,15,3.0,-9286
28.507194092723434,5,4.0,0
28.50753865352019,15,1.0,-9544
28.509744218118552,15,2.0,-9297
28.510004536004953,15,1.0,-9126
28.51000691232154,15,7.0,-8969
28.510427716789827,5,4.0,0
28.51087284647013,17,1.0,-5608
28.511661750482183,9,2.0,8974
28.513910863585444,17,1.0,-3463
28.51395976519346,5,1.0,0
28.514708457805348,14,1.0,-10657
28.515646838195046,16,1.0,7411
28.51771055045347,13,5.0,-10713
28.5178228753326,17,4.0,-6408
28.517998710141047,15,7.0,-9064
28.521364693220228,15,2.0,-9320
28.521762685539365,17,4.0,-6663
28.521923657234524,13,1.0,-10608
28.52304421870918,15,2.0,-9352
28.524812601005518,5,5.0,0
28.525899470390613,15,3.0,-9413
28.52675057943953,15,1.0,-9602
28.526911629776496,15,7.0,-9182
28.527331523376617,13,1.0,-10568
28.528173510210735,13,1.0,-10588
28.528922132682883,15,1.0,-9170
28.529018799994198,13,19.0,-10452
28.529252681361253,13,2.0,-10719
28.529526578694618,15,1.0,-9020
28.53073386106702,15,2.0,-9340
28.531692574160072,17,1.0,-6244
28.538803025126256,17,1.0,-5390
28.54052521037163,15,2.0,-9011
28.54144701158294,13,1.0,-10491
28.544093097315486,15,1.0,-8975
28.544631959676465,14,2.0,-10623
28.54577058058724,13,1.0,-10501
28.546376736604888,15,2.0,-8961
28.54758030912883,13,2.0,-10465
28.550645878567515,17,7.0,-5507
28.551359431621016,14,2.0,-10518
28.553493839144,14,2.0,-10612
28.553855783308926,15,1.0,-9123
28.554360821113,16,2.0,3818
28.55552114455068,13,5.0,-10722
28.556470203770424,113,43.0,-10724
28.556624114648336,14,4.0,-10480
28.558084584189462,15,2.0,-8974
28.558326890287656,17,2.0,-7091
28.560826025174386,15,2.0,-9154
28.56097280765813,15,3.0,-9082
28.563961304884433,15,2.0,-9016
28.56434404192653,14,10.0,-10699
28.5647696937276,15,2.0,-9485
28.566478660367945,5,3.0,0
28.567392570709046,15,1.0,-9186
28.568623504599586,15,4.0,-8997
28.5697433322994,15,6.0,-9635
28.569829600300466,5,3.0,0
28.570557193298434,15,1.0,-9143
28.570557193298434,17,1.0,-9143
28.57055816941296,15,3.0,-9437
28.574409705291334,15,1.0,-9432
28.574825591653216,17,1.0,-5027
28.574933770096237,15,12.0,-9119
28.576364168737374,14,2.0,-10529
28.576390098307183,6,1.0,8994
28.576434646486405,17,5.0,-1664
28.576694062462106,5,2.0,0
28.577023710787543,13,3.0,-10485
28.57761810927565,15,2.0,-8988
28.57937360511997,13,1.0,-10629
28.580822122220578,13,3.0,-10683
28.58189852619429,17,1.0,-4317
28.58220712513608,10,6.0,8998
28.58274874268512,15,1.0,-9280
28.584183488330908,17,9.0,-3818
28.58508483471639,15,4.0,-8940
28.585181435137834,15,1.0,-9039
28.585281621314106,13,5.0,-10546
28.586489812947665,15,2.0,-9094
28.587912761614113,15,6.0,-9470
28.58804952126035,15,1.0,-9173
28.58872402463824,15,1.0,-8941
28.58920286433306,16,7.0,1505
28.5892239694844,15,24.0,-9241
28.5892239694844,17,24.0,-9241
28.590800412250278,16,2.0,6835
28.591122827268048,13,2.0,-10633
28.591642419878532,15,5.0,-9235
28.592287810661364,13,3.0,-10596
28.593736543766685,15,2.0,-9477
28.593973898580003,15,2.0,-9613
28.59464318829982,15,5.0,-9040
28.596241154137264,15,7.0,-9115
28.59807465754002,15,5.0,-9028
28.598675476908774,15,4.0,-9031
28.59902577028431,5,5.0,0
28.600148028058985,6,4.0,8993
28.60014867047947,14,1.0,-10575
28.601887394244716,13,1.0,-10622
28.603185798864143,13,2.0,-10693
28.604300583094464,17,1.0,-3959
28.60564163451732,13,3.0,-10461
28.606048665992947,14,2.0,-10517
28.60610953342643,15,1.0,-8934
28.60727175924797,17,1.0,-4728
28.607659408512845,17,3.0,-7607
28.607908267645545,14,1.0,-10652
28.608136667305118,13,12.0,-10448
28.608848019412708,14,13.0,-10590
28.608904021279674,16,2.0,8717
28.60928113360736,17,1.0,-5562
28.60940854622969,14,2.0,-10618
28.609554326891246,15,2.0,-9021
28.61049401641059,15,1.0,-9563
28.6108034828902,5,3.0,0
28.6114847353879,15,16.0,-9263
28.611659370415026,5,6.0,0
28.613405005304827,15,2.0,-9213
28.614232041511755,15,9.0,-9690
28.61454586011142,13,3.0,-10673
28.614935584363977,15,2.0,-9292
28.618328113121795,15,5.0,-9081
28.62033234616146,17,4.0,-7088
28.620749088066272,5,1.0,0
28.621375783389187,15,18.0,-8931
28.622101480391848,13,2.0,-10567
28.624257696539726,15,2.0,-9218
28.62491026760148,17,10.0,-5453
28.62563460112683,14,3.0,-10625
28.626469528128904,15,12.0,-9316
28.626579466780885,15,2.0,-9312
28.627196322738357,14,8.0,-10540
28.62899059628003,15,2.0,-9090
28.629172090235805,15,1.0,-9103
28.63087642245881,13,31.0,-10715
28.631663848048557,4,5.0,9006
28.632339878567617,13,9.0,-10643
28.632463000844275,16,3.0,7497
28.634006976164684,17,1.0,-4151
28.634207407928606,17,1.0,-4047
28.634340260790818,17,2.0,-7444
28.63455051056683,17,1.0,-3341
28.635593670704218,17,2.0,-5155
28.635601630590436,15,2.0,-9095
28.636138734810054,14,2.0,-10569
28.63684903778266,113,56.0,-10635
28.637006453598207,5,2.0,0
28.643282474728693,13,1.0,-10455
28.644688250024668,5,2.0,0
28.646370708382104,15,1.0,-9291
28.646525750425106,13,3.0,-10516
28.64655820621887,15,7.0,-8942
28.647006880322927,15,3.0,-8955
28.64827683719091,15,3.0,-9228
28.648312741870487,5,3.0,0
28.648409514994626,13,3.0,-10492
28.648819108709535,15,7.0,-9299
28.649419457239826,14,5.0,-10498
28.6501134811774,15,4.0,-9203
28.652210567038626,17,6.0,-5786
28.653647011059306,15,1.0,-9102
28.65457041128201,17,6.0,-4450
28.65553008418108,13,3.0,-10524
28.656331560806223,16,6.0,6436
28.656352139279637,15,4.0,-9106
28.65656532040855,113,23.0,-10581
28.65846279202151,5,4.0,0
28.658782457665414,15,1.0,-9034
28.659330328324792,5,46.0,0
28.66276867534567,13,1.0,-10572
28.66300123530736,15,3.0,-9191
28.663233038330475,15,1.0,-8981
28.663493076954257,15,7.0,-9185
28.664678787203723,13,2.0,-10718
28.66601692443619,15,2.0,-9430
28.66673293009149,17,1.0,-7495
28.667878365616488,13,5.0,-10620
28.668388273635568,5,3.0,0
28.668447962700398,16,33.0,2362
28.669575267640692,14,2.0,-10639
28.67092408973006,15,1.0,-9066
28.671538133687577,5,3.0,0
28.67368552256893,15,2.0,-9396
28.674683565748413,15,2.0,-9033
28.675096549764056,15,5.0,-9188
28.675163561397724,10,5.0,9006
28.675489166890905,13,4.0,-10506
28.676458573192757,15,1.0,-9197
28.678824003251904,17,1.0,-3842
28.679914811934356,17,3.0,-6029
28.680272906999264,5,5.0,0
28.68092033413756,13,4.0,-10704
28.68116977278497,13,1.0,-10578
28.682317589088594,13,1.0,-10663
28.683830918602105,15,3.0,-9274
28.684417135439592,14,3.0,-10589
28.684686999661476,13,2.0,-10563
28.68565742703265,15,1.0,-9043
28.68884312873799,5,3.0,0
28.690900459116328,17,2.0,-7252
28.691006680144064,16,5.0,2442
28.691323448963857,15,1.0,-9171
28.692594018967416,14,1.0,-10678
28.697092491647336,15,1.0,-9080
28.697812681679114,15,2.0,-9198
28.697966215411657,5,2.0,0
28.69809713207382,4,1.0,9007
28.699048339280957,5,3.0,0
28.699217388547336,5,2.0,0
28.70042788325559,17,1.0,-7160
28.70113213445631,13,2.0,-10446
28.701625056632828,15,3.0,-9087
28.70243582515049,15,2.0,-8972
28.703190743183036,15,4.0,-9232
28.703404012352422,5,4.0,0
28.703454742060497,13,7.0,-10522
28.705191681273057,15,3.0,-8987
28.705203318709454,13,3.0,-10450
28.706290655551165,113,59.0,-10634
28.706333392136866,5,2.0,0
28.707237943674272,5,4.0,0
28.70757576194955,13,1.0,-10561
28.70767133903067,15,6.0,-9572
28.70886400498024,15,7.0,-9221
28.709453285318553,16,2.0,5963
28.710308161531827,13,3.0,-10641
28.71167020628748,15,1.0,-9132
28.712100024622817,15,57.0,-9273
28.713471085533154,15,1.0,-9061
28.71354594459823,13,3.0,-10504
28.71408929404385,15,3.0,-9721
28.716753141592996,16,2.0,6124
28.717945623946232,13,1.0,-10686
28.720502484850034,6,3.0,8972
28.72264047667057,14,1.0,-10690
28.723009621244927,17,1.0,-82
28.72485496893154,15,2.0,-9323
28.72541058343697,14,12.0,-10660
28.725417747421243,5,1.0,0
28.73022382974171,13,2.0,-10654
28.730241600713168,5,4.0,0
28.73043637163157,13,4.0,-10680
28.730455234485234,14,3.0,-10726
28.730739935740324,17,2.0,-4550
28.73243181099478,14,1.0,-10656
28.733257688587564,15,3.0,-9634
28.733543401191387,15,1.0,-9394
28.73542361249023,14,16.0,-10598
28.736544490649656,15,1.0,-9022
28.737044487324653,15,1.0,-9063
28.737542476166837,1,1.0,9008
28.738125636910816,15,3.0,-9646
28.738482262304146,14,3.0,-10473
28.73863613625973,17,3.0,-3146
28.73894086478718,15,1.0,-8928
28.73929392658204,15,41.0,-9441
28.73966739218407,15,6.0,-9088
28.740034663546787,5,3.0,0
28.740128695170934,15,1.0,-9189
28.741167702101205,13,2.0,-10644
28.741707818785105,15,5.0,-9279
28.7420802587683,15,19.0,-9013
28.74564911340431,5,4.0,0
28.74600220989139,13,1.0,-10708
28.74645254856053,15,4.0,-9227
28.74763518348866,13,10.0,-10582
28.749131918279378,13,4.0,-10538
28.750400280656084,15,1.0,-9077
28.750454235633025,15,10.0,-9127
28.751637181425075,17,1.0,-2839
28.751834970540603,5,10.0,0
28.75206940859888,15,51.0,-9055
28.753135013614592,15,13.0,-8990
28.753582779299414,5,2.0,0
28.75437783389355,15,3.0,-9287
28.75439121813774,5,3.0,0
28.7557752692447,17,1.0,-162
28.756412078813756,15,1.0,-9210
28.75719494060718,15,11.0,-9035
28.758875359953265,17,3.0,-7099
28.761367568120825,5,7.0,0
28.761563866923467,13,2.0,-10445
28.762679429650184,13,3.0,-10513
28.76287004170801,14,3.0,-10559
28.763611666717132,15,1.0,-9084
28.76421666029488,13,1.0,-10500
28.764395438080484,14,3.0,-10535
28.764654157209936,113,55.0,-10593
28.76500590874151,15,4.0,-9254
28.765847425731437,15,4.0,-9566
28.7658559647299,14,5.0,-10508
28.766126911084974,14,2.0,-10447
28.767733631731556,5,3.0,0
28.767740002381874,5,4.0,0
28.76806516963161,15,1.0,-9256
28.76912716350226,17,1.0,-6126
28.769319734133926,15,1.0,-8973
28.770243743773477,7,3.0,8873
28.772196107118447,15,1.0,-9146
28.77257411914733,16,8.0,7693
28.772933798168395,15,9.0,-8932
28.773325814192248,13,4.0,-10731
28.77527703546327,11,5.0,8975
28.77698259662201,14,1.0,-10460
28.77742632328913,15,10.0,-9176
28.778190033162915,13,2.0,-10594
28.778660493508106,15,8.0,-9092
28.77885168109305,16,12.0,6812
28.778913851430975,15,1.0,-9116
28.778974410912834,15,5.0,-9306
28.779254008424637,17,1.0,-5856
28.779307670613278,15,1.0,-9184
28.78177019176337,13,2.0,-10671
28.782523122960402,5,6.0,0
28.783934828729976,15,1.0,-8985
28.78423647499569,15,5.0,-9236
28.786297202579576,5,3.0,0
28.786485542308725,13,5.0,-10488
28.786970780152544,17,1.0,-1415
28.787191177102212,15,2.0,-9135
28.78755817651287,15,3.0,-9196
28.787678678736704,13,1.0,-10562
28.790325047914216,16,23.0,1002
28.79042777672412,14,1.0,-10478
28.791040496331725,15,2.0,-9303
28.791682594326083,5,2.0,0
28.792839113724472,17,3.0,-5833
28.794527731931986,5,2.0,0
28.796327794962796,15,1.0,-9591
28.797693582328982,113,54.0,-10624
28.797789268096924,13,1.0,-10580
28.797846767536342,17,6.0,-7893
28.797855520680855,15,8.0,-9162
28.800566462178253,5,5.0,0
28.801032331797828,5,1.0,0
28.802072567793704,7,3.0,8893
28.802628200679692,15,2.0,-9113
28.802628200679692,17,2.0,-9113
28.804372322453936,5,2.0,0
28.804622740242,17,3.0,-8766
28.806319178567694,15,1.0,-9255
28.80755335308394,16,5.0,6083
28.808704105071623,13,2.0,-10604
28.808860237323742,14,1.0,-10603
28.80948802444166,15,1.0,-9093
28.809502208392903,17,1.0,-7451
28.811093145674043,15,1.0,-9202
28.81116947284221,5,3.0,0
28.811571205724434,13,1.0,-10665
28.81189003609067,3,3.0,9009
28.81268096732198,15,6.0,-9003
28.813768763353437,15,1.0,-9230
28.815677043544685,15,3.0,-9536
28.816733751989332,17,1.0,-6123
28.82079346216983,14,5.0,-10670
28.821145743537496,13,2.0,-10584
28.82118460909265,13,4.0,-10464
28.82261787379827,15,2.0,-9192
28.82308716453218,15,1.0,-9151
28.82456472222726,5,14.0,0
28.82788635711058,17,2.0,-873
28.82866985887542,15,4.0,-8943
28.828910626307543,10,6.0,9001
28.82903217206614,17,2.0,-7074
28.829450125393006,4,9.0,9010
28.83242913351291,17,20.0,-2139
28.833055665222766,15,2.0,-9315
28.834710695337048,15,3.0,-9069
28.83473322221737,14,1.0,-10647
28.834878168920948,5,5.0,0
28.834963090252508,15,2.0,-9389
28.835802618209435,15,4.0,-8960
28.83679301941075,15,1.0,-9172
28.837153382023963,5,3.0,0
28.837731639115226,15,2.0,-9042
28.83851111755897,15,5.0,-9037
28.838634323399415,15,4.0,-9108
28.83900612972586,16,5.0,3077
28.839329476212427,15,29.0,-9136
28.839480541688776,15,5.0,-9281
28.840080261228316,5,9.0,0
28.840401316843707,13,8.0,-10668
28.840805868284047,15,3.0,-9075
28.84113823316748,13,1.0,-10720
28.84246462075535,13,1.0,-10459
28.842712168509113,15,4.0,-9041
28.842740745690037,15,5.0,-8966
28.844894046079464,15,1.0,-9318
28.84546177454852,15,4.0,-9194
28.845566246382724,17,1.0,-2824
28.84743598366972,15,3.0,-9309
28.848256445820248,15,3.0,-9145
28.848457618937477,13,3.0,-10564
28.84978908449693,13,2.0,-10549
28.850604946425612,16,40.0,1796
28.85135402994198,16,4.0,7996
28.851506120354056,13,5.0,-10729
28.851673305718524,15,3.0,-9289
28.852835852947962,5,16.0,0
28.852915987009368,15,12.0,-9142
28.852992772853092,5,3.0,0
28.853290787204653,17,1.0,-3005
28.85404879991095,15,1.0,-9298
28.855217919543865,14,3.0,-10441
28.856677379530808,13,2.0,-10558
28.85685538205968,15,1.0,-8978
28.85685538205968,17,1.0,-8978
28.857793528732298,15,1.0,-9065
28.8582464462189,14,2.0,-10651
28.860632189071232,14,2.0,-10566
28.861274840295657,14,2.0,-10573
28.861638947352624,13,38.0,-10537
28.86165972458039,14,1.0,-10541
28.86404287190652,15,24.0,-9305
28.86499730430087,16,2.0,6909
28.867839919952353,17,2.0,-7195
28.868261891030304,15,2.0,-9460
28.868638666241083,14,4.0,-10725
28.86918726995932,15,1.0,-9117
28.869551969591264,15,5.0,-8995
28.870024424091948,15,5.0,-9296
28.871085943605816,5,2.0,0
28.871276007088532,15,10.0,-9673
28.871709056292794,15,3.0,-9502
28.873248069680688,15,1.0,-9059
28.87381332704817,15,2.0,-9565
28.87389325113417,17,1.0,-5419
28.875120486164004,14,3.0,-10605
28.876011908689854,15,2.0,-9180
28.876461569486604,14,2.0,-10495
28.876543404929993,5,4.0,0
28.878291901686875,5,2.0,0
28.878484811794685,15,3.0,-9078
28.880658611376777,5,2.0,0
28.88251710227926,17,7.0,-6571
28.883414258518574,15,1.0,-9097
28.883414258518574,17,1.0,-9097
28.884339422787512,14,1.0,-10585
28.88482342758102,16,14.0,2822
28.88487223985131,17,10.0,-6454
28.885376224180664,13,2.0,-10649
28.885584742234947,15,3.0,-9156
28.885758297944367,15,3.0,-9302
28.88627706830873,15,4.0,-9650
28.88746835105239,14,1.0,-10659
28.8882727095745,17,1.0,-5137
28.88889983538372,7,1.0,8952
28.889012045436424,5,4.0,0
28.88970416578301,13,1.0,-10451
28.890036394823884,5,4.0,0
28.890244279934084,17,1.0,-7636
28.891756521881035,15,3.0,-9053
28.892568572116513,15,2.0,-9624
28.89269544989775,15,2.0,-9079
28.893915908080814,17,1.0,-258
28.89544097429555,14,1.0,-10717
28.8978120302856,15,1.0,-9104
28.898111461641367,5,1.0,0
28.89819851995636,15,1.0,-9168
28.898312158872326,5,3.0,0
28.903512750062585,15,3.0,-9732
28.903578410877213,14,4.0,-10728
28.90427317852636,5,1.0,0
28.905619286116423,13,1.0,-10493
28.906418942911795,15,1.0,-9177
28.90950126022568,15,1.0,-9223
28.91051492816738,15,2.0,-9546
28.91051492816738,17,2.0,-9546
28.911835916627012,15,4.0,-8963
28.912111476356582,15,2.0,-8919
28.912483952636624,14,4.0,-10507
28.913485052280546,15,1.0,-9204
28.914675580582994,15,1.0,-9259
28.91470685980934,17,4.0,-8096
28.915636995039353,17,2.0,-5885
28.91611619072318,5,3.0,0
28.91616876293827,15,4.0,-8968
28.91892434690861,13,1.0,-10548
28.92106671098172,15,3.0,-8983
28.92111994274452,17,3.0,-2430
28.92183585827016,17,13.0,-6815
28.922595742990648,15,3.0,-9105
28.928673086351733,5,2.0,0
28.92870532538702,13,2.0,-10560
28.929358270642126,14,8.0,-10592
28.92995374031636,5,2.0,0
28.93018918888421,15,3.0,-9208
28.930773404055387,17,2.0,-7489
28.931348369674005,17,7.0,-5304
28.931464849153727,16,1.0,4837
28.93361353739912,16,11.0,6552
28.93492795909393,5,15.0,0
28.935526135157257,5,3.0,0
28.937078325216074,5,7.0,0
28.93871960157469,15,2.0,-8977
28.939126930309044,13,4.0,-10637
28.939687637600073,13,1.0,-10631
28.941649820438116,17,17.0,-3720
28.94168048444586,17,2.0,-8083
28.942030784312863,15,56.0,-8967
28.943103719410086,17,2.0,-7248
28.94352739587549,17,15.0,-8481
28.945546012025122,17,1.0,-6282
28.94599030817367,15,3.0,-9200
28.946552815425562,17,14.0,-2190
28.947949378480764,5,2.0,0
28.948411858549633,15,2.0,-9275
28.948658470326336,5,3.0,0
28.949737663564576,17,4.0,-6495
28.950342791719454,5,1.0,0
28.950438279992298,15,3.0,-9336
28.950989318941424,17,2.0,-5829
28.9520046091232,17,1.0,-832
28.952624833037444,15,2.0,-9294
28.952685301381447,15,1.0,-9260
28.95329402038083,15,11.0,-9361
28.95540205690792,13,1.0,-10531
28.959509403534287,5,5.0,0
28.960659588656608,17,4.0,-5547
28.961380269050473,17,5.0,-578
28.96332185365308,14,3.0,-10514
28.963477429842175,17,5.0,-6027
28.967653196874206,5,4.0,0
28.96798031480868,15,4.0,-8998
28.968624339489164,17,1.0,-1173
28.96937516067665,17,1.0,-7255
28.970582728208562,15,3.0,-9027
28.971502999579542,17,17.0,-8124
28.97463485975785,15,8.0,-9258
28.97530918785316,15,4.0,-9023
28.976468214137483,15,1.0,-9684
28.97721019079235,15,19.0,-8917
28.97721019079235,17,19.0,-8917
28.978851492094844,17,7.0,-5764
28.979031829010534,13,3.0,-10453
28.98063129549603,17,4.0,-3922
28.980693493232977,13,1.0,-10648
28.9817070429171,14,5.0,-10619
28.982756271205087,15,2.0,-9083
28.983720836264787,7,2.0,8980
28.98380705523847,14,1.0,-10534
28.98427130589741,15,1.0,-9046
28.984497230148282,5,5.0,0
28.98462923669606,17,11.0,-7952
28.986130807898586,17,6.0,-2353
28.987964468511997,16,2.0,8429
28.990112869968943,16,2.0,3728
28.990360855346278,1,29.0,9011
28.99129595920466,16,5.0,4193
28.992080957237896,13,5.0,-10640
28.992443850987932,15,8.0,-9479
28.993003038124805,13,4.0,-10551
28.99437462176273,13,5.0,-10490
28.994896166664,7,3.0,8914
28.995233735586414,15,1.0,-9160
28.995545990996106,13,2.0,-10613
28.9956561884299,14,1.0,-10709
28.995723615139358,5,8.0,0
28.996520540880162,11,57.0,8989
28.998851231208274,10,6.0,8997
28.999704817177797,5,1.0,0
29.000266614622447,14,1.0,-10818
29.000751879957615,13,5.0,-10842
29.00078765862463,14,4.0,-10955
29.001204779060277,15,3.0,-10051
29.004358569772336,13,3.0,-11012
29.00509788006525,5,3.0,0
29.00600560585368,15,2.0,-10086
29.010010213591464,15,1.0,-9573
29.01047695745863,15,1.0,-9539
29.010921057279944,13,1.0,-10863
29.014560391571088,15,2.0,-9704
29.01611299349798,5,2.0,0
29.01623989282625,5,41.0,0
29.018178822685297,14,3.0,-11020
29.019147956785744,15,1.0,-9547
29.019147956785744,17,1.0,-9547
29.01929142629348,113,59.0,-10887
29.020235626417605,15,2.0,-9666
29.02078940000889,15,8.0,-9695
29.023302741963874,13,2.0,-10966
29.024029915369987,15,2.0,-9652
29.025376112875048,10,9.0,9010
29.02554800223944,5,5.0,0
29.025774506980675,13,1.0,-11011
29.02699532698601,13,2.0,-11002
29.02784619992573,15,12.0,-9376
29.027961730446837,15,1.0,-9350
29.028420341982482,13,7.0,-10861
29.031958035599775,14,4.0,-11009
29.03240228120004,16,1.0,7794
29.033433658768935,14,10.0,-10819
29.034687602572056,14,3.0,-11021
29.035289975752576,5,5.0,0
29.036710520925496,16,8.0,8945
29.03807499908916,15,6.0,-9834
29.039147891245072,15,3.0,-9509
29.039429629574435,14,7.0,-10789
29.039769502471536,16,5.0,8676
29.039807416790847,15,4.0,-9711
29.040096404584766,15,1.0,-9486
29.040887731471575,15,7.0,-9342
29.04151017367818,14,1.0,-10808
29.041627833815408,13,1.0,-10891
29.043338858322333,13,1.0,-10987
29.044687256393498,15,1.0,-9481
29.045988008859506,13,2.0,-10816
29.046930861387604,14,3.0,-10735
29.0474798531713,15,2.0,-9741
29.049442614746894,15,2.0,-9513
29.05144436326126,15,1.0,-9507
29.051630349629512,17,1.0,-4608
29.0524038078912,15,2.0,-9813
29.052424788441986,15,8.0,-9615
29.05344671756111,14,2.0,-10779
29.055541601105762,16,10.0,5392
29.05758282910769,15,1.0,-9920
29.057697646899232,5,1.0,0
29.05783771868523,10,10.0,8985
29.060362750025117,15,4.0,-9871
29.06212534466798,15,1.0,-10028
29.0636947765446,16,4.0,2534
29.064472761594132,7,2.0,8963
29.065339576390077,15,4.0,-9549
29.066910545603907,13,2.0,-10984
29.067113839745694,7,43.0,8987
29.068870809394994,5,1.0,0
29.06933762692164,14,2.0,-10838
29.070670799900924,3,55.0,9012
29.071803744534847,13,6.0,-10960
29.07326738448673,15,1.0,-9579
29.073670107078485,15,1.0,-9700
29.074025002043076,13,2.0,-10879
29.07479404204283,16,1.0,7804
29.076005774073373,15,1.0,-9697
29.078130722771977,15,6.0,-9351
29.079249145109436,13,1.0,-10932
29.079980797707655,15,4.0,-9948
29.080072260190217,13,1.0,-10801
29.080632289686537,13,5.0,-11000
29.08122960526313,15,2.0,-9630
29.08233156464548,14,3.0,-10733
29.082434638100178,15,2.0,-9825
29.08262232764998,15,1.0,-9662
29.084294145893175,15,2.0,-9331
29.08526594175973,15,2.0,-9404
29.085617835248236,13,1.0,-10758
29.086206116214786,15,2.0,-9402
29.087330228783195,15,2.0,-9339
29.08822486096537,113,34.0,-10784
29.08885670560008,16,1.0,3602
29.090185546142507,14,2.0,-10820
29.090445347705305,5,6.0,0
29.092112055274185,15,3.0,-9408
29.092175948415242,17,4.0,-8513
29.093958344142152,15,6.0,-9387
29.09426330786728,13,1.0,-10803
29.094573178915375,4,5.0,9013
29.095013014839314,13,1.0,-10844
29.095786296702325,5,1.0,0
29.09600732452109,11,7.0,8988
29.096607530993182,15,8.0,-9335
29.096698375889936,15,2.0,-9372
29.097498329284747,15,1.0,-9324
29.098755975953065,15,7.0,-9994
29.100219857763424,15,3.0,-9415
29.101994100556617,13,5.0,-10851
29.104933811632208,5,4.0,0
29.106640241417644,17,7.0,-1693
29.109129359805515,16,3.0,7741
29.110412169148063,13,4.0,-10978
29.110933722969445,5,5.0,0
29.11170461837691,15,3.0,-9612
29.113192110158977,15,4.0,-9357
29.11340027100316,15,1.0,-9523
29.11340027100316,17,1.0,-9523
29.114198672489582,15,1.0,-9325
29.114207170146305,14,7.0,-10745
29.115073588167196,15,1.0,-9712
29.115446628825275,9,2.0,8964
29.118117013581358,13,3.0,-10765
29.11832391619569,5,3.0,0
29.118686067174096,15,5.0,-10021
29.119222640836306,15,2.0,-9644
29.119268708631612,17,7.0,-9141
29.119312451603715,13,1.0,-10901
29.12016168625095,13,4.0,-10785
29.120707024735236,15,3.0,-9533
29.1215246309843,4,12.0,9014
29.121892887088524,15,3.0,-9701
29.122077299839564,5,7.0,0
29.123451515840983,15,2.0,-9505
29.124197315470916,16,2.0,8341
29.12573792849905,13,1.0,-10841
29.126345225567004,15,5.0,-9640
29.126345225567004,17,5.0,-9640
29.127857601052657,15,4.0,-10109
29.129638305141714,13,2.0,-10827
29.12997297349177,13,4.0,-10830
29.131996628558564,16,2.0,2038
29.13457877402673,14,2.0,-10936
29.13637922381065,15,5.0,-9508
29.13733158899508,16,1.0,2080
29.13964378494345,17,2.0,-4748
29.140172643240188,15,1.0,-9535
29.140436040370737,15,10.0,-9763
29.14099643797572,15,1.0,-9617
29.142968015415804,16,1.0,3934
29.143797652633957,13,13.0,-10826
29.144801142594705,5,2.0,0
29.14674380325253,13,1.0,-10821
29.147099990760662,5,1.0,0
29.147245173514733,13,1.0,-10742
29.14871806505907,17,1.0,-4408
29.148742320498293,5,1.0,0
29.149176136616298,16,1.0,5507
29.149916398513398,13,2.0,-10958
29.150306926928202,15,3.0,-9718
29.15319613741997,15,2.0,-10050
29.15736448950814,5,8.0,0
29.157583579192426,5,1.0,0
29.157968941235215,5,3.0,0
29.158095954323237,17,1.0,-5186
29.159726100862002,15,5.0,-9927
29.161522477918467,14,5.0,-11023
29.16324064568733,16,2.0,8338
29.163970890025727,13,1.0,-10836
29.16438452882243,5,1.0,0
29.164706211229078,15,2.0,-9626
29.164846651995394,17,1.0,-2777
29.165032945463018,13,1.0,-10971
29.16631836553536,15,5.0,-9618
29.168184217849277,15,1.0,-9637
29.168184217849277,17,1.0,-9637
29.168198161884455,13,1.0,-10968
29.169116630112015,15,8.0,-9642
29.169201923495706,13,1.0,-10773
29.16925067904979,113,37.0,-10952
29.169488878613766,15,2.0,-9816
29.1710175783196,15,1.0,-9633
29.171185467392952,13,5.0,-10822
29.17239119836698,15,3.0,-9356
29.172453392640858,15,10.0,-9530
29.173043688530992,17,2.0,-2813
29.174218876682854,15,22.0,-9560
29.174861729054122,15,1.0,-9789
29.17579801674349,14,3.0,-10911
29.175938359462215,13,4.0,-10792
29.176138091627173,15,5.0,-9685
29.17709810868378,15,1.0,-9638
29.17764699390773,5,2.0,0
29.178474645501254,15,1.0,-9399
29.179086873491414,15,5.0,-9578
29.17917990190424,15,1.0,-9883
29.180800912924642,14,2.0,-10871
29.182382004585374,15,1.0,-9714
29.183528428329314,113,33.0,-10794
29.18354897136321,13,3.0,-10931
29.18405862687955,5,1.0,0
29.185420339324697,13,3.0,-10992
29.18649670788112,13,1.0,-10959
29.18708895561737,16,1.0,7402
29.18714140631887,17,3.0,-3606
29.187941724183023,5,1.0,0
29.18909946911286,15,1.0,-10128
29.190159608143965,5,3.0,0
29.190235281107714,5,5.0,0
29.19087619311141,17,6.0,-1998
29.191171870118243,15,1.0,-9758
29.192857604062056,16,1.0,7147
29.195522803889006,15,1.0,-9958
29.195788949266046,15,1.0,-9731
29.197747704637614,15,2.0,-9930
29.19861979438639,5,4.0,0
29.199211534483144,15,1.0,-9619
29.199572093588554,5,3.0,0
29.2001056280737,13,2.0,-10804
29.20070789626538,14,1.0,-10965
29.201749751509595,15,1.0,-9736
29.20259913113726,13,2.0,-11010
29.202854343556726,15,7.0,-9606
29.205983093842814,13,1.0,-10849
29.20869680351766,15,1.0,-10006
29.209444213161834,15,1.0,-9449
29.21188284990228,5,2.0,0
29.2124897198522,17,2.0,-8490
29.21257559140651,17,11.0,-8021
29.21284141117743,13,1.0,-10867
29.21286612298726,13,1.0,-10937
29.21350812216905,15,2.0,-9611
29.2153409642196,13,4.0,-10956
29.216984976210565,15,1.0,-9773
29.216984976210565,17,1.0,-9773
29.217270506057147,17,1.0,-4461
29.21875610609028,13,3.0,-10872
29.22019685689209,15,2.0,-9431
29.220252892847387,16,8.0,1871
29.2211772049625,13,2.0,-10922
29.222295076233415,13,3.0,-10949
29.22503065303542,13,5.0,-10927
29.225052938445597,15,1.0,-9805
29.22545181334289,15,2.0,-9688
29.225557150127862,113,25.0,-11005
29.227629839870325,13,13.0,-10848
29.2286011153916,5,1.0,0
29.228993055258858,14,19.0,-10935
29.22916780468281,10,9.0,8984
29.22945794939737,15,2.0,-9501
29.230724672835777,5,2.0,0
29.231856691427566,16,2.0,5438
29.232058006551256,15,14.0,-10121
29.232559402771102,16,4.0,4424
29.234662784134006,15,4.0,-9397
29.236063856498316,14,2.0,-10953
29.236462788246616,15,8.0,-9722
29.238803456178985,13,4.0,-10950
29.23880682921885,15,7.0,-9484
29.23980135517315,17,2.0,-670
29.240764033033905,5,2.0,0
29.244245592759285,13,2.0,-10939
29.244313659501067,5,4.0,0
29.244697539304482,15,3.0,-9409
29.24485712829958,16,1.0,2750
29.248436756737053,5,1.0,0
29.250624615823348,10,5.0,9004
29.25088405961816,5,7.0,0
29.25108144451668,17,1.0,-4084
29.253090260903054,13,19.0,-10904
29.253425601287052,15,17.0,-9368
29.254820865382044,13,9.0,-10995
29.256781388474188,15,1.0,-10040
29.25690120664209,16,2.0,7456
29.2581873518823,16,29.0,2882
29.26076072314604,15,2.0,-9329
29.261852649957312,13,1.0,-10915
29.26377252525658,15,3.0,-9406
29.26388969808707,13,1.0,-10780
29.263921573188973,17,7.0,-5798
29.267075408844015,15,6.0,-9429
29.27247829217523,13,6.0,-10916
29.272813605196585,14,29.0,-10962
29.273600182561577,17,1.0,-9179
29.274718835065606,14,2.0,-10750
29.275151235912425,13,3.0,-10829
29.27623498702451,17,3.0,-5407
29.276922856401317,15,1.0,-9785
29.278144208779846,5,21.0,0
29.27910596409455,13,1.0,-10890
29.28004334365341,13,1.0,-10878
29.28038841414412,15,7.0,-9675
29.280744256666104,5,8.0,0
29.280748289708765,14,2.0,-10850
29.28165248068356,17,2.0,-1316
29.282391385044697,15,7.0,-9467
29.28444865271726,5,3.0,0
29.284845559713585,11,26.0,8995
29.28539282440293,3,48.0,9015
29.28543565237188,15,5.0,-9383
29.285764585256544,16,4.0,3827
29.28641304138955,15,7.0,-9450
29.28648666512581,14,2.0,-10948
29.287578238441863,15,1.0,-10089
29.288092135061703,15,2.0,-9490
29.288908300282486,5,1.0,0
29.290730198075043,16,2.0,7993
29.29189123176042,13,1.0,-10767
29.292033629028225,17,1.0,-4793
29.292210417855152,15,1.0,-9729
29.29224456181856,13,2.0,-10886
29.29337920753535,5,4.0,0
29.29526689595892,4,7.0,9016
29.295551373320716,13,8.0,-10811
29.299672009899844,14,4.0,-10798
29.301316060231642,15,11.0,-9527
29.30219791147954,15,2.0,-9696
29.302810901689902,17,4.0,-8349
29.303614291386513,13,5.0,-10795
29.30429693571435,15,2.0,-9498
29.304984750338978,1,2.0,9017
29.30547631439771,15,2.0,-9824
29.30621001580154,15,2.0,-9423
29.30660614196362,17,4.0,-121
29.307286948715944,5,2.0,0
29.30801052835918,5,3.0,0
29.308167009931992,5,1.0,0
29.30873172649293,5,18.0,0
29.30894805230495,14,1.0,-10900
29.30908946781116,13,3.0,-10769
29.30973714533877,14,6.0,-10749
29.310651639613084,13,14.0,-11014
29.31128049296153,5,5.0,0
29.31161611273222,15,7.0,-9692
29.311632770413354,13,11.0,-10855
29.312543060995765,17,1.0,-7742
29.313636160470743,15,1.0,-9427
29.313964515924177,16,57.0,871
29.31431575846636,13,1.0,-10833
29.31442329341984,15,1.0,-9497
29.31626964073836,5,2.0,0
29.316289472796722,14,4.0,-10772
29.317017337294068,13,2.0,-10918
29.318231439943457,17,1.0,-2828
29.325044750192255,7,4.0,8978
29.325463637166116,5,1.0,0
29.326234432300943,15,1.0,-9468
29.328631581426293,14,15.0,-10986
29.329437017774637,17,8.0,-2030
29.32944083883556,15,2.0,-10061
29.33119729221744,13,1.0,-10947
29.331542812800095,15,1.0,-9728
29.33258599088074,15,2.0,-9564
29.333087211278123,15,2.0,-10113
29.333281316812077,15,2.0,-9869
29.334327772748843,5,1.0,0
29.334340518167302,17,6.0,-2136
29.335022552189272,17,3.0,-4449
29.33537014498999,14,2.0,-10828
29.335840244879222,14,1.0,-10983
29.337036371010974,15,1.0,-9706
29.337680966233,13,2.0,-10912
29.338962707086292,13,2.0,-10989
29.342387135680838,16,15.0,6782
29.34260738648002,17,11.0,-6813
29.343184362312737,113,59.0,-10977
29.34436295024757,5,6.0,0
29.34502834206053,13,1.0,-10898
29.345562520683732,16,1.0,8558
29.345989121302292,14,1.0,-10775
29.348811392207725,13,1.0,-10970
29.350078286767474,15,2.0,-9557
29.351772513914423,13,3.0,-10812
29.353102071257688,5,6.0,0
29.35378654293532,15,3.0,-9436
29.355923403063915,15,1.0,-9531
29.3566726453453,15,1.0,-10084
29.357385443599036,17,9.0,-3956
29.35757646970064,15,6.0,-9954
29.359972950860776,17,1.0,-1608
29.359994729799705,11,4.0,8961
29.360977395556688,15,7.0,-9900
29.361751397782935,17,2.0,-4888
29.36226292910217,15,1.0,-9607
29.362268321562475,16,43.0,2703
29.362632700700324,13,1.0,-10906
29.364048220131483,17,4.0,-7883
29.36474202235814,14,1.0,-10736
29.366645018607606,14,3.0,-11001
29.366753797004463,13,1.0,-10993
29.36724495048132,15,42.0,-9358
29.36769857423909,14,7.0,-10905
29.368068103797608,17,2.0,-219
29.368219053274693,16,6.0,5736
29.3722609974568,14,3.0,-10834
29.372330101320465,17,1.0,-6071
29.373496291800752,5,12.0,0
29.37474879843926,13,1.0,-10975
29.37509268324737,13,5.0,-10786
29.37574363224456,16,3.0,3745
29.37624277977092,15,10.0,-10037
29.37646675312858,14,4.0,-10770
29.37697654454577,17,16.0,-3008
29.377870910156133,16,4.0,4892
29.380019907758324,17,6.0,-5188
29.380831110659322,16,6.0,3610
29.382289103194836,15,6.0,-9932
29.38451400833064,5,5.0,0
29.387333080101474,15,1.0,-9622
29.388874211190824,6,1.0,9008
29.388998155800962,13,1.0,-10847
29.390269788410414,14,1.0,-10815
29.39038765077857,13,1.0,-10930
29.39159050930736,13,2.0,-10888
29.392082773633646,16,2.0,6435
29.394356081960595,15,1.0,-9803
29.394503588581355,15,11.0,-9528
29.395971476528327,14,2.0,-11025
29.397203175889736,15,1.0,-9676
29.39730556211998,15,5.0,-9334
29.397784486135002,15,4.0,-9381
29.400055517673962,15,1.0,-9659
29.401043437696032,13,7.0,-10874
29.403513190376646,3,33.0,9018
29.40383321401053,15,3.0,-10068
29.405952288536916,7,5.0,8916
29.406512501568862,15,4.0,-9603
29.406954926283472,15,3.0,-9860
29.40705372066082,15,2.0,-9349
29.407881399392988,15,2.0,-9522
29.40985980193013,5,4.0,0
29.410085895075554,13,19.0,-10762
29.411649426637503,15,4.0,-9373
29.41178737405389,17,1.0,-4771
29.41217868464746,15,2.0,-9663
29.413558403230347,5,3.0,0
29.413948858951283,15,2.0,-9524
29.4150084918684,14,2.0,-10870
29.417567045843818,15,5.0,-9770
29.418838016500402,5,9.0,0
29.418897288654065,15,2.0,-9677
29.418967867155047,17,7.0,-1294
29.419373598966143,15,4.0,-9841
29.420427882292184,15,2.0,-9614
29.420443043777016,113,47.0,-10889
29.421052300908425,13,1.0,-10781
29.423282502001737,5,2.0,0
29.423419013018844,13,1.0,-10825
29.423561674385887,15,4.0,-9953
29.423579469667985,13,5.0,-10734
29.426556032357627,13,3.0,-10763
29.428109681835874,114,41.0,-10925
29.429314520798243,16,1.0,8062
29.43081040449127,15,10.0,-9518
29.43270905617992,13,1.0,-11003
29.433596875125293,14,4.0,-10902
29.434206756821094,13,3.0,-10788
29.437173887576336,5,3.0,0
29.43785617949736,15,1.0,-10019
29.439177551704702,15,4.0,-9592
29.439357600544902,16,25.0,1715
29.439743431620553,13,3.0,-10996
29.44060058796894,13,2.0,-10908
29.441160166949373,14,5.0,-10793
29.441956761829452,13,1.0,-10903
29.442239817990046,13,3.0,-10852
29.443074849692845,14,1.0,-10760
29.445533829287704,15,11.0,-9667
29.445640668191736,16,1.0,4133
29.446048984335132,15,5.0,-9586
29.446048984335132,17,5.0,-9586
29.447067516933014,14,1.0,-10824
29.448624445345402,17,4.0,-4206
29.450000770076635,15,2.0,-9993
29.45102615992996,15,3.0,-9410
29.451718863189395,13,3.0,-10865
29.452899916690267,16,4.0,8634
29.452912089802822,1,1.0,9019
29.45332403191522,16,3.0,8374
29.45344227743385,14,1.0,-10963
29.454250648833188,13,8.0,-10945
29.455344120613894,15,1.0,-9575
29.45535730667839,15,2.0,-10134
29.45749440546551,5,4.0,0
29.457675736450916,16,15.0,3974
29.457769080818036,13,5.0,-10782
29.457899749347085,5,6.0,0
29.45796946946328,15,1.0,-10077
29.459559004931457,14,1.0,-10893
29.459629668079334,13,6.0,-10873
29.461931671931026,16,3.0,2869
29.463111236731798,15,1.0,-9506
29.464187063568005,17,6.0,-3786
29.464607393865336,11,6.0,9001
29.465323235273154,13,4.0,-10877
29.46590389214688,13,5.0,-10807
29.46700459779124,5,3.0,0
29.469500460802905,14,8.0,-10740
29.469774281039715,15,4.0,-9419
29.47010678662581,5,7.0,0
29.4705360497557,16,9.0,7785
29.47082184267994,15,3.0,-9608
29.471343454952997,14,3.0,-10941
29.471940169634617,15,1.0,-9392
29.4740439589691,5,3.0,0
29.475252371134786,15,1.0,-10067
29.477053874164046,17,2.0,-7722
29.47778096666368,13,1.0,-10973
29.47949537178106,17,5.0,-3646
29.479908268033203,5,2.0,0
29.48027829790274,17,2.0,-585
29.48033235475964,13,8.0,-10894
29.48059890480108,5,1.0,0
29.480674235502715,15,1.0,-9433
29.48129416158291,15,4.0,-9541
29.48216787601066,15,2.0,-9458
29.483549326784015,15,1.0,-9707
29.484253652979106,15,16.0,-9995
29.48498623019855,15,4.0,-9379
29.485447349302444,17,2.0,-7889
29.487000076407497,13,1.0,-10737
29.48844259018448,15,6.0,-9482
29.48863817042381,5,6.0,0
29.489052545048676,15,4.0,-9897
29.489249945137235,14,1.0,-10883
29.489723594767742,7,1.0,8999
29.489984181002335,15,1.0,-9395
29.490025309652278,15,5.0,-10085
29.49090201865984,17,3.0,-6894
29.49124704301544,16,8.0,6799
29.492656063914197,15,1.0,-9698
29.49448083278394,4,4.0,9020
29.497875762120405,5,2.0,0
29.49934317202873,15,2.0,-9475
29.500258866886604,15,57.0,-9708
29.502491306853845,9,6.0,8973
29.503755317339138,11,60.0,8930
29.504297713754,5,1.0,0
29.50484317678903,15,2.0,-9919
29.50499838177942,5,7.0,0
29.505424805846058,13,2.0,-10943
29.508236213992703,15,1.0,-9555
29.508321214886124,15,3.0,-9996
29.508555141383702,113,34.0,-10881
29.512324855251197,15,5.0,-9542
29.513075986685095,13,10.0,-10839
29.513569188538717,16,8.0,7615
29.513897826799838,14,2.0,-10747
29.51530415663242,5,6.0,0
29.51540809102393,13,1.0,-10909
29.51608426417591,7,4.0,8977
29.516233548877867,15,8.0,-9643
29.517055885363348,14,1.0,-10790
29.518266529374596,15,1.0,-9452
29.518415371784137,14,7.0,-11017
29.520521586193414,15,2.0,-9831
29.5222756756944,14,4.0,-10914
29.52263069530199,14,5.0,-10929
29.52345456001189,15,4.0,-9977
29.524099377249353,15,1.0,-9587
29.524676836262802,5,2.0,0
29.52505794589781,15,12.0,-9516
29.527775382088578,3,13.0,9021
29.52839945967563,16,2.0,1172
29.529189778147522,15,1.0,-9713
29.529189778147522,17,1.0,-9713
29.53065220699577,5,1.0,0
29.531059569097753,15,2.0,-9474
29.531457384354333,5,5.0,0
29.53214184270682,5,1.0,0
29.533475298424413,15,3.0,-9600
29.533475298424413,17,3.0,-9600
29.533844063817185,15,7.0,-9598
29.534652905506295,15,1.0,-9791
29.538077388474555,15,4.0,-10007
29.538077388474555,17,4.0,-10007
29.538138459515363,8,3.0,8983
29.53833685991274,13,1.0,-10896
29.538763075652206,13,2.0,-10799
29.538833084359865,15,6.0,-9562
29.53979005005081,14,4.0,-10907
29.539873649250488,13,4.0,-10766
29.540408052917453,14,3.0,-10823
29.540573570818175,15,1.0,-10074
29.540785591197256,17,7.0,-6822
29.541293806862285,15,1.0,-9632
29.542795923731333,5,1.0,0
29.542898517746465,14,4.0,-10796
29.5435476470581,14,1.0,-11024
29.54426221599307,15,1.0,-9438
29.544585944938223,14,3.0,-10741
29.54491332459257,13,4.0,-10913
29.545918538210017,5,8.0,0
29.546065612773095,15,2.0,-9678
29.546672477833667,15,1.0,-10002
29.54717394713244,16,5.0,2612
29.548574518951266,14,4.0,-10990
29.54949047532795,15,4.0,-9596
29.552239649708255,13,1.0,-10805
29.552271026344666,13,3.0,-10809
29.554239372797017,15,3.0,-9457
29.55439682646199,13,1.0,-10835
29.55491324622917,13,1.0,-10869
29.555038545412152,14,6.0,-10998
29.555626965590037,15,4.0,-9641
29.557426250331094,5,1.0,0
29.557691654255088,16,3.0,3130
29.55786149374959,13,3.0,-11016
29.55875784414805,15,2.0,-9454
29.56032795091564,15,4.0,-9469
29.56044942869594,16,5.0,784
29.561211227534706,16,3.0,5339
29.561469816467458,15,16.0,-9570
29.563054733743538,15,5.0,-9407
29.563231908435636,5,2.0,0
29.56347393560933,5,4.0,0
29.564248987996542,15,3.0,-9422
29.564846021941282,15,9.0,-9414
29.564920920080947,5,2.0,0
29.56691571537474,15,2.0,-9426
29.56697297953074,15,1.0,-9862
29.56700983616911,17,4.0,-6152
29.567976654429355,17,2.0,-7222
29.5692071635907,13,15.0,-10910
29.56939209008004,15,3.0,-9521
29.570568828575972,13,1.0,-10853
29.570780715324403,13,1.0,-10976
29.572162806981524,13,2.0,-10920
29.574052574391455,14,1.0,-10866
29.57464824865831,17,1.0,-7042
29.574765319676036,13,3.0,-10859
29.574869801036314,14,2.0,-10858
29.575149840688802,15,2.0,-9534
29.576470630992286,17,5.0,-6048
29.577282216296297,13,5.0,-10994
29.578224609740047,13,1.0,-10776
29.57892938054546,17,1.0,-7015
29.579473536683093,15,5.0,-9890
29.583016471025605,17,8.0,-1143
29.583105531925803,5,2.0,0
29.583134249663868,17,2.0,-4396
29.583726587250336,15,2.0,-9793
29.583959683186578,14,5.0,-10967
29.584562351929144,15,7.0,-10072
29.58548096493225,15,1.0,-9594
29.58647126144697,14,3.0,-10860
29.587140509024714,15,6.0,-10015
29.58753014243821,13,3.0,-10743
29.587621875018566,13,10.0,-10880
29.588020019751124,14,1.0,-10746
29.590391618241654,13,1.0,-10926
29.59063351993591,15,1.0,-9990
29.590819882804965,6,19.0,8968
29.59091675190436,15,1.0,-9648
29.591099319459886,14,2.0,-10982
29.59357277936464,17,2.0,-3867
29.594852682587117,16,1.0,8728
29.59538862598887,5,1.0,0
29.596213360048313,14,1.0,-11018
29.596286096129035,15,7.0,-9386
29.597091086945248,15,9.0,-9489
29.597349071093646,17,1.0,-7794
29.598646277886726,15,3.0,-9730
29.603390487760482,15,2.0,-9782
29.60426969448837,14,2.0,-10933
29.606077912627295,5,1.0,0
29.606964406950592,15,2.0,-10129
29.608155426499714,5,1.0,0
29.608209456640715,16,20.0,1605
29.60833810214146,15,4.0,-9472
29.60844755501992,17,1.0,-7997
29.610155704463786,10,7.0,9003
29.610277108133637,17,16.0,-7269
29.614288213062682,15,3.0,-10031
29.614679466483008,13,2.0,-10868
29.616294502434023,15,2.0,-10053
29.618442621593708,14,1.0,-10802
29.618857598873202,15,14.0,-9671
29.620233354246363,13,1.0,-10757
29.621004299198354,16,2.0,5693
29.62121070329178,14,1.0,-10832
29.62154262449719,5,10.0,0
29.621589833142117,17,4.0,-4199
29.621854831156618,15,2.0,-9434
29.62232608729131,15,2.0,-9428
29.62278612628935,15,1.0,-9411
29.62514237689453,15,1.0,-9512
29.62514237689453,17,1.0,-9512
29.626998247419316,15,1.0,-9514
29.62702660867092,15,4.0,-9664
29.627924405611775,17,1.0,-7014
29.62817569488356,15,1.0,-9380
29.628636755184374,15,6.0,-9476
29.628737092648972,17,10.0,-4602
29.62957348816972,15,1.0,-9651
29.62977649300521,17,1.0,-4676
29.631190301323652,15,1.0,-9821
29.63150968338739,15,9.0,-9384
29.634387217202605,15,1.0,-9595
29.634540679042292,14,1.0,-10954
29.634830401288145,13,1.0,-10771
29.6354528341388,10,48.0,9015
29.63671646593577,17,5.0,-5797
29.636779262061403,17,2.0,-7592
29.63965312273632,17,1.0,-2428
29.642799836833778,5,2.0,0
29.64385128478761,15,1.0,-9672
29.645326471402583,13,1.0,-11006
29.64592447474618,16,1.0,2189
29.646724504220945,6,1.0,9019
29.648346626642983,17,3.0,-1134
29.649250000446944,5,3.0,0
29.64930435401194,15,1.0,-10102
29.64956818331077,15,4.0,-9355
29.65010676879975,5,3.0,0
29.650245848663328,4,3.0,9022
29.6504554736769,16,6.0,5280
29.65115821852128,15,3.0,-9494
29.65179890360887,15,2.0,-10018
29.652522981633346,15,1.0,-9552
29.653959850195697,5,4.0,0
29.65417732529741,15,6.0,-9515
29.654245440845642,5,3.0,0
29.656893327624523,13,2.0,-10856
29.65706726179133,15,3.0,-9483
29.65739954236899,15,2.0,-9545
29.66024457086383,17,1.0,-7345
29.660379444542155,15,3.0,-9674
29.660524107219945,17,2.0,-6568
29.66068251633732,5,1.0,0
29.664496534220444,16,14.0,4763
29.665526989403055,15,3.0,-9661
29.665843391949018,15,6.0,-9917
29.666508503404213,16,10.0,2406
29.666774554618353,15,2.0,-9471
29.667369155267505,13,1.0,-10846
29.668550032306825,5,5.0,0
29.66879054659101,15,1.0,-9447
29.669562710696805,13,4.0,-10944
29.671181882224513,15,1.0,-10004
29.671774242413893,15,1.0,-9693
29.671924047389208,5,1.0,0
29.671998192369614,17,2.0,-6163
29.67304084789489,15,1.0,-9682
29.67473183533395,5,3.0,0
29.67686116178401,15,23.0,-9726
29.67738516797848,15,6.0,-9510
29.6781215834882,17,6.0,-4384
29.679263104248985,15,6.0,-9500
29.679649556384636,10,6.0,9000
29.680041882640587,16,1.0,7783
29.680712603906603,15,5.0,-10124
29.681360735344228,15,2.0,-9364
29.681360735344228,17,2.0,-9364
29.684057098654208,16,3.0,6317
29.684292906825483,5,5.0,0
29.684898528701677,17,1.0,-8912
29.685938021402507,15,5.0,-10013
29.685941916766282,15,2.0,-10016
29.687872027437187,5,2.0,0
29.690887795777027,13,4.0,-10791
29.691218129451507,17,5.0,-3479
29.69372031927582,16,17.0,1427
29.694631551532428,15,7.0,-9715
29.69662534880341,15,8.0,-9702
29.69713475260744,15,2.0,-9375
29.697365499586933,15,6.0,-9585
29.697745602005064,15,2.0,-9440
29.69932628004756,15,1.0,-9868
29.70012713610543,15,1.0,-9487
29.702451448710086,13,6.0,-10979
29.703817997044336,17,1.0,-5117
29.7046657503995,13,1.0,-10938
29.705991250933113,5,1.0,0
29.706301222955478,15,4.0,-9461
29.70708079637369,13,3.0,-10988
29.707229142436045,15,4.0,-9605
29.707945527727187,14,1.0,-10985
29.7091043376575,15,1.0,-9526
29.71054962955908,14,3.0,-11007
29.71160258744479,16,2.0,3456
29.712045561854108,14,2.0,-10951
29.71221573305403,15,1.0,-9344
29.712531497374208,15,10.0,-9519
29.71322794250681,15,1.0,-9859
29.71343375687041,14,7.0,-10854
29.714612050367734,5,1.0,0
29.71502674998895,17,1.0,-4472
29.71561273275134,14,2.0,-10972
29.71600337506805,13,1.0,-11013
29.71610111159447,5,8.0,0
29.716230898822495,15,4.0,-9760
29.717251594280857,5,3.0,0
29.717340063865368,17,1.0,-5371
29.717594595274495,15,3.0,-9584
29.7178170848235,15,1.0,-9670
29.718676798897352,15,1.0,-9876
29.720120264780427,13,1.0,-10892
29.721436254635215,15,2.0,-9846
29.72172078332295,15,3.0,-10139
29.72199357773301,15,2.0,-9451
29.725090404998372,15,1.0,-9347
29.725199680446416,17,2.0,-3632
29.72532502309439,15,1.0,-9705
29.727515703278158,13,3.0,-10755
29.727753242635934,14,2.0,-10768
29.729037406905498,15,1.0,-9961
29.72904814771911,14,2.0,-11019
29.729632764741396,15,1.0,-9360
29.733113037441157,15,4.0,-9716
29.73375625025016,15,3.0,-10011
29.736312878745395,16,12.0,4939
29.736384443508715,14,1.0,-10732
29.737236970055935,15,2.0,-9473
29.738312122333,16,4.0,7521
29.73904414893766,15,1.0,-9370
29.739832259331486,15,1.0,-9581
29.741841070302065,15,1.0,-9645
29.742326491149182,15,3.0,-9937
29.744071441596436,15,1.0,-9981
29.744372125479444,15,2.0,-9495
29.745061271553002,13,5.0,-10831
29.745456354138245,5,4.0,0
29.745542337117264,16,2.0,7264
29.747468212603984,16,5.0,8962
29.74790901668126,13,9.0,-10942
29.74821215914948,13,2.0,-10997
29.74858386524872,13,3.0,-11015
29.749801484609264,15,1.0,-9330
29.74998988060336,15,14.0,-10127
29.75198910685671,15,12.0,-9577
29.755214404726047,15,7.0,-9417
29.755928266124638,16,12.0,1094
29.756313992687872,5,1.0,0
29.75804980912324,15,2.0,-9538
29.76006513856256,15,3.0,-9369
29.760302729817315,17,1.0,-4599
29.760707294598802,17,1.0,-5947
29.761286447952266,16,12.0,2513
29.76195209379522,13,6.0,-10754
29.762335108676965,10,6.0,8982
29.763309250892412,16,3.0,5888
29.76359931506705,5,1.0,0
29.764311365068835,17,1.0,-3417
29.765632615994456,15,5.0,-9898
29.765947469089937,17,1.0,-4222
29.766017412943835,16,57.0,110
29.76615937314952,15,2.0,-9691
29.76615937314952,17,2.0,-9691
29.76674594074591,15,1.0,-9719
29.767117854614103,7,4.0,8993
29.76726913003335,15,1.0,-9558
29.769551741407962,15,4.0,-9511
29.769770393793753,17,1.0,-6113
29.77090471032558,1,6.0,9023
29.771540028390312,10,13.0,9021
29.773181923371723,13,10.0,-10924
29.775413958000097,16,5.0,4095
29.776409045246158,15,1.0,-9817
29.776609148232357,15,11.0,-9998
29.777997041634787,5,13.0,0
29.778037500958625,15,4.0,-9561
29.77835092216375,13,2.0,-10991
29.77960431601959,5,4.0,0
29.78038491009983,5,2.0,0
29.78134514927192,15,3.0,-9976
29.782376038875654,16,2.0,4101
29.78344602444274,15,2.0,-9710
29.783776153405654,13,1.0,-10981
29.784729850732198,113,42.0,-10738
29.787080922194637,113,55.0,-10961
29.78739635926789,5,3.0,0
29.78802564923595,17,1.0,-4788
29.788070832191476,13,7.0,-10919
29.789343228042625,1,4.0,9024
29.789740569855205,17,1.0,-14
29.790067466220904,15,3.0,-9628
29.79059222975868,15,3.0,-9686
29.791036222907273,15,1.0,-9499
29.79178709678883,17,6.0,-6851
29.79447830168725,15,55.0,-9848
29.795026194116925,13,2.0,-10934
29.795809130283544,15,1.0,-9400
29.796169397824098,15,1.0,-9348
29.79746430687343,15,1.0,-9709
29.8001154068551,5,9.0,0
29.800712444848493,5,2.0,0
29.801259774586605,15,2.0,-9393
29.801908809735608,17,6.0,-7167
29.802607417028526,15,1.0,-9653
29.803137604070223,7,6.0,8990
29.803661402356084,15,1.0,-9921
29.803677079338875,15,3.0,-9559
29.804942728550255,13,4.0,-10837
29.80673238036536,15,2.0,-9403
29.809711929946715,113,35.0,-10783
29.812087506453025,15,3.0,-9548
29.812335877850902,15,2.0,-9623
29.812667823026175,15,4.0,-9694
29.813192337311712,13,13.0,-10748
29.813284352538258,10,33.0,9018
29.814136161935846,13,2.0,-10940
29.814201944200178,15,2.0,-9891
29.814732511439107,5,4.0,0
29.81541551957743,15,10.0,-9853
29.81601576299093,15,16.0,-9895
29.816425404373852,17,1.0,-6121
29.81700488652353,16,24.0,4328
29.817503736698647,15,24.0,-9465
29.817925242900223,15,1.0,-10110
29.819977110566235,13,1.0,-10875
29.820259384807446,15,1.0,-9621
29.820463286608977,10,4.0,9020
29.821483863199873,13,2.0,-10884
29.822287357581107,15,2.0,-10014
29.822314006557136,14,3.0,-11004
29.822377538312857,15,7.0,-9569
29.822549364504518,17,1.0,-7914
29.82333637069174,15,2.0,-9554
29.823542265774783,15,4.0,-9478
29.825231361868216,15,1.0,-9938
29.825257365104417,5,5.0,0
29.827486901557975,13,1.0,-10876
29.827502793380575,17,2.0,-6940
29.8282643727785,17,2.0,-7637
29.830456229986744,13,1.0,-10917
29.830494502646033,15,1.0,-9679
29.83218797324377,16,3.0,8782
29.83318774940318,15,1.0,-9766
29.835313427678763,17,1.0,-7538
29.835584570153365,5,6.0,0
29.836348521192818,15,1.0,-9888
29.83678273555607,15,1.0,-10094
29.836992176850668,17,5.0,-4799
29.839056526726207,15,4.0,-9328
29.83927115745752,13,1.0,-10797
29.841375948672393,15,11.0,-9915
29.84285262553908,13,2.0,-10761
29.843124615093274,5,5.0,0
29.844637426065088,15,1.0,-9627
29.845626932085924,15,1.0,-9366
29.847758013202778,15,23.0,-9418
29.847758884384127,15,5.0,-9439
29.848579270189685,15,2.0,-9733
29.851606119691393,4,2.0,9025
29.852329270732703,17,5.0,-4574
29.85235738388416,15,1.0,-9583
29.852678557291227,17,1.0,-7609
29.85324625338494,15,3.0,-10119
29.85596159172787,13,3.0,-10756
29.856075607462156,14,2.0,-10774
29.856492727596148,15,1.0,-9341
29.85735003050565,3,44.0,9026
29.859487385717735,17,1.0,-4100
29.8625373739741,17,11.0,-5346
29.86331029607209,8,4.0,8979
29.863491436948493,16,4.0,6307
29.863551186761608,15,5.0,-9363
29.863671249139138,15,3.0,-9520
29.86393077473716,15,4.0,-9616
29.864130071734873,15,1.0,-9382
29.86576396890949,13,5.0,-10899
29.865881968618755,15,2.0,-9680
29.866345726153263,16,2.0,4775
29.86653944153302,14,1.0,-10864
29.867511919197042,15,3.0,-9420
29.867654077844506,15,3.0,-10092
29.868660190235012,15,2.0,-9593
29.87010315676757,16,14.0,6988
29.87088163854262,13,1.0,-10751
29.871020317144215,15,4.0,-9553
29.87149430694539,15,14.0,-9620
29.87152519699699,14,2.0,-10810
29.872096286011676,17,1.0,-5035
29.872736376205115,10,5.0,9013
29.872934528132962,13,2.0,-10787
29.8739216657144,17,6.0,-7066
29.87408039260981,5,1.0,0
29.874707852925695,14,3.0,-10777
29.874776394793017,15,2.0,-9665
29.874776394793017,17,2.0,-9665
29.878551324463807,17,2.0,-8195
29.878788812332314,13,9.0,-10753
29.879239947173307,15,7.0,-9464
29.879462794057673,15,2.0,-9844
29.879920410249973,15,21.0,-9556
29.880558566524552,14,7.0,-10857
29.881276110955277,15,6.0,-9442
29.881649091495067,15,5.0,-9333
29.882173773795348,15,1.0,-9873
29.88221679905728,15,4.0,-9725
29.883066934599828,15,8.0,-9689
29.88321868587559,15,3.0,-9609
29.884212960401083,13,1.0,-10862
29.884979193408967,13,2.0,-10764
29.885372520222084,17,3.0,-6200
29.885433448745125,13,3.0,-10744
29.885475859066155,15,6.0,-9459
29.885493416356603,16,2.0,6010
29.88554632132964,16,9.0,7586
29.88619986651286,13,4.0,-10946
29.887877937227383,15,30.0,-9629
29.889881730919814,15,11.0,-9589
29.89292733892402,15,1.0,-9398
29.895056778670682,17,25.0,-3821
29.89657378901474,15,2.0,-9681
29.897347867456453,17,44.0,-7685
29.89889770793206,13,3.0,-10840
29.900458749587777,7,12.0,8996
29.90091554579052,15,1.0,-9448
29.90227270802563,15,6.0,-9943
29.903651871302753,15,4.0,-9636
29.904458193696417,14,4.0,-10759
29.90613443194713,15,7.0,-9365
29.906971630417388,15,2.0,-9462
29.90777704789953,16,6.0,7202
29.908905580475448,14,3.0,-10752
29.910482194512532,15,5.0,-9466
29.911063718166147,17,2.0,-8429
29.911848797820387,5,2.0,0
29.911863944613593,5,59.0,0
29.91252989152276,17,8.0,-8077
29.91378225636669,15,6.0,-9952
29.915113289300674,15,12.0,-9444
29.920191241234406,5,1.0,0
29.921940398644566,15,3.0,-9337
29.921940398644566,17,3.0,-9337
29.922512854867925,15,5.0,-9345
29.92283047978685,15,1.0,-9631
29.92362491812635,15,7.0,-9532
29.924336972818693,15,8.0,-9390
29.924501776673353,15,1.0,-9567
29.925932136648907,14,2.0,-10964
29.927289107577362,5,2.0,0
29.927684817397317,16,7.0,8805
29.927829214127858,15,2.0,-9537
29.928415306555657,15,1.0,-9367
29.928522864191137,10,12.0,9014
29.931870684484757,15,5.0,-9492
29.93195972102068,15,3.0,-9446
29.932231316087197,13,3.0,-11022
29.932870721211142,17,4.0,-8149
29.933799674341767,15,4.0,-9597
29.93414375174487,17,1.0,-8274
29.934214650300255,16,2.0,7689
29.935130181408205,14,2.0,-10897
29.93513480175448,15,5.0,-9983
29.936392010042862,17,4.0,-6065
29.936498246493063,16,3.0,5806
29.937578524155203,15,1.0,-10079
29.93775474925953,13,1.0,-10885
29.93847503591503,13,2.0,-10739
29.94122020057991,14,3.0,-10813
29.942649815228105,15,17.0,-10036
29.94374662901159,17,4.0,-7338
29.94448968825341,13,4.0,-11008
29.94668362482021,15,4.0,-10025
29.947427496149036,7,4.0,8971
29.949140446728272,17,4.0,-7874
29.949941392508553,6,29.0,9011
29.952252917774214,15,6.0,-9601
29.952681279379195,15,6.0,-9455
29.9531567847106,13,1.0,-10845
29.954237421256437,15,2.0,-9346
29.954300962997873,15,1.0,-10140
29.954391616767893,15,2.0,-9599
29.954744270345547,13,1.0,-10921
29.95498956186742,17,3.0,-6530
29.955041491759143,13,1.0,-10895
29.955782890959213,15,1.0,-9913
29.957820510515873,16,5.0,4786
29.957891520956398,15,5.0,-9580
29.958435467764982,14,2.0,-10928
29.960129810612614,15,2.0,-9503
29.962356665024323,17,24.0,-7839
29.96270203401067,10,55.0,9012
29.964159728587543,15,1.0,-9540
29.964563075595013,17,1.0,-2732
29.96477054142224,15,2.0,-9445
29.96477054142224,17,2.0,-9445
29.965396157908437,113,53.0,-10800
29.96926379926582,13,1.0,-10817
29.970650661231364,15,9.0,-9660
29.97182407892681,15,1.0,-10029
29.971975708248653,15,3.0,-9551
29.973164763667874,15,2.0,-10111
29.97345326344778,13,5.0,-10957
29.973983087754096,5,3.0,0
29.97440520964301,5,2.0,0
29.974623270748594,15,1.0,-9480
29.975152206397144,17,1.0,-6570
29.976485011049427,15,1.0,-9657
29.976645070883922,13,5.0,-10843
29.976867375184664,17,1.0,-7698
29.97781061680132,13,5.0,-10882
29.978022828162608,15,5.0,-9986
29.978396185848812,13,1.0,-10814
29.978868917390415,15,1.0,-9421
29.979164561074214,15,1.0,-9378
29.981167360271442,14,2.0,-10806
29.981607102184118,13,2.0,-10778
29.98248207983772,15,5.0,-9327
29.98279379356453,17,8.0,-4718
29.982959847171543,15,2.0,-9374
29.984820553742992,15,7.0,-9377
29.984927321138848,14,6.0,-10974
29.985760650122074,6,6.0,9023
29.9870045063868,17,3.0,-7282
29.98817932907618,13,11.0,-10980
29.9898731894472,13,1.0,-10923
29.990112319565682,15,9.0,-9590
29.990250875341427,15,2.0,-9576
29.991349696570314,15,5.0,-9416
29.99232472204432,15,9.0,-9610
29.99235304679605,16,5.0,4590
29.993228517046727,14,2.0,-10969
29.99390546787802,5,35.0,0
29.99415201215821,17,2.0,-8208
29.994872174365756,15,10.0,-9463
29.99636897400819,14,1.0,-10999
29.997518714089786,15,3.0,-10103
29.99979229929195,15,1.0,-9550
29.99994073730112,5,3.0,0
30.000830670203552,15,3.0,-9778
30.00186516948822,14,4.0,-11259
30.003290980897994,15,2.0,-10083
30.0034431297902,13,5.0,-11057
30.00405326280596,14,2.0,-11283
30.005086778088454,15,6.0,-9788
30.00573119029296,15,3.0,-10141
30.00813752589284,15,7.0,-10293
30.009603297637284,15,8.0,-9907
30.00984599344165,13,1.0,-11222
30.010031592534073,13,6.0,-11027
30.01067922075016,14,1.0,-11219
30.01073518655265,14,2.0,-11257
30.01118652587445,15,1.0,-10366
30.011484573078278,14,1.0,-11226
30.013549346088507,4,3.0,9027
30.01365941647049,15,2.0,-10176
30.013787063082404,13,2.0,-11150
30.01399063717023,5,4.0,0
30.014811991239196,13,2.0,-11093
30.015032405857063,15,1.0,-10387
30.015235803603947,15,1.0,-10173
30.017065890299754,5,6.0,0
30.017432250740278,15,2.0,-10268
30.01808937266077,17,1.0,-7980
30.018625933641594,5,2.0,0
30.018916682368836,15,1.0,-9978
30.018953995456734,13,2.0,-11113
30.01914896929733,15,7.0,-9935
30.019717442434946,16,24.0,5896
30.02040068425285,13,3.0,-11101
30.02137179609803,14,3.0,-11109
30.022139539057132,15,1.0,-9747
30.022801693059634,13,1.0,-11205
30.023434699874667,5,4.0,0
30.023980716722157,15,2.0,-9849
30.02407325379392,5,1.0,0
30.024169517500006,15,1.0,-10114
30.02460684091259,15,1.0,-10041
30.027606294648226,15,2.0,-10038
30.0287618951446,13,6.0,-11183
30.03062564265965,3,46.0,9028
30.030696698147764,17,8.0,-6302
30.031770457386763,13,1.0,-11160
30.03190721263763,15,1.0,-10343
30.03316774388272,17,1.0,-771
30.033217257618944,16,1.0,8104
30.033680442253495,13,2.0,-11212
30.033814254425515,13,4.0,-11184
30.034552500693568,17,1.0,-2519
30.035365044433192,5,12.0,0
30.03541666085295,14,1.0,-11227
30.035625270667122,16,49.0,4666
30.0362322727006,16,3.0,5653
30.03645522969395,14,6.0,-11138
30.036972693395718,16,1.0,4348
30.037766815754587,15,8.0,-9864
30.037808296556108,15,1.0,-10052
30.03830756910699,15,7.0,-10168
30.038521822478064,13,5.0,-11049
30.03914031512988,14,1.0,-11078
30.039725088258134,15,4.0,-9877
30.041114594367595,16,34.0,1434
30.042458051002836,5,1.0,0
30.04740585906826,15,20.0,-9858
30.048444939745995,5,4.0,0
30.04906540871712,15,1.0,-10156
30.052076837591752,13,3.0,-11230
30.05307175981636,5,1.0,0
30.054070273982333,15,2.0,-9764
30.054259141553846,15,4.0,-10342
30.054758988600845,13,4.0,-11085
30.05564393937969,13,1.0,-11308
30.056921506752513,15,5.0,-10010
30.057237683845734,15,5.0,-10026
30.057472010276836,5,4.0,0
30.059185623619765,17,3.0,-8384
30.059457486959325,14,2.0,-11039
30.060026364057002,14,4.0,-11070
30.060456465368276,15,5.0,-9857
30.061240306045296,15,2.0,-9850
30.061744138115923,15,6.0,-10122
30.065058860193243,14,2.0,-11263
30.065732643553645,5,3.0,0
30.067300531091156,5,2.0,0
30.068288505439238,16,8.0,8133
30.06896824607497,15,1.0,-10118
30.070787196927203,15,26.0,-10266
30.071824586195703,15,1.0,-10044
30.07193827729876,16,4.0,7120
30.072859898853803,14,1.0,-11118
30.072981689944015,14,7.0,-11209
30.07319200928906,15,2.0,-10276
30.074047949030863,11,6.0,8997
30.074529139964547,5,3.0,0
30.07504725116991,14,1.0,-11054
30.07566707134185,15,1.0,-9749
30.07596218486312,5,3.0,0
30.076903279609724,5,3.0,0
30.078977985923785,15,8.0,-10057
30.07934586602234,13,7.0,-11269
30.07936351412972,17,7.0,-6566
30.079905440418674,13,1.0,-11026
30.08353286651803,17,1.0,-2041
30.086122433090825,15,3.0,-10032
30.086959769577597,13,2.0,-11223
30.09166545614926,16,9.0,6971
30.093058778608743,5,1.0,0
30.09335972675906,16,11.0,8188
30.09343030604462,14,1.0,-11090
30.093545457994157,5,18.0,0
30.095993872822092,17,4.0,-2625
30.096698375889936,17,2.0,-9372
30.096734801142773,16,4.0,6789
30.097447301740928,14,4.0,-11265
30.098943440040227,13,1.0,-11159
30.099522534815616,13,2.0,-11106
30.100638468781387,5,10.0,0
30.10079451035745,15,4.0,-9781
30.100867065790343,17,1.0,-9137
30.101272954152066,14,9.0,-11267
30.104568006393695,1,1.0,9029
30.105782877664442,15,9.0,-9975
30.10748666727505,15,7.0,-9928
30.10756819618899,15,4.0,-9886
30.110207637324063,15,1.0,-10298
30.111043764444705,15,5.0,-9842
30.11108722838611,14,2.0,-11157
30.114394072172107,13,4.0,-11193
30.115079186458882,15,2.0,-10224
30.11627575196689,5,4.0,0
30.118601895983247,15,3.0,-10192
30.120430022770883,15,4.0,-9800
30.120555351158462,15,2.0,-10351
30.120742817986084,12,13.0,9021
30.120769944903603,15,6.0,-10066
30.120917715972492,15,2.0,-9835
30.120917715972492,17,2.0,-9835
30.1214677615416,17,4.0,-434
30.121840665694258,16,18.0,8791
30.12184630240181,13,2.0,-11304
30.12227148350399,5,2.0,0
30.12297475402313,15,1.0,-9929
30.123286191578437,14,1.0,-11225
30.123722622575354,13,3.0,-11172
30.12389926630744,17,1.0,-963
30.12419236126983,5,36.0,0
30.124431517555625,15,2.0,-9870
30.125014122162828,15,1.0,-9809
30.125344048501667,17,3.0,-3247
30.12701088939892,15,1.0,-10008
30.12824927405599,15,1.0,-10046
30.12824927405599,17,1.0,-10046
30.129008240554512,10,3.0,9009
30.129248671807897,13,2.0,-11107
30.130718712490236,16,2.0,6061
30.130980756996042,1,9.0,9030
30.131150993590445,11,6.0,8992
30.13133430268371,17,4.0,-2395
30.131867189835834,15,2.0,-9856
30.132148277673867,113,23.0,-11071
30.132563126405515,17,8.0,-7596
30.133071535151558,6,4.0,9002
30.13347957790276,15,1.0,-10359
30.134309497612346,14,3.0,-11048
30.138033633447545,15,3.0,-10169
30.138499471557115,15,1.0,-10404
30.139713313028775,13,2.0,-11234
30.139752836520675,5,2.0,0
30.14399325276193,15,2.0,-9924
30.146551628889448,15,2.0,-10116
30.146962724820614,15,2.0,-9934
30.1470633895064,13,5.0,-11198
30.147191341015315,15,2.0,-10398
30.150385000779693,15,4.0,-9863
30.151771264519596,5,10.0,0
30.15210215684837,13,1.0,-11186
30.15349135671387,13,3.0,-11056
30.153834330377357,13,1.0,-11130
30.154620179644677,5,2.0,0
30.15562460497201,17,3.0,-2447
30.15583092442567,15,1.0,-9912
30.15639299844356,15,3.0,-10405
30.157007055082506,5,1.0,0
30.15703080583175,15,1.0,-9819
30.157430834751384,13,1.0,-11041
30.158849302231992,15,5.0,-10344
30.1627239034007,5,2.0,0
30.163379441149672,15,3.0,-10274
30.16567317701925,15,11.0,-10290
30.16669625990203,17,7.0,-7271
30.16712225582389,13,3.0,-11272
30.16733589218574,13,4.0,-11273
30.16763503890863,15,1.0,-9810
30.16804570595537,5,5.0,0
30.168438437197914,16,7.0,6031
30.16997565582602,15,4.0,-10213
30.17052181893427,13,6.0,-11294
30.17174256727498,15,1.0,-10112
30.17427619327053,15,1.0,-10363
30.174539396148887,13,1.0,-11264
30.17588545859933,13,8.0,-11087
30.176597488554933,15,26.0,-9973
30.17680120290642,13,2.0,-11083
30.17885363450489,16,6.0,8481
30.179354929043278,17,3.0,-3543
30.179400556036754,5,2.0,0
30.179833856483913,9,13.0,9021
30.18085092787172,15,5.0,-9774
30.182432641547482,5,5.0,0
30.182632951235185,15,4.0,-9909
30.182811979624034,15,6.0,-10424
30.18295777356245,15,5.0,-10372
30.183123011419095,14,1.0,-11173
30.18541746083645,15,1.0,-10223
30.186468011864996,15,1.0,-9742
30.190117788678915,5,2.0,0
30.192465002937688,12,2.0,8967
30.192486811045278,5,1.0,0
30.193566838920333,15,3.0,-9784
30.197108269042587,16,5.0,2925
30.197177966793156,16,3.0,4707
30.19732472682587,15,2.0,-9992
30.19792980400749,14,1.0,-11028
30.198002407329934,13,1.0,-11252
30.19824080212435,15,4.0,-10059
30.19896441740905,15,2.0,-9881
30.199806558871288,17,1.0,-2469
30.201569966110885,15,1.0,-9933
30.206427766368904,15,2.0,-10431
30.207051409709592,17,6.0,-7267
30.20787094022766,15,2.0,-9820
30.207988063349095,5,1.0,0
30.208994128535185,13,2.0,-11055
30.209025179983797,15,1.0,-10252
30.209025179983797,17,1.0,-10252
30.209460913265602,13,2.0,-11314
30.210358351684253,14,2.0,-11258
30.215202762671858,15,7.0,-10108
30.217954158639184,15,1.0,-10349
30.21810403348666,17,20.0,-4066
30.21928960662555,15,1.0,-10247
30.21983136491341,15,6.0,-9974
30.220648853118547,13,1.0,-11053
30.220723031235774,13,2.0,-11154
30.22079883012922,13,1.0,-11168
30.221015222112232,5,1.0,0
30.22130373755999,15,15.0,-10270
30.22199131052942,15,1.0,-10142
30.22366817637787,13,1.0,-11121
30.22451020306528,5,47.0,0
30.226291920999994,13,1.0,-11166
30.22768176710826,15,1.0,-9744
30.227825361087415,15,1.0,-9866
30.2302957410077,15,43.0,-10324
30.23166542141066,15,2.0,-9740
30.232022230500572,15,5.0,-10391
30.233186877766126,7,3.0,8972
30.233502812006925,15,1.0,-9806
30.234007882093003,13,1.0,-11270
30.234743786216036,16,4.0,6057
30.23477390713881,15,1.0,-10090
30.23605275239997,15,1.0,-9795
30.237892465081064,13,2.0,-11105
30.238409606798506,15,3.0,-10425
30.239269730697202,3,9.0,9031
30.243538310943055,15,1.0,-9826
30.244688033249705,13,7.0,-11111
30.24604460863186,13,5.0,-11143
30.247379554864935,3,46.0,9032
30.24830566600872,14,3.0,-11292
30.25082991529063,10,41.0,9005
30.2511596788443,15,4.0,-10054
30.25261036152826,14,4.0,-11178
30.252637015598786,17,1.0,-1364
30.25280085610095,15,9.0,-9786
30.254104686410717,13,8.0,-11248
30.254476002673663,15,2.0,-9828
30.25601792475654,13,1.0,-11213
30.256767236002613,5,5.0,0
30.25778007733591,5,3.0,0
30.257970317427176,15,4.0,-10313
30.258544399676683,17,2.0,-3538
30.259132384893356,15,1.0,-10300
30.26116288431918,13,2.0,-11317
30.262033092724817,13,5.0,-11296
30.262497524810204,15,1.0,-9941
30.26322416506337,13,20.0,-11253
30.264403647153003,15,1.0,-9910
30.265846293994823,13,2.0,-11114
30.266643860502935,13,6.0,-11103
30.269602710724158,5,1.0,0
30.27056421492348,15,3.0,-9797
30.270894543390746,15,29.0,-10412
30.27191972861035,15,9.0,-9914
30.27266409312225,13,1.0,-11145
30.274179691316643,14,1.0,-11043
30.277258326355387,16,2.0,7412
30.277973207876812,16,59.0,1627
30.277981630554457,15,2.0,-10362
30.280542291238614,15,1.0,-10047
30.282602667784612,15,2.0,-10288
30.282852608861678,10,1.0,9007
30.28327415596977,13,16.0,-11224
30.28444280622952,5,1.0,0
30.285198489269554,13,1.0,-11286
30.285776434067813,5,3.0,0
30.285919929611037,14,5.0,-11117
30.286274443987775,17,2.0,-7204
30.28751607633083,9,3.0,8983
30.2875666254588,5,1.0,0
30.287578803538928,15,2.0,-10207
30.288160586367155,15,1.0,-9902
30.290258863990857,15,1.0,-10020
30.29293925438744,16,60.0,3260
30.29364368216224,113,51.0,-11165
30.29446663818899,13,1.0,-11100
30.294593007057543,13,2.0,-11031
30.295060541320268,15,1.0,-9991
30.295442206606104,15,1.0,-10100
30.295661537933913,5,3.0,0
30.297364885030756,16,11.0,3833
30.298098012038604,5,1.0,0
30.299701823529286,13,4.0,-11200
30.300930721003382,5,4.0,0
30.301092085931657,14,4.0,-11047
30.301337227119852,5,1.0,0
30.301883787596214,14,3.0,-11297
30.303352866443976,13,1.0,-11032
30.303442029115207,17,4.0,-4850
30.304932823109393,17,3.0,-6442
30.306364904757224,15,4.0,-10256
30.30717029925804,17,1.0,-1818
30.30719800451953,15,55.0,-9955
30.30822507530045,14,12.0,-11191
30.309395051557015,16,2.0,2186
30.309802143302264,14,13.0,-11034
30.310205752763327,4,5.0,9033
30.311469170538277,13,6.0,-11092
30.31501778331005,15,4.0,-9984
30.316536780224972,15,4.0,-9750
30.317023972346483,15,4.0,-10132
30.317985726077325,6,2.0,9017
30.318542636499856,15,8.0,-9762
30.3193264571321,13,2.0,-11240
30.31997156931887,15,3.0,-9769
30.320534019229786,15,4.0,-10428
30.32082919452626,5,5.0,0
30.322832129934337,13,4.0,-11229
30.32398060250149,15,5.0,-9808
30.32472863952452,15,2.0,-9972
30.32525041632035,16,4.0,312
30.32800298692962,5,5.0,0
30.329929705572095,10,7.0,9016
30.33006169434994,13,4.0,-11187
30.330208422280887,13,4.0,-11141
30.33048128037499,16,11.0,4735
30.33333462437428,5,1.0,0
30.333574931240197,5,2.0,0
30.333974905596154,15,3.0,-10181
30.335216836583854,13,21.0,-11124
30.33837230321606,15,3.0,-10379
30.338747240315197,17,4.0,-504
30.339771815689677,15,2.0,-10216
30.34079435936719,7,1.0,8994
30.3417322028437,17,2.0,-2539
30.342672830258188,5,6.0,0
30.343789863459538,15,1.0,-9777
30.3441260598254,15,5.0,-10135
30.345260487132478,13,9.0,-11194
30.34564199531742,17,22.0,-2545
30.347270802101498,13,1.0,-11211
30.348631350407192,13,1.0,-11277
30.34935615405634,14,3.0,-11284
30.350220657279053,15,5.0,-9799
30.350423528463313,16,8.0,8953
30.35070265813115,15,2.0,-9761
30.35231924374908,15,3.0,-10306
30.35389327898631,15,1.0,-9965
30.35493711947383,15,5.0,-9796
30.35521301984235,15,6.0,-9949
30.35521301984235,17,6.0,-9949
30.357236602705076,16,6.0,8720
30.357966307367793,5,4.0,0
30.358067090183997,15,2.0,-10396
30.358724652989668,16,2.0,4334
30.35879739471329,15,1.0,-9962
30.35920660524932,15,9.0,-9966
30.36102419511173,17,1.0,-5743
30.361590123628485,15,1.0,-9839
30.36181770538197,17,1.0,-9307
30.362911392759262,13,5.0,-11127
30.36365664698365,15,1.0,-9987
30.36567577672305,15,3.0,-9854
30.36628394401314,17,10.0,-8255
30.366374764490892,17,1.0,-7188
30.367123871991584,5,1.0,0
30.367128461892356,15,21.0,-10245
30.36731717322444,15,2.0,-10284
30.36756501152767,13,1.0,-11170
30.369041888209132,15,4.0,-10078
30.3699634990331,5,1.0,0
30.37005454272871,14,2.0,-11164
30.37161840198071,15,13.0,-10056
30.373728537390214,17,3.0,-8058
30.37401863341465,16,5.0,3125
30.374304551033724,17,1.0,-8071
30.374750304185902,5,5.0,0
30.37489201033707,15,1.0,-9911
30.37490843517207,17,1.0,-8724
30.375697798854098,5,6.0,0
30.37690597864752,15,4.0,-10000
30.379781333415615,16,11.0,3548
30.38140263614373,15,3.0,-10177
30.38197459488535,13,6.0,-11036
30.383031469393462,15,1.0,-9963
30.383073138431815,5,3.0,0
30.38332485785318,5,6.0,0
30.38466106785393,13,1.0,-11288
30.38485853756939,15,3.0,-10210
30.386408613118455,15,4.0,-9979
30.38718602515545,15,4.0,-10373
30.38718602515545,17,4.0,-10373
30.38808867647523,15,2.0,-9837
30.390102659606477,16,18.0,3616
30.391256521270975,15,3.0,-9980
30.391619680358513,15,2.0,-10330
30.396668527001033,13,1.0,-11303
30.39747827125249,13,1.0,-11104
30.398078592094652,15,1.0,-10337
30.398140215439973,17,1.0,-1734
30.398140469090325,15,1.0,-10214
30.398744929448704,15,5.0,-10076
30.402454511291072,17,13.0,-5647
30.40268059238408,14,2.0,-11298
30.40555039429865,5,2.0,0
30.405737919901984,13,1.0,-11231
30.40690898736989,15,7.0,-9779
30.407066950786458,5,1.0,0
30.407777604504215,15,2.0,-9882
30.409662909550104,16,1.0,8076
30.410001216996132,15,2.0,-9931
30.410280555384887,14,10.0,-11151
30.41142185103374,15,2.0,-10027
30.413684867310693,15,8.0,-10417
30.414630230976627,13,46.0,-11196
30.41496479319838,14,3.0,-11295
30.41533983920616,15,2.0,-9745
30.41690288954871,13,18.0,-11099
30.417914466906716,15,2.0,-10098
30.41856847877259,13,13.0,-11236
30.41991209748458,15,5.0,-10249
30.42188215079133,13,4.0,-11037
30.422942705834082,15,5.0,-10416
30.42372441883713,5,3.0,0
30.4256299464211,15,1.0,-10357
30.425785997309802,15,1.0,-10261
30.426467397799442,15,1.0,-9959
30.426687784283775,15,5.0,-10260
30.426721149329058,5,3.0,0
30.42749610526628,15,2.0,-10157
30.427906377396177,15,1.0,-9829
30.42915988502232,15,1.0,-9957
30.429974481124507,15,5.0,-10304
30.430058194641173,13,1.0,-11149
30.430543255374744,14,1.0,-11210
30.431784140815772,15,1.0,-10105
30.431921159071926,15,2.0,-10080
30.435743641435348,15,3.0,-10345
30.43582252365028,13,1.0,-11241
30.43606216044053,5,1.0,0
30.437237000669484,5,2.0,0
30.438790797787128,15,2.0,-10097
30.439477334525655,16,2.0,6882
30.440261164079278,13,1.0,-11080
30.44091729273942,15,25.0,-10125
30.44107956901199,15,2.0,-9752
30.442387893583685,15,1.0,-10137
30.4437913867944,14,3.0,-11261
30.443836203985676,17,8.0,-3021
30.445595101468896,13,1.0,-11208
30.447107603630602,15,2.0,-10081
30.44713527322049,17,1.0,-4646
30.449612193928964,15,2.0,-10095
30.453028392372794,15,1.0,-9906
30.45394520045658,15,2.0,-9851
30.454134314091654,14,4.0,-11068
30.454628533347567,13,2.0,-11059
30.454933067414927,13,1.0,-11077
30.4556750048589,15,2.0,-9918
30.455713577712764,15,1.0,-9798
30.457674629604206,15,1.0,-10244
30.45822636855699,15,2.0,-9855
30.459972669700136,13,1.0,-11319
30.46149544335716,13,3.0,-11061
30.463494659235643,5,1.0,0
30.46457845097878,15,2.0,-10087
30.464892785472593,13,3.0,-11088
30.467458137820728,13,1.0,-11221
30.46788258224387,15,1.0,-10115
30.469787344945434,15,1.0,-9823
30.471345765897134,13,2.0,-11161
30.47373707585322,10,46.0,9032
30.47397321672288,15,3.0,-10164
30.47442225400451,15,1.0,-10033
30.4744253056361,15,1.0,-10193
30.475608984663644,13,7.0,-11120
30.47561693733024,16,6.0,2487
30.476401825113566,15,2.0,-10126
30.47749364691595,15,7.0,-10005
30.47779075194318,15,3.0,-10255
30.47779075194318,17,3.0,-10255
30.478147040203538,15,1.0,-9790
30.48128948563246,15,6.0,-9950
30.481681590860546,13,1.0,-11052
30.48315174722687,17,7.0,-2590
30.48540809333877,12,5.0,9013
30.485906873270068,15,2.0,-10159
30.48599023178386,15,1.0,-9804
30.486418430144248,13,1.0,-11181
30.486470423863366,13,3.0,-11102
30.486783092491237,16,1.0,4269
30.48706764756941,5,2.0,0
30.48802406441359,15,3.0,-9971
30.488515099458883,15,6.0,-10401
30.488918702736413,13,5.0,-11139
30.489550938369433,5,3.0,0
30.49044413370236,17,2.0,-3928
30.490807141341023,15,1.0,-9880
30.491970633703342,16,6.0,3140
30.49254919288926,16,4.0,6931
30.49340768256965,15,1.0,-10331
30.49340768256965,17,1.0,-10331
30.493758183450947,17,1.0,-6542
30.494603400696725,15,4.0,-9814
30.495465533667637,15,3.0,-10153
30.49743006271755,15,1.0,-10012
30.499855313739182,17,2.0,-5135
30.50026329649514,16,2.0,6916
30.50122355319068,17,1.0,-2660
30.502434016351486,16,41.0,7742
30.50372293498237,17,15.0,-7651
30.503831887908895,13,1.0,-11147
30.504861468941744,15,1.0,-10185
30.505332029691527,15,1.0,-10143
30.506031575306,17,1.0,-6432
30.506898138589804,5,4.0,0
30.507067044101024,13,1.0,-11064
30.507320300203023,15,5.0,-9755
30.50745636362598,3,57.0,9034
30.510138888745242,13,1.0,-11271
30.510989199566783,15,2.0,-9780
30.512135120931905,16,3.0,6974
30.51319165146788,16,3.0,4105
30.514124783848985,13,1.0,-11216
30.5142285647605,14,2.0,-11289
30.514956093853296,15,2.0,-10208
30.515080917611385,15,5.0,-9885
30.51667603103758,16,54.0,650
30.51759047467467,16,1.0,8788
30.517828815923977,15,4.0,-9879
30.51855968132405,17,2.0,-7055
30.521754534325392,6,9.0,9030
30.521858048075742,15,4.0,-10369
30.522110320046277,14,3.0,-11307
30.522283092997615,15,2.0,-9787
30.523109318057845,17,15.0,-3988
30.523358610021297,14,1.0,-11073
30.524377971536843,17,1.0,-6827
30.526895519067757,5,7.0,0
30.527166680675148,15,1.0,-10055
30.52879494127389,13,3.0,-11079
30.529313947796272,13,1.0,-11119
30.53041916314019,17,2.0,-6151
30.533788852229872,17,24.0,-6386
30.533851895309738,15,1.0,-10150
30.53456657548011,113,34.0,-11207
30.535272434327283,14,4.0,-11309
30.535815660427033,15,3.0,-10130
30.536128182647968,14,1.0,-11251
30.536624044858023,16,9.0,7124
30.536751280858134,17,2.0,-5299
30.537292801307874,15,5.0,-10158
30.537292801307874,17,5.0,-10158
30.53840653997712,15,5.0,-10034
30.539391422650194,16,6.0,3485
30.53963517988219,13,1.0,-11268
30.54154007610845,15,7.0,-10435
30.54206502940687,15,8.0,-10414
30.542196776124584,15,1.0,-9743
30.542807169511246,15,22.0,-9833
30.5430503933013,14,5.0,-11176
30.545575689354546,15,2.0,-10149
30.545584471998858,15,1.0,-10295
30.545940009935876,10,3.0,9022
30.54774741915997,5,9.0,0
30.550245527906057,16,6.0,8124
30.55149316873932,15,5.0,-9734
30.551597769407543,15,9.0,-10403
30.554651038864993,17,2.0,-3102
30.555810062593096,12,7.0,9016
30.555834592883787,13,4.0,-11075
30.556275461916,3,59.0,9035
30.557324440585873,17,1.0,-7581
30.559499112563017,13,7.0,-11255
30.559988112221365,15,2.0,-9887
30.562227948703075,17,2.0,-2341
30.562513377656646,15,7.0,-9985
30.562802498247144,15,5.0,-10091
30.56283444823258,15,2.0,-10212
30.564754542082568,15,1.0,-10409
30.565218643999035,14,1.0,-11214
30.566480292755372,17,3.0,-2735
30.566561143750846,13,3.0,-11282
30.567167684982216,5,1.0,0
30.568245056553195,17,1.0,-3712
30.569599691648246,15,2.0,-9754
30.569639361326107,13,1.0,-11094
30.570592337776013,13,9.0,-11115
30.57125322798929,13,6.0,-11084
30.573651108931788,13,1.0,-11239
30.57370281205537,16,3.0,5904
30.573827264787788,15,36.0,-10215
30.574580909231578,5,1.0,0
30.575039743007203,13,16.0,-11293
30.575247592527084,16,53.0,2478
30.57584315566787,11,6.0,8998
30.576129414171135,15,2.0,-9847
30.57639190796543,17,2.0,-3987
30.577461942451272,13,1.0,-11152
30.57756580177046,17,2.0,-1118
30.57771385023604,15,3.0,-9767
30.57867658117926,15,2.0,-10147
30.579379246607896,17,1.0,-6422
30.580084062964254,14,5.0,-11155
30.58020235650104,15,1.0,-10376
30.580817959949435,13,3.0,-11201
30.580841048930083,13,2.0,-11203
30.58169704867977,5,10.0,0
30.58206016388938,15,1.0,-10063
30.582314791032715,17,3.0,-3051
30.582739284732252,17,5.0,-4754
30.5834255769759,14,2.0,-11163
30.585618602709076,15,2.0,-10069
30.58630103206668,5,10.0,0
30.5883069252777,14,1.0,-11058
30.588823514350032,16,2.0,4276
30.59014051590347,15,2.0,-9852
30.590556649652648,15,2.0,-10071
30.590892552306062,15,8.0,-10136
30.591085854044447,15,2.0,-10188
30.591642419878532,17,5.0,-9235
30.591920956830997,17,14.0,-6734
30.59739494993647,15,1.0,-10394
30.59940299293722,15,4.0,-9822
30.600555113918354,14,7.0,-11192
30.600625679087855,3,26.0,9036
30.60454752589035,5,2.0,0
30.605019461925043,15,4.0,-9903
30.607826241397163,17,2.0,-7665
30.60833810214146,17,4.0,-9472
30.609662517951346,15,2.0,-9926
30.61026721359692,15,2.0,-9792
30.615129227918594,13,1.0,-11132
30.616604554040396,13,2.0,-11116
30.61685932746333,17,1.0,-7610
30.61768955676215,17,3.0,-4182
30.618618772416525,15,1.0,-9939
30.620757674420773,15,1.0,-9894
30.620771655859375,17,1.0,-7389
30.621345373265758,15,7.0,-10301
30.622039285951182,15,3.0,-10389
30.623389216675207,15,12.0,-10183
30.624058655543653,15,3.0,-10333
30.625422733495736,14,7.0,-11237
30.62648535562994,15,2.0,-9812
30.628427580801763,13,4.0,-11278
30.628557778211274,13,1.0,-11180
30.62916482321934,13,2.0,-11066
30.63047843764122,15,5.0,-9969
30.63261144963529,16,6.0,6716
30.632883719859652,15,1.0,-10175
30.63294178925604,15,3.0,-10348
30.633039056138298,15,1.0,-10190
30.63360995750242,13,2.0,-11179
30.636382905936742,14,3.0,-11142
30.636597291542348,5,1.0,0
30.63720798165162,15,2.0,-10170
30.637858856605536,16,45.0,1637
30.638758398910976,13,2.0,-11042
30.639963254090958,15,4.0,-10042
30.640423489392614,14,5.0,-11279
30.64185410597684,14,21.0,-11169
30.643102039794766,15,2.0,-9884
30.643116146201965,1,1.0,9037
30.643552015027765,15,2.0,-10329
30.643552015027765,17,2.0,-10329
30.64434007236444,5,4.0,0
30.644376217717948,15,1.0,-10199
30.6449409279891,13,1.0,-11146
30.64522035199595,13,1.0,-11133
30.645709878683565,13,3.0,-11097
30.646803554976582,1,2.0,9038
30.647567109150195,15,1.0,-10048
30.647630059539996,9,4.0,8979
30.64856928286699,15,1.0,-10262
30.649468517117423,15,5.0,-10058
30.649706226588354,5,1.0,0
30.651689950545737,15,1.0,-10421
30.65329586109203,5,3.0,0
30.65437619189959,5,5.0,0
30.655765969578717,15,4.0,-9904
30.65631513278702,15,3.0,-9936
30.656597100216075,16,6.0,6425
30.65667593734335,13,1.0,-11182
30.657049247668844,16,47.0,588
30.6581810482647,13,2.0,-11136
30.659835389424558,113,27.0,-11262
30.660432966812365,15,3.0,-9960
30.660823024341347,15,1.0,-10400
30.662525004923054,15,2.0,-9923
30.662651030295912,17,1.0,-1644
30.664964289968562,15,1.0,-9772
30.665569612864726,15,1.0,-9892
30.666537456899974,17,16.0,-8828
30.668100191122235,15,1.0,-9875
30.670196971526778,15,3.0,-10060
30.670427201097798,5,6.0,0
30.672026061282008,5,1.0,0
30.672201155459902,13,1.0,-11290
30.672482213868072,17,2.0,-7012
30.673620016251377,16,24.0,2836
30.676453428592435,13,1.0,-11247
30.67659976191762,15,1.0,-10259
30.677162547099652,13,8.0,-11206
30.67755436354874,5,1.0,0
30.678243016918223,16,7.0,2540
30.678726379674156,15,1.0,-10360
30.679124602189038,15,5.0,-10413
30.679496466699135,5,1.0,0
30.679892585497043,16,34.0,1998
30.68316293908924,15,4.0,-10399
30.683388336330335,13,2.0,-11276
30.683429888162866,6,2.0,9038
30.684784414999193,5,2.0,0
30.68486991962044,15,3.0,-10374
30.68738964892222,5,4.0,0
30.6880645396327,17,1.0,-5374
30.68967613987298,13,7.0,-11185
30.689719658421467,17,2.0,-411
30.68982813545491,15,1.0,-10393
30.691112180540713,15,1.0,-10248
30.695305537778683,5,5.0,0
30.696019836263016,15,9.0,-10133
30.697465305570887,17,2.0,-4543
30.70055391576614,1,2.0,9039
30.701460500911637,13,2.0,-11162
30.701744157323585,14,25.0,-11153
30.70191675948493,15,3.0,-10437
30.7036364905543,17,1.0,-8419
30.70387369947839,15,2.0,-10271
30.703974037339012,13,1.0,-11280
30.705003482573975,15,1.0,-10101
30.70693654632209,15,1.0,-10385
30.70742650972802,13,8.0,-11287
30.70755962209745,13,2.0,-11082
30.707628109987454,113,49.0,-11131
30.707960819117012,15,3.0,-10107
30.708133638950358,15,1.0,-9757
30.708184037525797,15,1.0,-10225
30.708583628226346,15,2.0,-10003
30.708583628226346,17,2.0,-10003
30.71122224563449,5,1.0,0
30.71168574406381,13,1.0,-11174
30.712012296071762,13,1.0,-11242
30.71276128734015,15,1.0,-9865
30.71337329760012,15,2.0,-9735
30.71528309686462,14,1.0,-11144
30.717431118252886,15,1.0,-9874
30.71857037918913,5,2.0,0
30.71880657957128,5,4.0,0
30.71912676031251,15,1.0,-9896
30.72007781227001,15,2.0,-10354
30.7202359092836,15,2.0,-9982
30.721008961958397,13,1.0,-11167
30.72369288111891,17,2.0,-7822
30.724293441127102,5,1.0,0
30.725490458104183,15,1.0,-10096
30.725547757400477,14,2.0,-11050
30.72557306199819,15,10.0,-9967
30.726137851191965,5,1.0,0
30.72812568971648,15,1.0,-10166
30.730458138219415,14,2.0,-11228
30.731968581393215,1,1.0,9040
30.733725359423904,17,2.0,-7321
30.7364757072887,1,4.0,9041
30.737141197375458,15,3.0,-10017
30.73839644294264,13,2.0,-11238
30.73909776495029,13,1.0,-11244
30.739327780556387,13,5.0,-11190
30.7393936538492,15,1.0,-9794
30.73965290888451,15,2.0,-10358
30.74063158734493,13,2.0,-11313
30.74152215184483,13,6.0,-11254
30.741715111851335,14,2.0,-11316
30.74352127896185,15,3.0,-9801
30.744536615591628,17,2.0,-8487
30.744640431960367,13,9.0,-11158
30.744930161576626,15,2.0,-10117
30.748619021661156,15,7.0,-10432
30.74998988060336,17,14.0,-10127
30.75041369536542,5,4.0,0
30.750430931398576,6,1.0,9029
30.750787991597658,13,2.0,-11128
30.751385215870997,5,4.0,0
30.751743577547515,1,5.0,9042
30.75416577087754,5,3.0,0
30.755290943767957,14,1.0,-11281
30.755970473134635,113,23.0,-11311
30.756238721648014,5,2.0,0
30.761619633762457,5,1.0,0
30.761679035694108,13,2.0,-11189
30.762901690409382,5,3.0,0
30.763375484020575,15,2.0,-9999
30.76439968264947,5,4.0,0
30.76447453878003,5,3.0,0
30.764726298333485,15,4.0,-10093
30.76636447366185,3,43.0,9043
30.766525456096335,15,1.0,-9739
30.766525456096335,17,1.0,-9739
30.76674594074591,17,1.0,-9719
30.7673553706506,15,1.0,-9942
30.771459683997602,15,1.0,-10065
30.771943876573474,15,3.0,-9775
30.77307269085475,5,2.0,0
30.77341990897974,15,1.0,-9867
30.774168989796998,5,8.0,0
30.775536348281506,15,3.0,-9878
30.776520533144144,17,3.0,-4465
30.78016796961181,15,3.0,-10305
30.780181189052705,15,2.0,-10023
30.780588248922292,13,1.0,-11060
30.781241779309685,13,1.0,-11177
30.781355466601774,13,3.0,-11122
30.78274725246023,15,2.0,-10030
30.783693791246964,14,4.0,-11197
30.784907932957047,15,4.0,-10049
30.78628768050539,15,18.0,-9899
30.78730291452055,15,3.0,-9737
30.787398584527715,15,4.0,-9753
30.78751250377619,14,7.0,-11029
30.787957832926445,15,1.0,-10194
30.788172763537943,17,4.0,-5516
30.789167077622174,14,1.0,-11312
30.790556967823893,13,2.0,-11232
30.79077681546036,17,1.0,-6299
30.792649366610597,15,1.0,-10138
30.795046019689337,14,3.0,-11305
30.795076889500553,15,2.0,-10254
30.797690482739473,13,8.0,-11256
30.79808614009702,1,4.0,9044
30.798186132040485,17,3.0,-6111
30.798588056776133,5,3.0,0
30.79864752930944,13,7.0,-11065
30.798819212268356,16,5.0,4602
30.79920241513122,17,1.0,-6909
30.79945531757812,17,5.0,-6019
30.80141494682621,13,6.0,-11310
30.801993756784317,17,5.0,-6102
30.802014651179775,15,9.0,-9746
30.80215997305691,5,1.0,0
30.802734014100007,15,5.0,-9889
30.802816256693443,13,1.0,-11045
30.803490390978062,5,2.0,0
30.804256172079434,5,3.0,0
30.80455772539801,14,4.0,-11245
30.80563798921003,15,3.0,-9768
30.80686419200836,15,6.0,-10099
30.806923231819706,15,2.0,-9832
30.808127979917394,5,1.0,0
30.808156584782278,15,1.0,-10312
30.810005803576654,15,5.0,-10308
30.810735799069874,15,2.0,-10323
30.811644479271663,13,1.0,-11156
30.811663788538528,15,5.0,-9989
30.81244259905749,15,1.0,-10427
30.812871032763926,15,5.0,-10361
30.81485802110588,15,1.0,-10314
30.81541551957743,17,10.0,-9853
30.816005178427243,15,2.0,-10386
30.816600654863525,16,1.0,5224
30.818147337511693,15,1.0,-9771
30.81903245296876,5,31.0,0
30.819846409731497,16,45.0,832
30.81984673379248,15,5.0,-10230
30.81984673379248,17,5.0,-10230
30.819938006934397,15,20.0,-10001
30.8203721367404,15,8.0,-10378
30.82184234970044,13,2.0,-11199
30.822843309465217,17,1.0,-6697
30.823120877661314,13,2.0,-11040
30.823387964692635,13,2.0,-11285
30.823612921407967,7,1.0,9019
30.823901860408604,16,4.0,6990
30.826728942034908,5,5.0,0
30.830621894809777,5,3.0,0
30.831135681697347,16,13.0,1985
30.831568593379934,15,2.0,-9964
30.831786569555437,13,1.0,-11067
30.831899319439795,15,1.0,-10402
30.83344723235396,15,2.0,-9776
30.833526201409597,15,3.0,-10123
30.83558110866021,14,4.0,-11140
30.837895569419896,15,4.0,-9765
30.839426018944053,14,2.0,-11274
30.840051193662994,13,2.0,-11215
30.840999012386707,13,11.0,-11035
30.84136895916015,15,9.0,-10347
30.841379719567303,15,5.0,-9968
30.84168305669155,15,1.0,-9815
30.84169061116455,14,2.0,-11302
30.843049408077235,13,41.0,-11233
30.843724884459682,14,2.0,-11291
30.845842076423953,13,1.0,-11306
30.84713633622259,13,2.0,-11246
30.847244118415148,14,1.0,-11202
30.847633488970864,15,1.0,-10228
30.84807370952885,17,3.0,-5938
30.849459752241252,17,11.0,-4077
30.84964016520537,5,1.0,0
30.849666230367298,14,5.0,-11134
30.849784908422468,14,3.0,-11095
30.850629769991418,14,2.0,-11135
30.85074436663375,9,4.0,8908
30.850933479128248,13,1.0,-11175
30.8514322262501,6,4.0,9024
30.852727596645426,7,3.0,8991
30.85310795730451,15,3.0,-9836
30.853922744481757,13,3.0,-11096
30.85491790488508,5,2.0,0
30.855949529502343,15,3.0,-9940
30.856281981341848,14,2.0,-11038
30.85662359283741,15,3.0,-9756
30.857355343213523,15,1.0,-10384
30.857480933605093,15,1.0,-9956
30.857711964244878,15,4.0,-10009
30.858012447759414,5,1.0,0
30.86036198112681,15,5.0,-10106
30.860441708871136,15,1.0,-9922
30.860649476933673,13,2.0,-11220
30.86076794654456,15,1.0,-10272
30.861441869435527,5,3.0,0
30.86192923274907,13,2.0,-11300
30.86209567331071,17,3.0,-6875
30.864457547809288,17,5.0,-4767
30.864812691507552,16,2.0,611
30.86503617355939,17,1.0,-4851
30.865274660282545,14,1.0,-11148
30.867127567418315,14,5.0,-11243
30.867439495891034,17,2.0,-6063
30.867683748860713,5,2.0,0
30.87026809982574,17,3.0,-6579
30.870514471732992,17,3.0,-5965
30.870601371736193,13,1.0,-11195
30.871223937126693,17,6.0,-6788
30.87153991492609,15,11.0,-10319
30.87177700720339,15,2.0,-9925
30.87197233119211,17,3.0,-7213
30.872876250527238,13,5.0,-11275
30.87291254172525,14,10.0,-11126
30.876353383421826,10,3.0,9027
30.876926443670573,13,2.0,-11030
30.87800755292871,17,2.0,-4128
30.878073537703038,15,1.0,-10064
30.879083146935397,15,1.0,-10302
30.88121380509893,15,1.0,-9738
30.881436700144594,13,16.0,-11266
30.882439542560864,13,1.0,-11089
30.886960598876556,15,2.0,-9807
30.88881945463,15,5.0,-10232
30.888825970612107,15,2.0,-10251
30.88883367810349,17,2.0,-1983
30.8893488184624,14,1.0,-11137
30.89035495121565,5,6.0,0
30.891163685092568,15,1.0,-10325
30.89173244049264,13,2.0,-11098
30.89204233327228,15,1.0,-10172
30.894125540439738,15,1.0,-9997
30.894270171826864,17,8.0,-8247
30.898775420338122,15,1.0,-10420
30.901288747876066,16,1.0,8866
30.901319503858957,11,5.0,9004
30.902583985179184,13,3.0,-11076
30.903785972849985,15,5.0,-10082
30.904295761875787,15,3.0,-9783
30.904806132049714,13,1.0,-11171
30.905587901427694,13,6.0,-11299
30.907994917131646,14,2.0,-11074
30.90934898592868,5,16.0,0
30.91061033617144,17,3.0,-3285
30.91112162991856,17,2.0,-7554
30.91156886391834,15,4.0,-10289
30.91162553813273,5,2.0,0
30.911932635625238,15,2.0,-9843
30.91306256924443,13,1.0,-11260
30.913751022354887,15,6.0,-10353
30.914517275024373,15,1.0,-10039
30.9147114348757,5,20.0,0
30.916690807961807,15,1.0,-10070
30.918312135630934,17,3.0,-8253
30.92037467095176,14,2.0,-11062
30.922933937363933,5,2.0,0
30.923005325488713,15,1.0,-9951
30.923189528444183,15,5.0,-9901
30.923316319108444,17,2.0,-7396
30.923742089329274,15,3.0,-10211
30.923922488219542,13,2.0,-11235
30.92477276764625,15,2.0,-9916
30.925025569359466,5,4.0,0
30.925405853500646,5,5.0,0
30.92559446060561,14,1.0,-11069
30.926366260677568,15,3.0,-10104
30.927066318741588,5,7.0,0
30.928453064431256,17,2.0,-7574
30.928829936979287,15,2.0,-10088
30.929171658109833,17,4.0,-8834
30.929205496105045,15,1.0,-10273
30.929645909912892,17,4.0,-8435
30.93056506491794,5,3.0,0
30.930981067332812,15,2.0,-10145
30.932672467143643,15,6.0,-9945
30.934061463995327,17,2.0,-6107
30.934666132731667,14,1.0,-11044
30.934731976738036,15,12.0,-10024
30.935204458566226,14,16.0,-11046
30.935366109570037,15,13.0,-9838
30.936099432595046,14,3.0,-11063
30.936221934212178,13,3.0,-11112
30.936543474379384,5,9.0,0
30.937930029421988,13,1.0,-11315
30.938185066966977,14,4.0,-11125
30.93905402263048,13,1.0,-11086
30.939329176403998,5,1.0,0
30.939522342991705,17,1.0,-8127
30.940183281274045,15,3.0,-10419
30.940559247615642,13,1.0,-11218
30.941698697253564,17,3.0,-4665
30.941961182349683,14,2.0,-11081
30.942711635296547,5,6.0,0
30.944997846083965,15,1.0,-10154
30.945617368255544,14,1.0,-11188
30.946478146813803,15,5.0,-9988
30.94733029768816,5,3.0,0
30.94734782270286,16,8.0,1373
30.947444629664258,15,17.0,-10269
30.947458721808413,15,15.0,-10426
30.949414931724736,15,6.0,-10277
30.949619495478437,15,1.0,-9970
30.950637502896907,15,18.0,-10022
30.950649983390225,15,3.0,-10233
30.950950382642144,5,1.0,0
30.952278841153557,13,2.0,-11033
30.95573352736143,16,49.0,417
30.958604635476096,17,3.0,-8179
30.959168666812896,15,5.0,-10189
30.959191056746818,17,1.0,-5163
30.959625510264992,5,1.0,0
30.960119965048367,16,22.0,768
30.962002484002554,13,1.0,-11217
30.962332498008,16,8.0,6670
30.96335311997013,5,1.0,0
30.96348857082766,14,1.0,-11301
30.963754296255974,15,2.0,-10162
30.967305212091183,13,1.0,-11072
30.967313896213522,15,5.0,-9947
30.967965713125327,17,16.0,-6877
30.96844929125526,13,8.0,-11250
30.969332309619,14,4.0,-11129
30.969873448790416,9,2.0,8967
30.970141523605214,15,2.0,-10062
30.970315495466387,17,2.0,-5926
30.97036036753413,15,1.0,-10231
30.971892494697393,13,3.0,-11204
30.972373199849525,113,14.0,-11051
30.972563656926045,15,8.0,-10367
30.97303021642721,15,2.0,-9811
30.973398482727916,15,1.0,-9944
30.974452713822235,5,1.0,0
30.976253174014637,7,1.0,9008
30.978372257754692,17,1.0,-8301
30.981118008626545,15,4.0,-10250
30.98175609947031,15,1.0,-10335
30.982176767523,15,8.0,-9845
30.983079007184827,15,1.0,-10043
30.98319372533575,15,14.0,-9908
30.983261110720235,15,3.0,-10120
30.984677990997554,5,7.0,0
30.985192832651848,17,16.0,-7881
30.98676863094508,5,3.0,0
30.986867402986505,15,1.0,-10179
30.986991415754584,5,7.0,0
30.987490070217955,5,1.0,0
30.987553057550564,13,3.0,-11123
30.987849336694687,16,3.0,7824
30.988091786430243,15,1.0,-10341
30.988785835035856,15,4.0,-10423
30.98893453671417,17,1.0,-6792
30.989894673749067,15,2.0,-9872
30.990643351917914,5,18.0,0
30.990817364716403,13,2.0,-11110
30.99174161118404,15,1.0,-10318
30.99178176750115,15,3.0,-9802
30.991971722181393,14,1.0,-11318
30.99301683591248,13,2.0,-11108
30.993542443718088,15,2.0,-10326
30.995534547262704,14,6.0,-11249
30.995624881282385,14,11.0,-11091
30.995842939001303,17,1.0,-6975
30.99640251929663,15,2.0,-9946
30.99723504571368,15,7.0,-10035
30.999388345218332,15,1.0,-10205
30.99988279376175,7,4.0,8970
31.000052045787715,15,2.0,-10178
31.000732010781086,5,7.0,0
31.002088952613175,5,6.0,0
31.00524675168016,13,1.0,-11392
31.005446803509,15,2.0,-10706
31.006154625354128,15,1.0,-10283
31.00686809834053,15,5.0,-10521
31.008038053479865,5,1.0,0
31.008708730473554,5,2.0,0
31.009704475418555,15,1.0,-10278
31.010630917023924,14,3.0,-11348
31.015434068752143,5,1.0,0
31.01586163796926,15,7.0,-10511
31.01598874995988,13,9.0,-11432
31.01792383735754,15,8.0,-10553
31.018479756667556,15,5.0,-10677
31.01851191800035,5,5.0,0
31.018591959010305,13,3.0,-11331
31.02092012030889,16,4.0,8487
31.022716808508353,13,6.0,-11370
31.02323275077487,5,2.0,0
31.025536208428072,17,1.0,-8415
31.027937751517907,15,1.0,-10672
31.030917534103367,13,2.0,-11418
31.03124750568618,14,2.0,-11410
31.03199189789534,5,5.0,0
31.03414346025181,15,4.0,-10370
31.034250938929304,15,3.0,-10544
31.03498881916915,14,3.0,-11441
31.035707711433574,6,4.0,9044
31.039422950803182,6,1.0,9040
31.03952454553271,11,9.0,9010
31.04073623482547,15,15.0,-10316
31.04250962821439,15,2.0,-10292
31.042893959868763,13,1.0,-11409
31.044069277785482,16,7.0,8766
31.047607984355373,15,1.0,-10436
31.050468477188733,17,1.0,-5801
31.051255700645576,15,1.0,-10442
31.055114245786708,13,1.0,-11394
31.055628732171854,14,1.0,-11378
31.058245750172095,16,38.0,2639
31.058600015688693,15,11.0,-10600
31.061340650985215,16,9.0,3673
31.061624803222735,5,2.0,0
31.062831737799186,5,1.0,0
31.06294688526823,15,2.0,-10479
31.06367505859133,15,3.0,-10602
31.06367505859133,17,3.0,-10602
31.067382804179573,17,3.0,-9060
31.06855138090769,15,4.0,-10547
31.071020870095886,15,4.0,-10202
31.071997512261895,17,5.0,-7259
31.07374932036339,14,4.0,-11397
31.075220788645847,15,1.0,-10468
31.076640499075772,5,1.0,0
31.077535513997923,15,1.0,-10579
31.078195934203833,11,3.0,9009
31.07863431233771,15,5.0,-10653
31.079749939162205,15,1.0,-10186
31.080312335706232,17,1.0,-8013
31.08093117821812,16,1.0,3718
31.082023553659962,15,3.0,-10197
31.082524265196824,15,3.0,-10253
31.083011381793884,13,2.0,-11411
31.08344091474386,15,2.0,-10310
31.084832677497893,15,3.0,-10645
31.085626778366873,1,3.0,9045
31.086860790411354,13,7.0,-11350
31.08692334347149,13,5.0,-11404
31.089265581666705,5,3.0,0
31.089376041128745,5,1.0,0
31.089673139074694,13,1.0,-11422
31.09085097182683,5,2.0,0
31.093704422113166,14,1.0,-11454
31.096171207084232,11,6.0,9000
31.096634463415533,15,1.0,-10267
31.10023028300943,15,2.0,-10700
31.100450717517152,14,2.0,-11423
31.1019965808526,16,3.0,5113
31.102575323639826,5,1.0,0
31.105259572926546,13,2.0,-11417
31.105266259345793,5,5.0,0
31.105278923079624,15,2.0,-10515
31.107016976652357,5,19.0,0
31.10893446499272,9,2.0,8958
31.109152486514763,14,3.0,-11365
31.113024555597796,13,3.0,-11431
31.11365719779288,15,2.0,-10311
31.114162579439434,5,4.0,0
31.115073588167196,17,1.0,-9712
31.115110555946583,17,1.0,-6018
31.11549268919562,5,2.0,0
31.115530833768155,15,2.0,-10281
31.115568470353768,15,20.0,-10286
31.115734182999432,15,1.0,-10664
31.11725362504487,15,6.0,-10243
31.117864337995826,15,2.0,-10440
31.117983144735543,5,1.0,0
31.11836616276691,15,1.0,-10198
31.121544329410096,113,17.0,-11347
31.123560964223383,16,18.0,8931
31.124155285965003,15,8.0,-10530
31.12535405468279,113,54.0,-11449
31.12692045764068,17,1.0,-1639
31.127358160920537,5,14.0,0
31.128182546685238,15,4.0,-10520
31.130948071707056,13,4.0,-11426
31.132130813643187,15,6.0,-10695
31.132130813643187,17,6.0,-10695
31.132215459343243,15,1.0,-10340
31.133856887673115,5,1.0,0
31.134228120157335,15,1.0,-10642
31.135195899424254,5,1.0,0
31.13559759325062,13,9.0,-11344
31.135934235679827,15,1.0,-10390
31.13679129827184,17,4.0,-7575
31.137035594397787,13,1.0,-11334
31.137291913435273,15,4.0,-10658
31.139201886849744,13,1.0,-11388
31.141041776654028,13,1.0,-11407
31.142248045215634,13,1.0,-11330
31.14269937949069,14,1.0,-11430
31.14335737992665,11,33.0,9018
31.143506545834924,15,4.0,-10456
31.144021033586593,6,5.0,9042
31.146375146874316,5,1.0,0
31.149124612388004,13,2.0,-11363
31.149948013770196,15,3.0,-10397
31.15038037005826,5,3.0,0
31.15181732689995,15,2.0,-10152
31.152935061678072,5,13.0,0
31.153271702152363,17,1.0,-9199
31.153887977191815,15,3.0,-10632
31.156636610070176,13,2.0,-11427
31.1574177666612,5,3.0,0
31.158121345052965,13,3.0,-11438
31.160334371641643,13,1.0,-11381
31.16223657696481,15,1.0,-10727
31.16456701584259,14,5.0,-11352
31.16470162159244,14,2.0,-11401
31.165832634397443,17,4.0,-4649
31.16605067937792,5,1.0,0
31.16605976440102,13,2.0,-11332
31.167924599976804,13,1.0,-11447
31.168421662809823,5,3.0,0
31.169744618001303,13,5.0,-11327
31.170628218445266,15,4.0,-10315
31.17184650363764,5,4.0,0
31.172172120764465,15,1.0,-10237
31.173594400308826,17,3.0,-506
31.175160937617697,5,6.0,0
31.17929490313969,15,2.0,-10196
31.18208813713083,15,1.0,-10222
31.18414884110501,16,6.0,4401
31.189562742546155,15,3.0,-10195
31.18993604002341,13,3.0,-11364
31.18998400064808,15,2.0,-10433
31.192701200822512,16,5.0,5126
31.192894431711682,15,1.0,-10543
31.1948135442148,5,1.0,0
31.1951100737096,15,4.0,-10246
31.195844866318637,5,9.0,0
31.202149768974685,17,22.0,-3339
31.207681964345397,14,1.0,-11342
31.208714349000605,13,6.0,-11400
31.209171388828977,15,5.0,-10275
31.212696998286713,15,1.0,-10655
31.21449443903805,15,1.0,-10201
31.21532293493718,15,2.0,-10161
31.218694459833813,14,3.0,-11322
31.21966569826508,5,1.0,0
31.220811526646436,16,15.0,4099
31.222117138680016,16,7.0,6235
31.222407437293857,17,16.0,-9000
31.222697756629884,15,3.0,-10696
31.22458515326641,15,1.0,-10636
31.224754091637962,15,6.0,-10204
31.224754091637962,17,6.0,-10204
31.225522369254897,15,2.0,-10171
31.225604072678326,15,4.0,-10730
31.225628381051585,14,2.0,-11391
31.225678250931292,5,1.0,0
31.225848685340427,5,3.0,0
31.231259547598295,13,1.0,-11325
31.23291366118813,13,11.0,-11440
31.233051703882353,13,14.0,-11362
31.236673530943904,15,1.0,-10429
31.2368725799325,5,3.0,0
31.237750153468053,15,2.0,-10554
31.242147379122784,16,1.0,671
31.242677221564588,14,4.0,-11420
31.247923281546626,13,1.0,-11395
31.248326340552754,5,1.0,0
31.250625461228477,7,4.0,9002
31.25415100538479,15,1.0,-10626
31.255190422212618,15,2.0,-10616
31.257515419411927,15,2.0,-10496
31.258563839755066,14,5.0,-11379
31.2589652157734,17,3.0,-4473
31.259514151562264,17,1.0,-8329
31.26376104581842,17,1.0,-3882
31.265529855211472,15,1.0,-10716
31.26617416127906,15,2.0,-10327
31.266197051980342,5,3.0,0
31.27174587882965,13,1.0,-11408
31.27180238442995,15,1.0,-10356
31.271877455188093,15,2.0,-10555
31.273399588074412,17,1.0,-4405
31.273771469813646,16,1.0,6453
31.274165202147692,5,1.0,0
31.275902767064686,15,1.0,-10184
31.27676346364795,1,2.0,9046
31.278388208778427,15,4.0,-10220
31.281860271952823,13,3.0,-11329
31.283589484324214,5,7.0,0
31.28442460459599,17,6.0,-8073
31.284860343387102,17,2.0,-8749
31.28551178012049,17,1.0,-1993
31.28564335403473,13,1.0,-11416
31.289671351144406,5,1.0,0
31.29229321635899,17,3.0,-9311
31.292919180931356,17,5.0,-8581
31.298371998563308,5,2.0,0
31.298531869334386,15,2.0,-10471
31.298531869334386,17,2.0,-10471
31.30305929359897,16,13.0,5210
31.30352455287043,13,4.0,-11377
31.309573343215035,6,2.0,9046
31.310774176629394,15,3.0,-10321
31.310774176629394,17,3.0,-10321
31.31346300339903,15,2.0,-10675
31.31419204451439,15,3.0,-10667
31.316036745530592,15,1.0,-10526
31.316295264433872,15,1.0,-10334
31.31701578236802,15,24.0,-10528
31.31840767427441,15,4.0,-10591
31.318932481696837,15,4.0,-10475
31.32000982672844,16,1.0,732
31.32088509579551,14,5.0,-11326
31.321658262300495,4,6.0,9047
31.32192507692512,15,2.0,-10287
31.322170798056334,14,5.0,-11428
31.32239949487811,13,1.0,-11351
31.322919035344228,15,4.0,-10294
31.324752147415854,16,1.0,6048
31.326680849647285,15,1.0,-10681
31.328972025628175,15,2.0,-10497
31.3296046678648,5,1.0,0
31.32998009731152,17,2.0,-4196
31.332119569062503,13,3.0,-11345
31.333822589585303,17,4.0,-25
31.33427741289882,16,7.0,4183
31.335036651303884,5,7.0,0
31.33904432417086,15,1.0,-10470
31.34033697574545,13,10.0,-11439
31.34092252876002,13,2.0,-11323
31.34220324224328,17,3.0,-5331
31.344809486002184,13,1.0,-11358
31.348270725483356,14,1.0,-11402
31.34866340991551,5,2.0,0
31.34891078991081,15,1.0,-10484
31.35241653352087,15,6.0,-10482
31.3528379294719,15,3.0,-10296
31.3531180098963,15,2.0,-10382
31.354752291099853,17,4.0,-4171
31.355212866981244,14,4.0,-11374
31.35679229055152,16,6.0,3586
31.357734455036084,15,4.0,-10144
31.358336004635238,15,1.0,-10219
31.359060974115312,13,2.0,-11361
31.360528602105326,15,1.0,-10576
31.3610049329393,17,4.0,-4751
31.361156742731534,15,22.0,-10242
31.361381052014146,17,3.0,-6145
31.36214524906824,17,2.0,-8614
31.362379044586696,15,1.0,-10587
31.365806814786,16,1.0,8816
31.365932125673186,15,1.0,-10503
31.36785944288583,5,1.0,0
31.368190596478613,13,1.0,-11382
31.370091801032856,5,1.0,0
31.372221825463456,15,2.0,-10182
31.37277894996331,16,7.0,7575
31.373012456265478,15,1.0,-10165
31.373012456265478,17,1.0,-10165
31.373669412096966,14,1.0,-11387
31.37551584319108,15,14.0,-10443
31.37558616784658,15,6.0,-10383
31.378941756388272,15,3.0,-10454
31.38425222547541,16,2.0,8452
31.391404222573243,5,1.0,0
31.391424852888555,15,2.0,-10469
31.392103582967863,13,4.0,-11429
31.393889974376105,5,2.0,0
31.39536916794614,15,2.0,-10574
31.397763555149403,13,2.0,-11337
31.398361575832386,5,4.0,0
31.398607768726432,15,3.0,-10609
31.399026985399317,10,5.0,9033
31.400172515056813,15,3.0,-10380
31.400203897369526,15,2.0,-10627
31.401502512265143,15,3.0,-10519
31.40599518352115,5,1.0,0
31.411583819503804,17,6.0,-9070
31.412303899847227,15,4.0,-10221
31.413904706981,13,3.0,-11436
31.416022702049535,13,2.0,-11390
31.416997003386978,15,1.0,-10621
31.41736333005163,15,2.0,-10410
31.418172454462773,13,12.0,-11425
31.421835934518644,15,3.0,-10375
31.421862537493883,13,2.0,-11424
31.42187972991624,15,3.0,-10388
31.42278893616269,13,1.0,-11399
31.42649402543626,16,2.0,5478
31.426636914322174,14,2.0,-11349
31.42811605929938,17,4.0,-7886
31.431815165674596,16,1.0,8309
31.4326462800818,15,1.0,-10617
31.434708730189605,17,4.0,-6278
31.435094065086922,15,2.0,-10297
31.435373071800257,16,36.0,7889
31.43623559156226,16,15.0,236
31.43703344779065,17,3.0,-8668
31.437371937871024,13,3.0,-11366
31.438488267352962,14,8.0,-11380
31.439141354598252,15,1.0,-10698
31.442559273682022,17,1.0,-2635
31.446756011116577,17,1.0,-850
31.44680502049522,5,4.0,0
31.447316948733484,17,26.0,-7077
31.447407657952375,16,1.0,6968
31.449772757240208,5,1.0,0
31.45180900364291,15,1.0,-10679
31.453342346808014,15,1.0,-10666
31.45631836864609,15,2.0,-10407
31.4578726130219,13,4.0,-11450
31.45822636855699,17,2.0,-9855
31.460928885245725,15,1.0,-10694
31.46154235504471,17,2.0,-9038
31.463477959889282,5,29.0,0
31.46365466057964,5,1.0,0
31.46503248684517,15,1.0,-10309
31.466913378942493,14,1.0,-11340
31.468319022638614,17,3.0,-572
31.47253839809521,15,6.0,-10371
31.473572644718566,1,28.0,9048
31.47546888785545,5,7.0,0
31.475673517217704,15,2.0,-10525
31.476125084823853,17,2.0,-6093
31.479805854743685,1,2.0,9049
31.48094927335464,5,2.0,0
31.48316785528347,15,1.0,-10180
31.486237833360974,15,1.0,-10630
31.486381116795148,14,2.0,-11386
31.488474812422382,15,1.0,-10174
31.488474812422382,17,1.0,-10174
31.489341228956345,17,3.0,-5803
31.489676842216337,15,2.0,-10487
31.491395539764607,15,8.0,-10217
31.491593909427237,5,3.0,0
31.493063853085374,17,1.0,-3574
31.495868331353734,17,1.0,-8788
31.49592647714472,17,1.0,-6550
31.49934317202873,17,2.0,-9475
31.50064558541556,15,4.0,-10299
31.50101780480772,17,1.0,-4139
31.503122950612678,15,9.0,-10682
31.504115678229116,4,5.0,9050
31.50479577335446,17,3.0,-7298
31.50513670372834,15,1.0,-10477
31.506020911376595,17,1.0,-6405
31.506557610426338,8,5.0,9042
31.50720094048419,15,1.0,-10557
31.507331470613057,13,3.0,-11367
31.50743281046805,14,2.0,-11412
31.508193132262328,13,7.0,-11405
31.508614106140016,15,8.0,-10209
31.509259462778303,13,3.0,-11393
31.51340624674598,5,3.0,0
31.51454174956582,113,58.0,-11413
31.51493918155153,6,2.0,9049
31.515522900244143,15,1.0,-10661
31.51857859295631,15,2.0,-10418
31.520640991481084,17,6.0,-6793
31.52579792550771,17,1.0,-6345
31.52707850420451,15,2.0,-10265
31.528593615130337,5,10.0,0
31.52871668860651,17,4.0,-7301
31.530553836549544,17,2.0,-7402
31.530733573966003,15,1.0,-10381
31.531322810003765,5,1.0,0
31.539018891535225,5,4.0,0
31.540869417059405,17,2.0,-7650
31.541784703388114,10,46.0,9028
31.542225807944305,17,6.0,-6472
31.54347994296637,5,4.0,0
31.54684021419244,15,2.0,-10434
31.548097014764675,15,7.0,-10684
31.548821351067907,13,2.0,-11376
31.55055981100303,15,9.0,-10282
31.550798190993785,17,4.0,-8131
31.55168131137793,5,2.0,0
31.552125996517653,17,3.0,-8009
31.552495707788374,14,7.0,-11406
31.553232731780753,9,6.0,8986
31.553394796497237,5,4.0,0
31.554385854588975,13,1.0,-11320
31.55443208329332,17,1.0,-4397
31.555254325097817,15,2.0,-10203
31.55545668750028,17,5.0,-6002
31.558851407457755,17,3.0,-6050
31.55893457217922,16,28.0,3677
31.56017044195321,15,1.0,-10218
31.56018982429596,15,2.0,-10408
31.561016723479145,17,4.0,-8797
31.56165882814403,14,8.0,-11444
31.56276767160293,15,2.0,-10646
31.564277397509432,15,1.0,-10206
31.565728789649576,17,3.0,-5672
31.569206339674658,13,1.0,-11353
31.56950277662541,5,2.0,0
31.572020990786445,16,2.0,4411
31.57234047981875,1,13.0,9051
31.57239451570039,5,4.0,0
31.574292863841226,15,2.0,-10257
31.57522553561386,15,2.0,-10662
31.575720329548414,5,1.0,0
31.57595043691174,6,3.0,9045
31.576391257115773,8,2.0,9046
31.578368995214156,15,2.0,-10499
31.579917554085235,16,9.0,5877
31.58003642229291,13,3.0,-11375
31.581486874301177,16,9.0,5240
31.581860496651753,15,1.0,-10650
31.582182320131906,17,1.0,-334
31.582824917475104,5,2.0,0
31.583003532479673,5,1.0,0
31.583517073151967,17,3.0,-7931
31.58414575156932,4,6.0,9052
31.58707015769355,17,4.0,-5029
31.58760783206706,15,3.0,-10483
31.589332187132065,17,1.0,-5176
31.5897364279487,17,2.0,-5857
31.592322601794574,15,2.0,-10263
31.595753505115713,14,4.0,-11414
31.596917720285738,15,4.0,-10467
31.59909983855737,15,4.0,-10595
31.599515896390933,5,1.0,0
31.599825801732752,15,1.0,-10552
31.600136292525864,17,2.0,-4545
31.601209289532974,15,2.0,-10200
31.60155279760719,5,3.0,0
31.60524082783893,13,1.0,-11369
31.60640776302388,15,2.0,-10229
31.607456945592613,15,1.0,-10368
31.607456945592613,17,1.0,-10368
31.607500682738344,17,14.0,-7753
31.607532665049177,13,7.0,-11384
31.608130917870273,15,2.0,-10236
31.610267265920626,15,1.0,-10691
31.61092450108509,16,50.0,3822
31.610981149445532,1,11.0,9053
31.61176508966861,17,1.0,-6108
31.611904504174543,17,1.0,-6215
31.611986431081604,10,6.0,9052
31.613083852427742,17,2.0,-6039
31.614054352850616,16,2.0,8021
31.616087579365605,13,1.0,-11328
31.616397000304563,15,1.0,-10226
31.61658421937677,17,2.0,-7873
31.616648092024995,15,4.0,-10721
31.621851571642374,16,22.0,5761
31.622369121639647,5,10.0,0
31.62255631355354,15,3.0,-10438
31.624032273961806,15,2.0,-10279
31.625111833094472,15,2.0,-10611
31.625147684075685,17,3.0,-5454
31.63168815752324,15,4.0,-10458
31.632485899288984,15,3.0,-10570
31.63385260603971,15,2.0,-10577
31.635601630590436,17,2.0,-9095
31.63632650646163,15,3.0,-10258
31.636816188135803,5,3.0,0
31.637301868255033,16,4.0,4040
31.641890042871868,15,3.0,-10628
31.642727604804165,10,57.0,9034
31.643176882087864,16,31.0,5053
31.64390476316059,7,2.0,9017
31.644700283203342,15,9.0,-10472
31.64565202218692,15,2.0,-10264
31.64565202218692,17,2.0,-10264
31.647751141744557,17,1.0,-7040
31.649938288391446,14,1.0,-11446
31.65336846694306,17,1.0,-6491
31.654403779274563,15,2.0,-10151
31.656904278356436,7,28.0,8981
31.658423629646958,17,1.0,-6453
31.659661523796373,15,1.0,-10392
31.66136420155626,5,3.0,0
31.662908057234667,17,3.0,-2726
31.665230128018674,13,19.0,-11442
31.665267831566098,5,4.0,0
31.6656050533848,16,4.0,6388
31.6688947523425,5,4.0,0
31.669325863351304,13,3.0,-11356
31.671072797205053,5,6.0,0
31.67148205816627,17,2.0,-6412
31.672374513417367,15,2.0,-10146
31.675728651928218,17,4.0,-5911
31.676182248617774,15,1.0,-10365
31.67738516797848,17,6.0,-9510
31.677391492275497,5,4.0,0
31.677917493939432,17,8.0,-5888
31.678309193247735,17,2.0,-5696
31.678569147327146,15,1.0,-10481
31.679037317909955,1,3.0,9054
31.682523932864257,17,5.0,-6488
31.682835522188977,13,1.0,-11421
31.684250370893004,5,3.0,0
31.684338877740966,17,1.0,-5929
31.685851919400715,12,6.0,9052
31.687363446487623,13,1.0,-11357
31.6898372900661,5,4.0,0
31.69157797764912,15,1.0,-10332
31.694511673335903,15,2.0,-10550
31.695322530772525,15,31.0,-10415
31.69666333691683,15,2.0,-10571
31.699717473436177,5,7.0,0
31.70006011295141,5,3.0,0
31.700497445421306,17,4.0,-4136
31.7005752207379,15,3.0,-10238
31.704383081948794,15,4.0,-10712
31.706040348084457,15,2.0,-10167
31.70750567789278,15,1.0,-10227
31.709351056892782,17,1.0,-6353
31.70950837005654,17,3.0,-5095
31.71081730109977,13,7.0,-11360
31.711553248934724,1,3.0,9055
31.711615160566595,5,3.0,0
31.71244658915039,15,1.0,-10523
31.71482793174506,15,4.0,-10486
31.718470227542383,5,2.0,0
31.71859852462439,5,1.0,0
31.71987353448989,15,1.0,-10320
31.72049045267676,15,1.0,-10723
31.72149007835049,15,2.0,-10339
31.721963553132436,15,2.0,-10512
31.722894426366505,7,6.0,9023
31.72558129917821,17,1.0,-1778
31.726945100563135,17,1.0,-6398
31.72802436040435,1,6.0,9056
31.729661045740897,17,4.0,-6777
31.73003430135155,15,1.0,-10303
31.732341012434887,5,2.0,0
31.732496701475643,5,4.0,0
31.73349825870862,13,1.0,-11448
31.73591548910564,1,4.0,9057
31.735954985463913,15,3.0,-10406
31.737237863768392,17,4.0,-5648
31.73750922030821,15,1.0,-10355
31.737666599003838,15,1.0,-10669
31.74133461648861,6,3.0,9054
31.741682831610625,15,6.0,-10565
31.741769162333462,15,1.0,-10705
31.74255135998787,5,4.0,0
31.746436014415984,16,3.0,8134
31.747152659761277,15,2.0,-10505
31.7482944240181,17,1.0,-7542
31.750172673467876,1,2.0,9058
31.75108899845493,13,1.0,-11435
31.751153573728427,17,1.0,-7380
31.75131935500979,17,3.0,-2945
31.753183899166217,14,1.0,-11355
31.75392956856043,14,3.0,-11419
31.757175037486714,5,2.0,0
31.758428904869135,16,9.0,6111
31.758476801088786,15,6.0,-10532
31.758782065769434,16,8.0,3078
31.75988531365323,17,1.0,-6099
31.760847525588826,5,2.0,0
31.76112259111609,17,1.0,-6524
31.76119238086867,17,2.0,-2862
31.762593342405424,13,2.0,-11372
31.762594125498726,15,3.0,-10707
31.76417963003428,3,54.0,9059
31.764478357049423,16,50.0,3697
31.764685753300192,15,1.0,-10502
31.765966208464743,8,1.0,9029
31.766298860521584,16,12.0,3719
31.76634211345463,15,2.0,-10338
31.769102913690546,17,3.0,-6359
31.769712752439276,14,7.0,-11434
31.771025253733598,15,1.0,-10711
31.771904703376787,17,1.0,-8105
31.77195560177961,16,12.0,5853
31.77291505583103,17,2.0,-5402
31.774714648032027,15,10.0,-10241
31.778418347125108,5,1.0,0
31.779024821959883,14,1.0,-11343
31.77998899056044,17,3.0,-3352
31.781732988184455,14,11.0,-11333
31.782756962885347,17,1.0,-6967
31.785207445161365,15,3.0,-10703
31.78586649232945,14,2.0,-11437
31.786918880287033,17,1.0,-6701
31.78715928327599,5,1.0,0
31.787417098690554,16,3.0,5436
31.788111957672246,15,1.0,-10148
31.790067466220904,17,3.0,-9628
31.790599950100955,15,3.0,-10545
31.79332946447179,15,3.0,-10610
31.793897443997725,15,2.0,-10556
31.794063759096286,17,1.0,-6985
31.794359712878933,15,3.0,-10439
31.794471860911127,5,5.0,0
31.794550377610445,10,6.0,9047
31.795809130283544,17,1.0,-9400
31.796209344798708,5,4.0,0
31.798195764012135,15,11.0,-10163
31.799837179215395,5,1.0,0
31.799859757123077,5,9.0,0
31.79994989444263,17,6.0,-8378
31.801228003011534,15,2.0,-10422
31.80165378065989,17,17.0,-344
31.802711410370343,10,59.0,9035
31.804775348633324,15,3.0,-10395
31.805006874615287,5,2.0,0
31.80507133813436,15,2.0,-10539
31.8078515875118,17,5.0,-7326
31.808081773766055,13,10.0,-11389
31.80879554170795,5,30.0,0
31.810612107894478,13,2.0,-11398
31.811802220917794,15,1.0,-10601
31.81396315541485,13,3.0,-11368
31.813990048698432,13,8.0,-11385
31.81583300982585,15,2.0,-10614
31.81879022197518,17,4.0,-5799
31.819791340143674,15,1.0,-10510
31.822008365403207,15,3.0,-10509
31.824072800309217,14,7.0,-11403
31.82430934070899,5,3.0,0
31.824386455276503,15,3.0,-10615
31.826632630097922,15,3.0,-10687
31.82669994273925,5,2.0,0
31.830713469274297,15,2.0,-10457
31.833100083582803,13,3.0,-11321
31.833125009947818,1,10.0,9060
31.83352255828675,5,4.0,0
31.83359562621744,16,53.0,8686
31.83469643032988,17,6.0,-7184
31.835826826184736,15,5.0,-10463
31.835826826184736,17,5.0,-10463
31.838975630107353,15,2.0,-10191
31.84058416748414,15,3.0,-10444
31.841010112601154,16,3.0,6065
31.841229598953007,13,1.0,-11371
31.844020253915136,13,1.0,-11383
31.84447340990076,4,1.0,9061
31.84472072407311,16,2.0,8352
31.84503020840647,14,3.0,-11339
31.845065895647085,5,1.0,0
31.848034015743,13,3.0,-11346
31.848425969974063,13,1.0,-11453
31.848733799948597,13,2.0,-11433
31.851054760879652,17,1.0,-7150
31.851383751489127,15,2.0,-10317
31.85158089569726,15,3.0,-10542
31.852248430456587,15,2.0,-10350
31.85282741163581,15,2.0,-10328
31.85653977645186,11,2.0,8969
31.86112416205213,1,3.0,9062
31.862052907230694,15,13.0,-10280
31.86253086469991,5,1.0,0
31.86271423138649,17,1.0,-3931
31.86275240303753,5,1.0,0
31.864002342832983,17,2.0,-4170
31.86432579040705,15,1.0,-10494
31.8647025186621,5,17.0,0
31.865169826452,5,2.0,0
31.865341344682008,16,5.0,5391
31.869135323209434,15,2.0,-10155
31.869688446403526,15,1.0,-10685
31.870057932346434,15,2.0,-10638
31.871062330636978,6,2.0,9058
31.87137479761534,17,5.0,-3043
31.87304451232944,17,4.0,-6219
31.874026848233537,16,4.0,6290
31.87513313432392,13,2.0,-11341
31.876142817976408,15,3.0,-10714
31.8770649995732,15,7.0,-10352
31.879049698177468,14,12.0,-11338
31.880271530159884,14,6.0,-11373
31.881087317263155,1,6.0,9063
31.882987115427113,13,1.0,-11336
31.88408131408011,5,3.0,0
31.886457367451026,17,1.0,-6892
31.886846272493678,5,3.0,0
31.8879720592026,15,7.0,-10527
31.888130335482813,17,3.0,-8112
31.88825222791985,13,1.0,-11396
31.891094654311267,15,4.0,-10599
31.89239981905547,17,6.0,-4921
31.89272830007977,5,1.0,0
31.894519106767095,15,1.0,-10346
31.895373674082855,16,1.0,3986
31.895383204417463,16,2.0,6461
31.89645617722794,17,2.0,-945
31.897689430717975,5,2.0,0
31.898351006984914,15,6.0,-10411
31.900369471567593,15,5.0,-10240
31.90161905163167,6,6.0,9056
31.901681542854416,5,1.0,0
31.905976619024333,17,4.0,-6406
31.907310921640427,15,3.0,-10702
31.9090009158877,16,19.0,2241
31.9100153618805,16,30.0,8351
31.91046031566839,13,2.0,-11443
31.91047055403918,13,1.0,-11452
31.91054936736788,15,4.0,-10583
31.91123200543657,3,50.0,9064
31.911764089020267,11,55.0,9012
31.911897409917163,5,6.0,0
31.91316046223804,13,1.0,-11335
31.915732009320674,15,1.0,-10692
31.91670010849031,15,1.0,-10285
31.91737961951199,5,2.0,0
31.91741223433359,15,4.0,-10430
31.918257836098416,7,9.0,9030
31.918521940604883,14,18.0,-11451
31.91914495085143,5,2.0,0
31.919932168066904,5,5.0,0
31.92060623395327,17,2.0,-6707
31.92283047978685,17,1.0,-9631
31.927768273844226,5,3.0,0
31.928327421280496,15,11.0,-10597
31.92949770596455,17,1.0,-7826
31.93033917048994,15,6.0,-10701
31.93315157531987,17,5.0,-4019
31.93536400787336,6,10.0,9060
31.935797156566405,5,7.0,0
31.935857388413368,15,4.0,-10449
31.93615279957828,15,7.0,-10377
31.938238254495268,17,1.0,-7672
31.93885289166172,15,1.0,-10160
31.938946459955698,15,2.0,-10476
31.943557108760096,5,1.0,0
31.94502173776577,16,3.0,3286
31.945139342335594,17,2.0,-4341
31.94778450108602,16,39.0,849
31.949038200994412,1,1.0,9065
31.9503586068327,13,2.0,-11324
31.95094377445364,5,4.0,0
31.952219117404674,16,3.0,3717
31.953784797309133,5,2.0,0
31.95781876549392,5,2.0,0
31.958184888309752,5,1.0,0
31.95962034158783,5,12.0,0
31.961983042010573,17,11.0,-3998
31.962010374576558,17,3.0,-5915
31.96272185549182,17,8.0,-5636
31.963055167769266,5,3.0,0
31.96391574379353,15,2.0,-10187
31.965731383593777,5,2.0,0
31.96637244769308,15,4.0,-10291
31.966456629910713,17,1.0,-7572
31.969124318008664,15,2.0,-10466
31.969609000767775,5,4.0,0
31.970382971592645,15,1.0,-10322
31.97063533701216,11,7.0,9003
31.970720425271516,13,1.0,-11359
31.970941943197673,15,1.0,-10462
31.97318379220816,15,1.0,-10697
31.975433561722074,15,5.0,-10676
31.97869111361068,13,4.0,-11445
31.983207894844213,15,2.0,-10674
31.983259598441904,13,5.0,-11415
31.985682249784823,17,2.0,-7502
31.985800661303813,15,11.0,-10234
31.986054800813484,15,1.0,-10235
31.98607342249457,16,2.0,4671
31.987439947735574,15,14.0,-10536
31.98817486383122,17,1.0,-4260
31.991163191462057,17,1.0,-8366
31.995565557066705,5,6.0,0
31.995619446508595,15,1.0,-10688
31.996714972792095,17,2.0,-7547
31.998189949476927,5,3.0,0
31.99867009532968,6,3.0,9062
31.999038295977794,13,1.0,-11354
31.999615708448193,17,1.0,-9051
32.00003362873757,3,55.0,9066
32.00097253230369,17,10.0,-8679
32.002482978097,13,1.0,-11559
32.002736406860755,5,9.0,0
32.002738745633614,16,5.0,5281
32.00348784484263,15,2.0,-10750
32.006299126046386,6,4.0,9057
32.00672649461089,15,3.0,-10559
32.010758060804775,5,6.0,0
32.01185526557642,13,4.0,-11560
32.01199626859734,5,6.0,0
32.01362793786294,15,4.0,-10830
32.01389621028898,16,5.0,8125
32.01626210225083,15,3.0,-10514
32.01753907738784,15,38.0,-10537
32.01841216064659,14,2.0,-11546
32.025671170706936,5,3.0,0
32.0281811649717,13,31.0,-11574
32.02957294840699,3,46.0,9067
32.03045537141917,15,1.0,-10500
32.03062221467381,14,6.0,-11468
32.03172291014315,15,4.0,-10538
32.03208459074719,5,6.0,0
32.0354855776674,15,1.0,-10773
32.0357946188425,5,2.0,0
32.03649039962553,17,1.0,-6331
32.03776719675238,5,7.0,0
32.039475761767996,17,5.0,-4018
32.04097429996216,12,46.0,9032
32.04117943563107,5,3.0,0
32.04132125390508,13,1.0,-11568
32.041596882740855,15,4.0,-10464
32.042119405082886,5,43.0,0
32.04471012528107,5,4.0,0
32.04519806671989,5,2.0,0
32.04628692152406,15,3.0,-10769
32.04674167349828,14,2.0,-11566
32.048067790451114,13,1.0,-11514
32.04930282783927,15,1.0,-10455
32.05210821956066,15,3.0,-10473
32.05359762457035,15,1.0,-10965
32.05484929458977,14,5.0,-11477
32.05612612168777,15,8.0,-10540
32.056948464599536,16,5.0,3657
32.05838691536823,5,14.0,0
32.05959940150377,17,1.0,-7955
32.06496833390321,15,4.0,-10506
32.066050415516706,1,2.0,9068
32.06650121318865,13,1.0,-11576
32.06757373689399,15,1.0,-10629
32.06817298113204,15,5.0,-10498
32.069018679027096,15,3.0,-10564
32.06983666603531,13,1.0,-11512
32.07054691764843,113,42.0,-11529
32.0720862316571,5,1.0,0
32.072595208893134,4,7.0,9069
32.0729457678181,11,3.0,9022
32.07592844462998,5,5.0,0
32.07616488227414,10,46.0,9067
32.0764283217592,15,4.0,-10792
32.07735731542177,15,2.0,-10828
32.07758999819492,15,3.0,-11012
32.079552652578656,15,5.0,-10640
32.08065572846892,15,1.0,-10631
32.08438418943889,15,19.0,-10935
32.08490373460611,15,2.0,-10584
32.09039609908555,15,2.0,-10871
32.09370506604295,15,2.0,-10953
32.093738531022105,5,11.0,0
32.094002453889516,17,8.0,-7151
32.09726417335639,6,2.0,9039
32.09764631583966,1,4.0,9070
32.098827307511215,13,1.0,-11554
32.0988764674059,15,2.0,-10651
32.09901207732211,15,2.0,-10563
32.09901207732211,17,2.0,-10563
32.09931913368811,17,3.0,-8023
32.09978336514531,13,2.0,-11567
32.1007808835612,14,1.0,-11509
32.10097109378374,15,1.0,-10825
32.10214103850995,12,12.0,9014
32.10238982794151,15,5.0,-10729
32.102728202555255,15,3.0,-11021
32.10296777248963,5,7.0,0
32.10612894388149,15,1.0,-10459
32.109690696459985,13,2.0,-11482
32.11235843435049,6,4.0,9041
32.11243269953377,5,23.0,0
32.11468670027901,11,3.0,9027
32.11567987556323,4,36.0,9071
32.12027522893917,13,1.0,-11551
32.121976061512775,5,13.0,0
32.128945490506304,17,2.0,-6825
32.13029540743886,15,3.0,-10492
32.131429813341214,15,1.0,-10548
32.133127093096064,16,6.0,6864
32.13484149539031,15,1.0,-10572
32.13769017828561,15,1.0,-10647
32.13798743939377,16,4.0,7760
32.13907478499609,5,2.0,0
32.13975096189788,15,2.0,-10447
32.14064754682148,17,1.0,-6023
32.141704927365716,17,1.0,-8141
32.144708763461225,16,2.0,7580
32.147264529583374,5,1.0,0
32.148804452574396,15,1.0,-10975
32.149840492617066,15,4.0,-10770
32.149974553923926,14,2.0,-11502
32.15269507351119,15,31.0,-10715
32.1532591674855,14,3.0,-11508
32.15489676205125,13,2.0,-11564
32.156153277849164,15,1.0,-10534
32.16118759616885,10,1.0,9061
32.16230437520009,17,3.0,-2610
32.162750960514565,16,1.0,7723
32.16424327175392,5,1.0,0
32.165206647997415,5,3.0,0
32.165568397806126,16,6.0,4250
32.16704437815511,14,4.0,-11494
32.16971358454212,15,7.0,-10745
32.17154980142801,16,2.0,4469
32.17432227302856,11,4.0,9020
32.17680514875422,5,4.0,0
32.17737784365028,17,4.0,-223
32.179891539323634,5,3.0,0
32.18035977699201,13,7.0,-11532
32.18291515230982,16,5.0,8387
32.182987799550446,15,5.0,-10722
32.183089362715826,3,39.0,9072
32.183125331700865,15,1.0,-10803
32.18403105995228,15,1.0,-10720
32.18441804296477,17,1.0,-536
32.18494384437921,10,7.0,9069
32.18545506354032,15,2.0,-10612
32.18616874484703,6,4.0,9070
32.18618282556099,16,7.0,3612
32.18945671759837,16,2.0,8209
32.19060629802645,13,5.0,-11569
32.19410935545565,17,1.0,-7018
32.19501554353941,15,1.0,-10531
32.1986164854101,14,4.0,-11469
32.19881975594179,13,6.0,-11489
32.19905403673996,15,6.0,-10749
32.1999510788665,5,1.0,0
32.2003166091248,17,1.0,-9319
32.200757522479904,15,1.0,-10947
32.201388478157845,8,4.0,9057
32.20234626827513,5,4.0,0
32.20480096270051,13,8.0,-11526
32.20559560602498,5,2.0,0
32.20619760394619,4,4.0,9073
32.208960317518645,13,5.0,-11572
32.215419422974946,14,5.0,-11570
32.21785881078511,15,2.0,-11025
32.21847508339031,15,3.0,-10625
32.218883711540386,15,5.0,-10713
32.2192760803979,6,6.0,9063
32.22199131052942,17,1.0,-10142
32.22234230162652,6,1.0,9037
32.22333813820695,5,2.0,0
32.223915533506066,13,3.0,-11573
32.229783088542064,13,5.0,-11517
32.23143844467021,5,9.0,0
32.23228702457088,15,2.0,-10936
32.232412242107614,17,1.0,-7522
32.233484477254315,15,1.0,-10709
32.23411461772767,15,1.0,-10493
32.2341911230691,17,1.0,-7026
32.23444747779056,15,2.0,-10939
32.23699225401267,15,1.0,-10818
32.23715275813722,15,3.0,-10931
32.238806829218845,17,7.0,-9484
32.242539225024295,15,2.0,-10912
32.2428222377861,5,1.0,0
32.24345706128352,14,15.0,-11457
32.243600615073404,17,1.0,-8904
32.2441186482404,16,2.0,8708
32.244261981468966,16,9.0,3760
32.24429972554383,16,54.0,1402
32.244901857626175,5,4.0,0
32.246917893008415,15,2.0,-10445
32.258198242168326,5,2.0,0
32.25978641323412,1,5.0,9074
32.26076029772875,15,2.0,-10495
32.26330356131858,15,1.0,-10878
32.264709979327215,5,8.0,0
32.26551242711051,13,2.0,-11490
32.26631104910918,16,4.0,4097
32.26670683721884,15,2.0,-10671
32.26833512446036,15,1.0,-10460
32.268643332544784,16,30.0,1859
32.268770064634,17,5.0,-1528
32.269168759187046,17,4.0,-4051
32.269408037477426,13,1.0,-11583
32.27277195815441,13,1.0,-11487
32.27410260408551,1,3.0,9075
32.274224110249136,13,5.0,-11492
32.27499775161832,5,6.0,0
32.276012238837524,17,5.0,-4790
32.277025507052315,14,9.0,-11485
32.27740055520173,15,1.0,-10801
32.2817032143734,17,17.0,-3287
32.28430970189714,15,1.0,-10648
32.28481391761382,13,16.0,-11584
32.287301104790394,15,3.0,-10673
32.28961223252121,13,1.0,-11458
32.29051773406587,17,3.0,-9220
32.29188731292463,5,1.0,0
32.29225814349375,17,1.0,-3243
32.292469794031554,5,1.0,0
32.293825734611566,17,8.0,-8554
32.29686357171175,15,1.0,-10758
32.29698131932798,15,1.0,-10451
32.29714892502949,15,4.0,-10955
32.29871756876759,13,3.0,-11475
32.29993075283985,15,5.0,-10795
32.30053836703958,5,4.0,0
32.30157765032187,15,2.0,-10816
32.30227632787133,14,2.0,-11561
32.302700838481435,14,4.0,-11518
32.30326753706918,13,3.0,-11500
32.304344016009075,14,2.0,-11558
32.30489601197298,15,3.0,-10872
32.30774497817142,13,1.0,-11587
32.30818743900609,15,1.0,-10863
32.30890010632804,17,2.0,-9130
32.30948188094371,17,1.0,-8029
32.30974031288743,13,14.0,-11533
32.31170484407805,5,3.0,0
32.314145103412145,15,2.0,-10922
32.31451590335599,113,56.0,-11578
32.31458536357617,5,4.0,0
32.3150638104473,17,1.0,-5984
32.32227188851889,15,4.0,-10950
32.32234118418415,5,3.0,0
32.32394265940453,17,1.0,-9314
32.324372128446065,4,4.0,9076
32.32474436131546,10,26.0,9036
32.32497529876728,15,3.0,-10726
32.325239370171815,13,4.0,-11483
32.32558075002397,15,4.0,-10956
32.32665590022003,13,1.0,-11579
32.33052660715055,14,8.0,-11540
32.33071915676827,16,5.0,8060
32.33332312459639,15,2.0,-10888
32.33617043063646,15,1.0,-10930
32.33799800482391,13,36.0,-11470
32.33831216520054,17,1.0,-4460
32.33832002168556,17,5.0,-6133
32.33936436260722,13,2.0,-11571
32.343633761922426,11,10.0,8985
32.34588054169452,15,2.0,-10594
32.34874655365192,15,1.0,-10993
32.34875061046965,13,6.0,-11524
32.34885323101093,15,7.0,-10861
32.34898570449272,15,2.0,-10804
32.349079603765844,14,1.0,-11589
32.34939743124262,17,2.0,-8555
32.350569390131305,10,4.0,9076
32.3517200641567,5,2.0,0
32.35622691976169,15,1.0,-10987
32.35650459748252,5,7.0,0
32.35754815387193,3,15.0,9077
32.36190998370903,15,4.0,-10728
32.362540477946,14,3.0,-11496
32.36455940132951,17,6.0,-8996
32.36931192089899,15,1.0,-10767
32.36936634986634,15,2.0,-10966
32.37028819372746,17,4.0,-7755
32.37167509746281,13,2.0,-11505
32.372308016964396,15,2.0,-10654
32.37327752451195,14,1.0,-11543
32.37382177884112,17,5.0,-6784
32.374681010361236,15,2.0,-10984
32.37595501533574,15,5.0,-10734
32.37643998628663,5,2.0,0
32.37651681670939,13,2.0,-11541
32.37708255193013,14,6.0,-11474
32.37747223421748,13,1.0,-11534
32.383424097717004,13,1.0,-11455
32.38469104945534,17,2.0,-5886
32.38631831529843,15,2.0,-10870
32.38667915429369,13,2.0,-11535
32.38873551780201,11,46.0,9028
32.38964655544417,17,3.0,-8764
32.38974453869163,15,2.0,-10613
32.39028017120761,13,29.0,-11550
32.39098207807291,15,1.0,-10821
32.39098207807291,17,1.0,-10821
32.391395822522526,15,1.0,-10847
32.39149864146826,5,1.0,0
32.391913657039915,13,3.0,-11491
32.39210090499136,16,5.0,7341
32.392830874073596,5,7.0,0
32.39507729824571,15,1.0,-10959
32.39893418775196,16,7.0,6946
32.4010239359897,17,9.0,-4739
32.402017773887806,5,5.0,0
32.402325299010066,15,2.0,-10693
32.403073906506165,5,1.0,0
32.40324977631987,15,6.0,-10960
32.404386117297385,10,43.0,9043
32.40441268296237,17,1.0,-4830
32.40450363295559,9,46.0,9032
32.40590538324052,17,36.0,-6561
32.40705372066082,17,2.0,-9349
32.40771826051346,15,7.0,-10874
32.40855396816224,17,6.0,-4521
32.40943181969711,15,3.0,-10605
32.41009741420631,15,8.0,-10592
32.41025665707714,15,8.0,-10811
32.411791263727245,15,5.0,-10927
32.411791263727245,17,5.0,-10927
32.41192761528452,15,1.0,-10652
32.41486340878526,13,2.0,-11480
32.415183806370315,17,1.0,-2812
32.4169029652095,15,1.0,-10867
32.42354369082794,10,15.0,9077
32.42396590657206,10,2.0,9025
32.424894237419444,16,5.0,5812
32.42637762197679,15,3.0,-10513
32.42663785023117,12,43.0,9043
32.428018027939835,15,1.0,-10501
32.428491191101436,17,2.0,-4789
32.43049342334153,15,1.0,-10849
32.43061212146392,13,1.0,-11501
32.43399478868833,15,2.0,-10958
32.43518736616855,17,2.0,-3312
32.43656432618393,17,2.0,-3497
32.43693272799302,13,2.0,-11471
32.437545818279766,15,1.0,-10901
32.439103744764495,5,8.0,0
32.44356928145898,13,2.0,-11548
32.4439681916033,15,1.0,-10815
32.44462524059733,5,8.0,0
32.44511415781514,5,40.0,0
32.4468466137142,5,1.0,0
32.447645411155484,15,12.0,-10660
32.44935364077348,14,1.0,-11530
32.449413920191894,15,3.0,-10949
32.45030648830906,10,4.0,9073
32.45174433468889,5,2.0,0
32.454034280773485,15,2.0,-10918
32.459787918596604,5,4.0,0
32.460322001926315,17,3.0,-3122
32.460551258743294,13,1.0,-11484
32.46692053020768,5,54.0,0
32.4677845100751,5,3.0,0
32.46787798573447,11,6.0,8982
32.46818787947521,15,1.0,-10478
32.47230365500407,15,2.0,-10719
32.473654038724625,14,2.0,-11511
32.47547887315902,5,4.0,0
32.47907024520605,17,2.0,-7109
32.48000316956465,17,6.0,-8775
32.48218495845429,15,5.0,-10490
32.48226706892124,17,1.0,-442
32.482954214004806,17,1.0,-7986
32.48385193529282,17,1.0,-7790
32.485839787543114,17,1.0,-5622
32.48707876417355,13,2.0,-11520
32.49030398781285,15,1.0,-10588
32.4903664882524,15,4.0,-10725
32.49052306291513,17,2.0,-4647
32.49069408724816,17,1.0,-4879
32.4926560639142,17,1.0,-9698
32.49393912200667,14,4.0,-11555
32.49626557999554,15,1.0,-10578
32.49706787429025,15,13.0,-10848
32.498581671008,15,1.0,-10937
32.500649686632194,17,2.0,-3804
32.500729905246196,15,4.0,-10798
32.50505591843867,15,1.0,-10891
32.50601795213293,5,1.0,0
32.50674290561107,5,1.0,0
32.514816088673854,13,3.0,-11486
32.51635712567126,17,3.0,-6770
32.5201630414631,15,3.0,-10829
32.521684996407636,5,9.0,0
32.52450104994787,15,2.0,-10989
32.52656687048457,15,2.0,-10623
32.52835681347789,15,1.0,-10833
32.52909644824284,17,1.0,-4001
32.52923748281967,16,10.0,3230
32.52936887102599,17,2.0,-8837
32.53012887466127,5,4.0,0
32.533015569411496,15,3.0,-10733
32.53368793087736,17,1.0,-4981
32.533742615559234,15,1.0,-10656
32.535889453707114,5,4.0,0
32.53862105736649,11,1.0,9007
32.54100326743301,1,7.0,9078
32.54183878298594,14,2.0,-11478
32.54233484921342,10,55.0,9066
32.54573952519472,15,3.0,-10596
32.54643342566113,15,3.0,-10485
32.54750391959479,15,3.0,-10735
32.54754146502271,15,3.0,-10765
32.54957987610358,17,4.0,-7453
32.55336118862047,15,9.0,-10643
32.55374232561525,15,3.0,-10683
32.55447099128812,14,5.0,-11575
32.555731457346745,14,2.0,-11519
32.55646577204622,13,1.0,-11465
32.55680327280766,15,2.0,-10879
32.560826025174386,17,2.0,-9154
32.56274882029664,15,1.0,-10890
32.56394542029787,15,2.0,-10649
32.56474482011686,14,1.0,-11536
32.56622013166516,16,11.0,6555
32.56744036443034,9,1.0,9029
32.56976632171924,5,2.0,0
32.57187409199939,16,7.0,3729
32.57238875019455,15,16.0,-10598
32.57345408770028,5,14.0,0
32.573955633858894,13,2.0,-11498
32.574024209453796,15,2.0,-10558
32.57706478546233,15,4.0,-10785
32.577914524131465,16,1.0,7528
32.57945758024134,11,41.0,9005
32.579492625102986,5,3.0,0
32.579985421667516,5,3.0,0
32.58024908260708,3,47.0,9079
32.58243514300964,14,3.0,-11488
32.58429225288778,17,30.0,-3902
32.58482895898579,5,6.0,0
32.58577073153533,15,10.0,-10699
32.586092586181024,5,1.0,0
32.58637284720429,17,2.0,-9225
32.58733526413097,15,4.0,-10507
32.58853334068339,16,1.0,6390
32.594806342402634,15,3.0,-10453
32.5956313965304,15,5.0,-11023
32.59879626099118,15,5.0,-10546
32.59919834193887,16,2.0,6071
32.59966305489216,1,2.0,9080
32.60236958424746,15,1.0,-10690
32.60291049710596,13,1.0,-11538
32.60378578258612,15,2.0,-10639
32.60465595245965,13,1.0,-11537
32.605124743449245,16,2.0,7386
32.605137917014204,13,2.0,-11521
32.606786625428946,15,3.0,-10535
32.607713883873465,15,2.0,-10618
32.6086646277834,17,2.0,-5435
32.61076936898147,15,7.0,-10905
32.614608972635324,15,4.0,-10772
32.61513971488115,5,2.0,0
32.615434603608115,15,3.0,-11001
32.61608344686588,15,4.0,-10978
32.61829022713568,5,1.0,0
32.62023895212753,17,1.0,-1344
32.622092821325495,13,6.0,-11462
32.624109615876186,13,4.0,-11588
32.62413698625007,15,1.0,-10603
32.625796412782826,13,5.0,-11577
32.62994794291464,17,1.0,-7264
32.630126661735844,15,1.0,-10781
32.6301913270448,15,2.0,-10886
32.630887446048696,15,2.0,-10518
32.63094682165212,5,4.0,0
32.632201293522165,15,3.0,-10763
32.63249644731435,17,8.0,-8744
32.63480067175901,15,4.0,-10480
32.634831783271494,15,1.0,-11011
32.635345307152804,17,1.0,-6266
32.63595129438664,13,3.0,-11516
32.6365712600808,15,1.0,-10906
32.640527886783794,15,1.0,-10932
32.64288735084056,17,3.0,-8778
32.6440971180794,15,3.0,-10589
32.64414793254889,15,1.0,-10968
32.64705336829154,15,5.0,-10488
32.647140065775275,15,1.0,-10586
32.64867318824082,5,4.0,0
32.64881910870953,17,7.0,-9299
32.64899072799706,17,3.0,-8806
32.64958569407621,5,1.0,0
32.649703048538214,15,1.0,-10568
32.653003486917996,15,1.0,-10836
32.653339442565354,4,3.0,9081
32.653380676924975,13,1.0,-11544
32.65415648635852,15,2.0,-10633
32.65601913117796,17,1.0,-7187
32.65637585286214,13,2.0,-11495
32.65641322647089,15,4.0,-10680
32.656695054623114,15,1.0,-10561
32.656761492143445,15,1.0,-10686
32.6568177387664,13,3.0,-11547
32.65744520826919,15,1.0,-10580
32.658788756844274,5,24.0,0
32.65891509762336,15,1.0,-10841
32.66040858009498,7,29.0,9011
32.663676758775914,14,2.0,-11527
32.66451575038586,15,3.0,-10834
32.66570259239997,1,19.0,9082
32.66759537427494,5,1.0,0
32.67150940210267,17,1.0,-5034
32.67654405431059,17,1.0,-6309
32.67657916990953,17,3.0,-6817
32.67977885517419,17,1.0,-8216
32.68279482924354,15,5.0,-10508
32.68302993970412,13,2.0,-11562
32.68331823998478,15,11.0,-10855
32.68502562714184,17,2.0,-6287
32.688071702067695,17,1.0,-7976
32.68833816148122,15,3.0,-10524
32.688670607837345,13,1.0,-11549
32.689948945826416,15,2.0,-10465
32.69116437120512,17,1.0,-7899
32.693086476297836,15,5.0,-10786
32.694128362987755,17,1.0,-5549
32.69432586369987,15,29.0,-10962
32.69645573535816,15,4.0,-10637
32.69678467312572,5,3.0,0
32.69893743814934,15,2.0,-10517
32.701122115097284,16,8.0,4162
32.7033234211446,17,3.0,-478
32.704330027419076,13,2.0,-11461
32.7043663462527,15,2.0,-10567
32.706674876460895,13,9.0,-11463
32.71048953287274,13,1.0,-11557
32.710660306688574,10,5.0,9050
32.71156132643607,17,7.0,-8822
32.71336615270036,13,21.0,-11493
32.71437148161864,13,2.0,-11563
32.71463579761096,3,25.0,9083
32.71583740676578,15,1.0,-10659
32.715919211564156,1,8.0,9084
32.71605717003885,3,49.0,9085
32.71650258105231,15,2.0,-10948
32.717118479888185,15,3.0,-10461
32.717422678843846,15,3.0,-10450
32.71769586029591,5,32.0,0
32.71792196516044,14,5.0,-11466
32.718625635131524,7,19.0,8968
32.72009908312678,15,2.0,-10718
32.720628219762446,16,5.0,5665
32.721109319030916,15,2.0,-10529
32.72608407000247,4,13.0,9086
32.72734889503561,14,2.0,-11503
32.729158029613274,17,7.0,-894
32.73024878806295,5,9.0,0
32.730293393728765,14,2.0,-11542
32.73117239620795,15,1.0,-10663
32.733257688587564,17,3.0,-9634
32.733992304160566,11,7.0,9069
32.73419283453319,16,13.0,7026
32.73444838439425,16,45.0,2952
32.73487789457076,15,3.0,-10992
32.73527122635366,17,1.0,-5720
32.73914917053999,15,1.0,-10915
32.7397368173386,5,3.0,0
32.74224219696765,10,3.0,9081
32.74404985919173,5,3.0,0
32.74486493630217,15,1.0,-10742
32.74682889330868,5,4.0,0
32.747344658764405,17,2.0,-8760
32.74741585360052,15,1.0,-10678
32.74853375568768,14,1.0,-11528
32.74878804903951,5,1.0,0
32.74911059155165,5,2.0,0
32.749708729454014,5,3.0,0
32.75373159347705,15,1.0,-10585
32.75840145623549,17,18.0,-3814
32.75865686677309,15,1.0,-10970
32.759786608011794,15,4.0,-11009
32.75999913486457,15,3.0,-11020
32.76031903347972,15,1.0,-10775
32.760746585255156,15,1.0,-10608
32.76584078990234,15,3.0,-10504
32.76743003182038,1,36.0,9087
32.76856461506647,17,1.0,-2681
32.77014802501925,13,2.0,-11464
32.77140792863036,14,11.0,-11481
32.771480312867084,15,2.0,-11002
32.77154877961397,10,9.0,9031
32.77291539008574,16,3.0,8444
32.77397447952933,17,2.0,-6477
32.7742716153157,5,4.0,0
32.775128213558375,15,2.0,-10566
32.77624445716229,17,2.0,-2963
32.77729024034196,15,7.0,-10789
32.77737647520698,17,3.0,-8282
32.77900424270604,16,7.0,7200
32.77968274360531,15,2.0,-10446
32.780273305207345,5,2.0,0
32.78184073003591,14,4.0,-11586
32.78291131116718,5,2.0,0
32.783710587974795,5,3.0,0
32.78469574965936,5,4.0,0
32.788282691054135,13,6.0,-11565
32.79780785913314,15,2.0,-10560
32.80197027124046,16,1.0,6401
32.802194185692336,15,19.0,-10762
32.803051335376736,16,5.0,7252
32.80333257942955,15,2.0,-10838
32.80421605857148,10,49.0,9085
32.8051987900536,17,1.0,-2846
32.80643058231316,113,22.0,-11553
32.80730727539053,5,2.0,0
32.80972312075732,15,5.0,-10822
32.81059990722814,1,3.0,9088
32.81280758938485,5,6.0,0
32.81282684461172,15,14.0,-11014
32.81392174007856,5,5.0,0
32.81625847133749,17,1.0,-5641
32.81629628231633,15,3.0,-10441
32.81795184352797,13,1.0,-11539
32.819174170723926,15,1.0,-10736
32.81943360518228,13,1.0,-11459
32.819845023138754,13,5.0,-11460
32.82003483719795,15,19.0,-10452
32.82008742986705,14,7.0,-11499
32.820209898263215,16,2.0,8880
32.82267912986767,15,13.0,-10826
32.822898409154156,15,12.0,-10448
32.82308716453218,17,1.0,-9151
32.82311790281155,13,2.0,-11556
32.823199470423035,15,2.0,-10850
32.8235845470017,5,2.0,0
32.824358113346086,15,4.0,-10551
32.8244302517057,15,1.0,-10808
32.824760977572,17,1.0,-6443
32.82660140995137,17,10.0,-7324
32.82715756305526,1,5.0,9089
32.83161657534629,16,2.0,6633
32.83186383900433,5,5.0,0
32.834944379633185,15,5.0,-10620
32.83553913538301,13,1.0,-11507
32.8357284045625,5,5.0,0
32.83840687195976,13,6.0,-11479
32.84018035601024,15,1.0,-10562
32.84182819839405,5,50.0,0
32.84281285455869,17,2.0,-3932
32.84393964201124,15,1.0,-10665
32.84440969488733,17,1.0,-4536
32.84455689041001,15,2.0,-10604
32.844861299566944,7,4.0,9024
32.845052350606736,16,2.0,8279
32.845461774548525,17,4.0,-9194
32.845889565481,15,1.0,-10900
32.85063614478181,15,1.0,-10708
32.8518216950369,15,3.0,-10516
32.854049943611756,13,2.0,-11531
32.854777226888345,17,2.0,-6802
32.85536724216002,1,1.0,9090
32.85594952950234,17,3.0,-9940
32.856482821856716,14,4.0,-11525
32.861276624217226,17,1.0,-8871
32.863073442320946,5,2.0,0
32.864719325019905,13,1.0,-11585
32.86507158787311,17,4.0,-2511
32.865420477013494,17,3.0,-8115
32.86680313659425,15,1.0,-10844
32.86841148883412,3,24.0,9091
32.870199569663306,14,11.0,-11506
32.870835713254834,15,6.0,-10916
32.872380444508394,5,1.0,0
32.87281978870444,15,1.0,-10491
32.87505098736902,5,4.0,0
32.87516149151338,15,1.0,-10541
32.87623877953497,4,1.0,9092
32.876726503713186,15,10.0,-10582
32.87793582923039,13,6.0,-11552
32.87837122032539,17,1.0,-7460
32.87956811987488,15,13.0,-10590
32.87998138707364,15,2.0,-10779
32.881054054149544,17,9.0,-6593
32.88108735661068,17,3.0,-7193
32.883995960015184,11,48.0,9015
32.887866012275964,10,24.0,9091
32.888647936850916,5,3.0,0
32.88973524568741,15,4.0,-10704
32.89132339264735,5,7.0,0
32.891482349501956,5,2.0,0
32.894459620135805,13,1.0,-11472
32.896291398141344,15,10.0,-10819
32.897863722768584,5,9.0,0
32.89898942123008,13,11.0,-11582
32.89927408903508,14,2.0,-11473
32.90213475376489,15,1.0,-10971
32.90398325543764,15,9.0,-10995
32.90519747409229,7,1.0,9040
32.908949085549835,13,5.0,-11497
32.910201526767196,15,5.0,-10619
32.91151940834379,13,4.0,-11545
32.91262530470897,15,15.0,-10986
32.91465730219239,16,2.0,4830
32.91505643673303,14,1.0,-11504
32.91556173745515,1,3.0,9093
32.91641660198518,15,2.0,-11010
32.91669693261905,14,4.0,-11523
32.91741223433359,17,4.0,-10430
32.917752463897756,16,6.0,3716
32.91802220802684,17,10.0,-7484
32.9184300407531,15,1.0,-10780
32.91977972160878,15,1.0,-10622
32.92036363548292,17,46.0,-956
32.92078043270603,15,5.0,-11000
32.92267882800899,5,8.0,0
32.925539198970924,13,6.0,-11456
32.92560523863095,17,3.0,-7820
32.92614423749439,15,7.0,-10522
32.92619759627509,13,1.0,-11513
32.92812321975989,3,44.0,9094
32.92982786678818,15,2.0,-10573
32.93437084812012,17,2.0,-7027
32.93465221186216,15,5.0,-10851
32.93955212603915,15,2.0,-10820
32.94032348868247,5,32.0,0
32.941142329359074,16,7.0,2806
32.94339930394429,13,2.0,-11515
32.944603943482846,5,7.0,0
32.94461373831166,15,3.0,-10641
32.94562338445406,5,2.0,0
32.94681903009065,15,1.0,-10983
32.94707276428984,5,3.0,0
32.94909750177588,15,2.0,-10827
32.955427916580376,10,36.0,9071
32.956671081741426,1,5.0,9095
32.957012594719025,5,2.0,0
32.959816475252225,15,3.0,-10911
32.95995376179266,13,3.0,-11476
32.96199977024151,15,1.0,-10898
32.962337999096405,17,1.0,-4946
32.962637030845904,5,3.0,0
32.96300297866021,16,13.0,8224
32.96352620999989,15,2.0,-10644
32.963852074883086,14,3.0,-11510
32.964397456447145,15,5.0,-10670
32.964854266690786,5,2.0,0
32.96677458464923,17,3.0,-7990
32.967038391254896,15,3.0,-10812
32.969191526338065,13,2.0,-11467
32.96946262736345,5,2.0,0
32.971702923941876,16,4.0,2319
32.972161076999384,15,1.0,-10657
32.97336070760291,17,1.0,-8338
32.973933282007664,5,6.0,0
32.974561578888675,5,6.0,0
32.976348220594105,13,1.0,-11522
32.97850457336527,17,9.0,-5853
32.97909480058875,15,8.0,-10668
32.980037200094465,16,55.0,1254
32.98100490896895,3,46.0,9096
32.98171772594874,5,8.0,0
32.98185432301106,15,5.0,-10842
32.981993888727004,15,1.0,-10575
32.98248207983772,17,5.0,-9327
32.98262489785708,17,5.0,-3562
32.982654508559555,15,19.0,-10904
32.98446929819707,5,2.0,0
32.98467188198207,13,1.0,-11581
32.987298763649385,15,2.0,-10549
32.987819663915595,16,5.0,4813
32.988566557679064,15,1.0,-10717
32.98892954927767,17,2.0,-3994
32.989105090542054,15,4.0,-10731
32.99345977718451,17,1.0,-3014
32.99375315752465,15,2.0,-10569
32.99486205188398,13,5.0,-11580
33.00007598473315,15,7.0,-11111
33.00176985741916,13,1.0,-11596
33.00248085809118,11,5.0,9006
33.00266122648376,5,1.0,0
33.00541876773344,14,2.0,-11595
33.0063292418339,14,8.0,-11690
33.00686809834053,17,5.0,-10521
33.00808064263097,13,1.0,-11643
33.008137525892835,17,7.0,-10293
33.009542123083364,17,7.0,-7419
33.00970769099045,15,6.0,-11036
33.01220884788335,15,1.0,-11118
33.01227690099826,17,1.0,-6500
33.01248960596874,15,1.0,-10876
33.01362793786294,17,4.0,-10830
33.01390967673723,7,4.0,9044
33.01536907717679,16,8.0,5512
33.01671622225886,10,25.0,9083
33.01744521786772,15,6.0,-10979
33.01757138674405,17,1.0,-6832
33.0186501554275,15,4.0,-10766
33.02007027585847,9,12.0,9014
33.021169460010384,6,3.0,9055
33.0218334016027,15,3.0,-10809
33.02402991536999,17,2.0,-9652
33.02687195854244,3,59.0,9097
33.02717799398674,16,6.0,8610
33.02824266249242,17,2.0,-5264
33.02824976223107,5,2.0,0
33.029856398035705,5,2.0,0
33.03068036059811,1,4.0,9098
33.03115314164283,16,1.0,1544
33.03124753521842,15,6.0,-10974
33.03253178164136,5,1.0,0
33.032812767575614,14,4.0,-11628
33.03371751289379,14,1.0,-11608
33.03554347524535,15,1.0,-11222
33.03685789669533,13,1.0,-11686
33.03778871099808,4,4.0,9099
33.03806249436894,15,2.0,-10991
33.038895912813636,15,9.0,-10942
33.03893459427511,15,2.0,-11304
33.03996209805534,17,1.0,-6221
33.04199995786668,15,3.0,-10852
33.04214974254678,14,3.0,-11646
33.04290337786124,15,1.0,-11264
33.043620559380244,15,4.0,-11273
33.04430234842861,17,7.0,-5816
33.04430831722835,15,1.0,-11225
33.04565144713259,5,3.0,0
33.04609914001265,15,7.0,-10919
33.04609914001265,17,7.0,-10919
33.047914159679976,17,52.0,-7144
33.048224156448605,15,10.0,-11151
33.04878446437617,15,3.0,-11230
33.049314490683635,5,5.0,0
33.049442614746894,17,2.0,-9513
33.05267134020826,13,2.0,-11679
33.052882182894166,15,1.0,-10732
33.05418564431515,15,1.0,-11252
33.05759715913827,15,1.0,-10805
33.05897630546888,5,6.0,0
33.06436567828259,13,35.0,-11615
33.06619288390759,15,1.0,-11227
33.06836589136449,15,1.0,-11104
33.071142997579855,16,3.0,8889
33.071504202448594,17,3.0,-6182
33.07576517938317,17,1.0,-8571
33.07686104435312,15,3.0,-11272
33.07856969434485,1,3.0,9100
33.084324148716554,5,2.0,0
33.08597577864227,15,12.0,-11191
33.08646592767439,15,2.0,-10969
33.08655779098807,17,1.0,-1849
33.08956597782218,17,2.0,-2653
33.09025917102276,16,6.0,4353
33.09309353277054,15,3.0,-10860
33.09318158913786,5,6.0,0
33.09395834414215,17,6.0,-9387
33.09449245935404,15,1.0,-10973
33.098208141927095,17,4.0,-8568
33.099869053801875,16,2.0,8335
33.10023028300943,17,2.0,-10700
33.101381115302416,15,5.0,-10967
33.10625257753792,5,1.0,0
33.10695701290347,14,9.0,-11593
33.10709037769722,17,6.0,-4099
33.10724169366793,5,1.0,0
33.107899892408284,5,3.0,0
33.10882190975505,5,1.0,0
33.109635953846215,1,1.0,9101
33.11045312893266,15,8.0,-10945
33.11061790453223,13,1.0,-11704
33.112128578202224,16,8.0,1748
33.11228963596676,13,6.0,-11611
33.113119393348256,14,18.0,-11637
33.114386578098255,14,1.0,-11674
33.11549833267092,15,3.0,-11056
33.11552062571521,5,40.0,0
33.115523513685446,15,1.0,-11159
33.12085895872536,15,6.0,-10754
33.12128541138155,5,4.0,0
33.12175245877086,15,1.0,-11211
33.122920265298276,5,3.0,0
33.12481558711736,16,1.0,4200
33.1248925624547,13,7.0,-11713
33.125623391272846,15,1.0,-11213
33.12643880122337,6,2.0,9068
33.131307648916284,5,1.0,0
33.131593491050545,13,4.0,-11724
33.132102153839924,13,2.0,-11650
33.13214316269239,15,1.0,-11145
33.13553331109052,17,4.0,-2518
33.136583592019164,15,1.0,-11054
33.13807017085397,6,1.0,9101
33.13821618592741,7,2.0,9038
33.140344909129006,15,4.0,-10990
33.14163518812743,15,1.0,-10963
33.14212125354517,6,28.0,9048
33.14287501189028,14,2.0,-11626
33.143891921069674,15,13.0,-11034
33.144893506547106,15,2.0,-10933
33.14823903713857,9,4.0,9057
33.148895123837875,17,1.0,-7981
33.14971072150628,15,1.0,-11226
33.151817326899945,17,2.0,-10152
33.15324234112132,13,2.0,-11688
33.15350404649243,5,3.0,0
33.15505284950092,15,3.0,-10865
33.159950114798455,15,4.0,-11008
33.160887946305394,15,8.0,-11248
33.160954260376684,14,23.0,-11621
33.16285178651753,15,3.0,-11101
33.164833030200114,4,1.0,9102
33.16619653563627,15,1.0,-11024
33.16725278550455,14,12.0,-11591
33.1689018995774,15,1.0,-10895
33.16997565582602,17,4.0,-10213
33.17235017904876,14,5.0,-11607
33.17262458716402,15,3.0,-10743
33.17492816947022,5,1.0,0
33.17571785596459,5,7.0,0
33.17587270559983,15,1.0,-10981
33.17639869868252,11,6.0,9047
33.17716398167949,15,1.0,-11043
33.17764535112504,14,1.0,-11698
33.17795285884779,5,3.0,0
33.17837440114247,13,3.0,-11663
33.17849989106888,15,2.0,-11298
33.17861756883937,15,1.0,-10976
33.17966641833699,13,2.0,-11683
33.18147265941133,5,3.0,0
33.18431512759246,14,3.0,-11618
33.19045917613699,5,3.0,0
33.19055352583358,16,3.0,7896
33.19352024024481,13,3.0,-11600
33.19579011574101,15,4.0,-10759
33.196493825973434,1,2.0,9103
33.198785324379486,5,8.0,0
33.20080542317354,5,3.0,0
33.20128024996154,17,3.0,-1101
33.20264645269112,5,3.0,0
33.20464818846506,15,1.0,-11270
33.20467295041348,15,2.0,-10739
33.20802186384905,15,4.0,-11187
33.2084430992949,15,3.0,-10752
33.210068629414025,13,1.0,-11644
33.210165749532145,10,46.0,9096
33.212878338522735,11,9.0,8984
33.213096893486174,15,2.0,-11150
33.213124322762724,15,4.0,-11265
33.21320645988067,15,4.0,-11070
33.22676358744092,17,4.0,-3324
33.228399269833524,15,1.0,-10875
33.23027664626557,15,3.0,-10756
33.23469519338152,13,2.0,-11590
33.23492737102256,15,3.0,-11172
33.2364874323754,15,2.0,-11031
33.23699643802829,5,1.0,0
33.23803919089986,5,4.0,0
33.23919278937699,5,5.0,0
33.240217055244784,15,1.0,-10737
33.24073272727535,14,3.0,-11666
33.24075035993927,15,4.0,-11047
33.24127458515193,4,2.0,9104
33.24136263823287,14,5.0,-11681
33.241593967696645,15,9.0,-11194
33.24194028138374,16,2.0,8085
33.24361322236169,15,20.0,-11253
33.243730220322554,14,2.0,-11623
33.244472250038896,5,5.0,0
33.2456400069447,13,3.0,-11684
33.25067196936389,113,49.0,-11675
33.251879005429316,5,7.0,0
33.2522552994265,14,5.0,-11699
33.25330543551549,15,4.0,-10877
33.2548481737392,15,1.0,-10845
33.255274003329184,15,4.0,-10913
33.25779033135103,15,6.0,-11027
33.25884502173946,13,1.0,-11654
33.25899753814335,15,1.0,-10893
33.261624484834584,14,19.0,-11639
33.26785864338852,14,18.0,-11605
33.2681328855349,13,2.0,-11692
33.26987578780808,13,2.0,-11722
33.27181816435181,15,8.0,-11087
33.275460710470696,15,4.0,-10907
33.27546966813189,7,6.0,9056
33.27657217225675,13,3.0,-11706
33.277962449497956,6,4.0,9098
33.2794950210859,16,1.0,5986
33.285387058305496,5,11.0,0
33.28589659832764,17,1.0,-7880
33.286101648340775,15,2.0,-10799
33.28901230019766,15,1.0,-11026
33.2919334831837,15,5.0,-10831
33.2920825862869,5,9.0,0
33.296284517719506,16,32.0,3188
33.29714892502949,17,4.0,-10955
33.29765309714982,17,4.0,-5482
33.29790226811573,15,2.0,-11164
33.29901640381541,5,1.0,0
33.30447200216019,5,3.0,0
33.30590302344212,5,2.0,0
33.30616394284877,16,1.0,8648
33.3069170510872,15,2.0,-11113
33.307455298855324,5,1.0,0
33.30986789526148,5,1.0,0
33.31058270616557,5,4.0,0
33.314291637088836,4,6.0,9105
33.314601656426404,15,1.0,-10814
33.31501291189897,15,1.0,-11018
33.316927337367375,15,2.0,-10747
33.31701578236802,17,24.0,-10528
33.31813767435107,15,2.0,-10920
33.319937927568134,17,1.0,-9209
33.32147043309348,15,3.0,-10755
33.32357181855854,13,3.0,-11671
33.324214911969406,7,28.0,9048
33.325111301157555,5,2.0,0
33.32642551587277,17,2.0,-6582
33.32715284846239,13,2.0,-11718
33.32744241928828,6,19.0,9082
33.32747775329075,6,3.0,9088
33.3278789394404,5,1.0,0
33.32833432235044,17,1.0,-7273
33.33549085761167,5,1.0,0
33.33596135925767,15,2.0,-10810
33.33621067959882,15,2.0,-10908
33.340107623542494,13,1.0,-11630
33.342012070171656,15,3.0,-11284
33.342189114553214,5,36.0,0
33.34356411215927,17,4.0,-6265
33.34365864580319,1,3.0,9106
33.344087424929555,17,2.0,-5344
33.34462300644773,15,2.0,-10943
33.346383293796436,15,3.0,-10813
33.34763561244589,13,1.0,-11665
33.34990168486493,13,2.0,-11664
33.350682491834874,5,8.0,0
33.35470248165099,6,1.0,9065
33.35934887017545,17,4.0,-3034
33.360409542477264,15,1.0,-11006
33.363269242684744,17,2.0,-1547
33.36355879834488,13,2.0,-11689
33.37508159855232,5,1.0,0
33.37560942114173,5,2.0,0
33.37573119018674,15,1.0,-10921
33.37600053980859,14,4.0,-11597
33.37694500539855,15,1.0,-10751
33.378620863454366,15,7.0,-11209
33.38227593883582,15,3.0,-10788
33.38281155945243,15,2.0,-10764
33.38621866072075,15,4.0,-10944
33.388162948635596,14,1.0,-11610
33.38892534556532,17,2.0,-2529
33.39169935979991,15,1.0,-11170
33.39212936403439,15,1.0,-10869
33.393139136511365,17,4.0,-8353
33.39952300693231,5,2.0,0
33.40106399637837,5,5.0,0
33.401645826384865,5,1.0,0
33.401899254925446,14,2.0,-11651
33.404335548984754,4,10.0,9107
33.404519968199644,15,1.0,-10985
33.40612281874495,15,5.0,-10782
33.40916600509487,15,2.0,-10768
33.41087536713841,15,1.0,-11166
33.41140241594371,15,2.0,-11039
33.41660745569415,1,2.0,9108
33.4175995462962,15,3.0,-10988
33.41913875725637,15,1.0,-10917
33.419189321804105,15,15.0,-10910
33.42125542581893,16,2.0,8680
33.421561668268,5,3.0,0
33.422395093407324,15,2.0,-10856
33.42318109872007,13,1.0,-11695
33.42326910967394,15,5.0,-11049
33.42580386257239,4,52.0,9109
33.42879229335617,5,4.0,0
33.43031174911877,13,9.0,-11682
33.432436969001245,15,1.0,-10797
33.43373960065496,7,1.0,9037
33.4345176011493,10,59.0,9097
33.43505476057259,14,8.0,-11612
33.43694206549293,15,3.0,-10823
33.43735618994797,17,3.0,-8628
33.43920333631252,15,1.0,-11013
33.442366066973214,5,3.0,0
33.443982016330196,17,2.0,-8463
33.44404092701928,11,4.0,9073
33.445044991634695,5,4.0,0
33.447360101658674,9,5.0,9013
33.44804122058219,16,2.0,8256
33.44967079604816,13,1.0,-11672
33.451085800010404,15,3.0,-11015
33.45109531502362,17,4.0,-8701
33.451229505257956,13,3.0,-11661
33.45347212891633,15,3.0,-11292
33.45423007782273,9,5.0,9042
33.45660132652959,13,2.0,-11603
33.45718698278651,13,3.0,-11631
33.457567932286985,15,2.0,-11317
33.45930617565001,5,3.0,0
33.46212231018472,15,3.0,-11016
33.46500537593862,15,4.0,-11178
33.465229572250294,13,2.0,-11617
33.46647990652622,17,3.0,-4763
33.46687029518853,11,57.0,9034
33.468074654384985,4,26.0,9110
33.473029074666535,14,2.0,-11703
33.47311773964577,15,3.0,-11048
33.47436963106037,15,4.0,-10837
33.47468734049478,15,8.0,-10894
33.47508568160633,5,4.0,0
33.48000688491501,15,5.0,-10807
33.4809896705633,14,7.0,-11629
33.48489230469202,15,10.0,-10880
33.48498007473126,15,2.0,-10982
33.48516468828625,1,9.0,9111
33.48599504417976,13,5.0,-11625
33.486185768226555,13,6.0,-11620
33.48799271160531,5,4.0,0
33.488098261806314,7,3.0,9045
33.488618582971796,15,2.0,-10897
33.48939718046559,13,3.0,-11616
33.48961443162979,17,2.0,-5762
33.491742707256236,14,4.0,-11609
33.492795843259614,13,3.0,-11613
33.49385173815138,5,3.0,0
33.494995323148615,15,2.0,-10868
33.496092660846536,13,2.0,-11648
33.496884345533005,14,4.0,-11657
33.49711198248022,15,11.0,-10980
33.498931401415014,17,5.0,-6601
33.500850174599364,13,1.0,-11594
33.5023813377985,15,1.0,-10909
33.5033474126177,17,1.0,-7756
33.50847092899873,14,6.0,-11716
33.51003684335862,15,4.0,-11085
33.5101527370437,5,2.0,0
33.51251307836887,5,4.0,0
33.51292433806191,15,3.0,-10840
33.51310739614806,13,1.0,-11709
33.51329108866941,15,1.0,-11160
33.51394060828196,15,1.0,-11041
33.51521390114175,17,1.0,-8011
33.5178696022977,17,4.0,-6586
33.5190496906642,5,1.0,0
33.52054588691984,9,7.0,9016
33.521992524239515,14,1.0,-11599
33.52245292032003,14,1.0,-11680
33.52411177384068,14,1.0,-11673
33.52412829067636,17,3.0,-7006
33.5259417159042,7,3.0,9062
33.527895434024785,5,10.0,0
33.52850093293704,15,1.0,-11205
33.528819159605305,17,2.0,-1285
33.53127276157964,13,1.0,-11708
33.533494963489325,15,1.0,-11288
33.53449727003355,7,6.0,9063
33.534917435068316,11,5.0,9033
33.53545109297529,17,3.0,-6211
33.53910613568872,15,6.0,-11092
33.54333122210608,15,1.0,-10853
33.54371812698206,17,2.0,-7038
33.54507214491656,13,1.0,-11649
33.54806533721158,15,1.0,-10892
33.54839511550301,17,3.0,-8687
33.548946236333315,15,13.0,-10748
33.54908484392187,15,1.0,-10883
33.54909641429936,5,14.0,0
33.54943126774624,15,4.0,-10791
33.54943126774624,17,4.0,-10791
33.55040131231465,15,4.0,-11184
33.550770365704814,15,5.0,-11127
33.55152094457414,15,7.0,-11269
33.551997343414406,17,2.0,-5290
33.55391196291185,15,2.0,-10858
33.55637731437241,15,2.0,-11212
33.5564786881128,15,2.0,-11258
33.556516897016806,17,3.0,-7852
33.55730913847445,13,3.0,-11601
33.55827808553647,16,1.0,3259
33.55835739888925,15,1.0,-10938
33.55868126409482,9,2.0,9046
33.55916027312667,15,5.0,-11057
33.560292880786434,17,2.0,-3415
33.561665022140375,17,7.0,-7913
33.561744938621345,5,7.0,0
33.56247304780926,17,1.0,-8155
33.563803910619015,15,2.0,-11107
33.56622808939934,15,1.0,-10771
33.56624439109795,15,10.0,-10839
33.56782543353542,15,4.0,-11229
33.5694875304916,10,26.0,9110
33.57095148034344,1,5.0,9112
33.57163485813571,13,1.0,-11592
33.5732964731367,14,3.0,-11701
33.57389276531518,13,1.0,-11693
33.57691848314431,15,2.0,-10934
33.57702876726451,15,2.0,-10778
33.57983955271023,16,3.0,5701
33.581087099968556,17,3.0,-6390
33.581964922577946,15,1.0,-10790
33.58325896097536,17,2.0,-7658
33.58334410954511,16,6.0,4779
33.585435817195844,17,4.0,-4857
33.587579403767286,15,3.0,-11109
33.58759980947704,15,5.0,-10994
33.58761781193288,15,2.0,-11240
33.58761781193288,17,2.0,-11240
33.58901367004477,15,2.0,-11223
33.59135635766173,15,6.0,-10873
33.59269596376085,14,1.0,-11669
33.59311718183758,5,5.0,0
33.593249065655854,15,3.0,-11022
33.59423436052586,17,3.0,-615
33.59595820207218,16,7.0,6671
33.60061343618027,5,13.0,0
33.600765446269605,5,1.0,0
33.602025978270284,15,2.0,-10884
33.60476728205103,17,2.0,-4109
33.606780118089056,17,7.0,-4231
33.60855117836093,13,6.0,-11634
33.61049401641059,17,1.0,-9563
33.61071048668316,17,1.0,-4854
33.61137749248629,15,1.0,-11186
33.615731133205635,15,1.0,-10832
33.620174473475615,13,15.0,-11711
33.62090699236159,16,1.0,8340
33.62255074893555,17,14.0,-8084
33.6238531272317,15,2.0,-11314
33.62433622141549,15,4.0,-11141
33.62446329019585,10,10.0,9107
33.62476975317178,15,2.0,-10940
33.626853463507814,5,8.0,0
33.62892299129887,16,2.0,4180
33.63000866409074,14,11.0,-11723
33.63045020357906,17,1.0,-7869
33.63168776650758,13,3.0,-11687
33.63228428077022,15,5.0,-10843
33.63278348861556,5,4.0,0
33.63279749491363,10,50.0,9064
33.63372835868762,15,3.0,-10941
33.63556033734581,13,5.0,-11619
33.63689424702788,8,4.0,9041
33.63854647309594,15,4.0,-10902
33.638843302540934,4,4.0,9113
33.63885281822182,17,2.0,-6371
33.639194219212285,16,3.0,2554
33.63955025373873,15,4.0,-10914
33.642862575360965,15,6.0,-11294
33.642862575360965,17,6.0,-11294
33.644775776608434,15,1.0,-10896
33.64549975678364,15,2.0,-11093
33.645669034441724,17,2.0,-3974
33.645805401718874,7,4.0,9070
33.646481533267206,15,5.0,-11117
33.646481533267206,17,5.0,-11117
33.65034509074849,7,2.0,9058
33.65189346029562,5,3.0,0
33.654218828690325,14,2.0,-11715
33.655242686251015,13,1.0,-11676
33.66001551998952,10,44.0,9026
33.660035307650986,15,4.0,-10946
33.66038491370738,6,5.0,9089
33.660805728806764,15,1.0,-10817
33.66082302434135,17,1.0,-10400
33.66106160703681,5,3.0,0
33.66156862929545,17,1.0,-3283
33.663270375806135,1,4.0,9114
33.66502017516108,13,5.0,-11696
33.669077035296944,15,7.0,-10857
33.669077035296944,17,7.0,-10857
33.6696909902689,5,6.0,0
33.67007410480266,16,8.0,6327
33.67043807905727,15,1.0,-11003
33.67068116347521,15,3.0,-10996
33.67151581283873,17,1.0,-5078
33.672926199093595,15,6.0,-11103
33.673491452560754,113,34.0,-11697
33.67370633129579,15,2.0,-10761
33.673975919570736,14,2.0,-11638
33.67693663653928,17,3.0,-8870
33.68236335568485,5,9.0,0
33.683974502581464,15,3.0,-11297
33.68677452071611,6,13.0,9051
33.69008387240571,15,7.0,-11017
33.6958848585182,13,1.0,-11662
33.69617475353465,17,1.0,-8426
33.69630099451031,16,4.0,2071
33.697993444021535,113,26.0,-11720
33.699319059898656,15,1.0,-11078
33.69968657427896,15,3.0,-10859
33.69984355857957,15,1.0,-10746
33.700459146052374,5,3.0,0
33.70346511057487,15,7.0,-10854
33.70370082787164,1,4.0,9115
33.70386760946983,5,2.0,0
33.705836909812994,15,1.0,-11090
33.707397455906644,17,2.0,-4792
33.71205383369639,17,3.0,-6155
33.71260899951029,15,1.0,-10999
33.71268953328562,17,9.0,-328
33.713014439746374,17,2.0,-3440
33.714217417802494,17,5.0,-6868
33.716254218098456,15,1.0,-10954
33.71629054382137,5,1.0,0
33.716790326462984,13,1.0,-11668
33.72007518679243,15,1.0,-11303
33.72280574586451,13,2.0,-11652
33.72447159892385,15,9.0,-10753
33.726015230555085,13,4.0,-11602
33.72801877573841,14,1.0,-11655
33.72809921143537,15,1.0,-11277
33.72848704813539,17,1.0,-8483
33.73013962271235,17,1.0,-8316
33.73132847873754,14,3.0,-11606
33.73161315141495,17,1.0,-8809
33.733992304160566,16,7.0,9069
33.73748670677553,17,3.0,-8257
33.73888531519124,15,2.0,-10951
33.73908222810289,15,1.0,-10802
33.73908222810289,17,1.0,-10802
33.742040115886326,17,8.0,-6230
33.74266542569571,3,32.0,9116
33.74287675262117,17,2.0,-5605
33.74296534398388,16,1.0,7927
33.74308112643463,6,36.0,9087
33.743352703519136,5,4.0,0
33.74367586900547,17,2.0,-5081
33.7459232852366,17,2.0,-8201
33.74627834417123,17,3.0,-7640
33.74833715094727,15,5.0,-11198
33.74961286277774,15,1.0,-10760
33.750247351152254,15,1.0,-10862
33.75308094155174,11,15.0,9077
33.753506048168326,5,2.0,0
33.75416307286285,15,1.0,-11121
33.7560904464708,17,2.0,-4125
33.75674676935067,17,6.0,-4822
33.75761406918921,13,11.0,-11702
33.75833762028699,14,7.0,-11677
33.75846047577342,13,1.0,-11598
33.75861301720944,15,21.0,-11124
33.75908184798416,15,2.0,-11263
33.75908184798416,17,2.0,-11263
33.75912099574245,1,7.0,9117
33.759232723243024,5,7.0,0
33.7605984791669,5,3.0,0
33.761024989060125,5,1.0,0
33.7620574534901,17,1.0,-5403
33.76340314718494,5,4.0,0
33.76487013650013,13,3.0,-11719
33.76661227622712,15,1.0,-10846
33.770224135512095,15,1.0,-10903
33.770224135512095,17,1.0,-10903
33.77236639433109,14,10.0,-11660
33.77374659480657,4,20.0,9118
33.77377779773076,15,2.0,-10972
33.77471359023841,15,3.0,-11004
33.7770722314073,16,4.0,5811
33.77751062268595,16,34.0,2919
33.77795058139994,15,1.0,-10824
33.778435769057964,10,2.0,9104
33.778796680095326,15,1.0,-10864
33.778926876560256,17,7.0,-5025
33.782565855005146,9,4.0,9041
33.782567723928004,5,4.0,0
33.783872435073846,17,52.0,-3750
33.78537962290867,15,2.0,-11157
33.79072606377983,15,1.0,-11032
33.790938101211694,15,6.0,-11183
33.79105361894359,15,6.0,-11138
33.79233891798723,6,9.0,9111
33.792632765030774,17,11.0,-7473
33.79349294358592,17,5.0,-2697
33.79351895995035,14,3.0,-11714
33.794079482746284,17,11.0,-5996
33.79442466740473,14,1.0,-11635
33.79753920776753,5,15.0,0
33.80122664393685,5,1.0,0
33.801470741113334,15,1.0,-11231
33.802947657286346,15,3.0,-10777
33.80406941941086,15,5.0,-10882
33.80514616945549,15,3.0,-11007
33.80587615680506,1,41.0,9119
33.80683649409483,13,1.0,-11691
33.80756302683033,5,2.0,0
33.810090149142624,15,9.0,-11267
33.81303709255015,15,2.0,-10928
33.81370319823882,5,7.0,0
33.81395461203937,17,1.0,-499
33.81847127771561,15,1.0,-11100
33.81992024648816,15,5.0,-11143
33.81995331859366,13,8.0,-11645
33.82020239085938,14,1.0,-11694
33.82030662147578,15,2.0,-11283
33.820503518803854,15,1.0,-10923
33.82084596269241,10,4.0,9113
33.8222186559827,17,3.0,-6646
33.82334564835335,14,3.0,-11647
33.82697129700119,14,3.0,-11641
33.82749585316932,15,4.0,-10796
33.83261055479342,15,4.0,-11259
33.83375861632468,15,5.0,-11296
33.83469858251385,4,1.0,9120
33.83710022111137,17,57.0,-5578
33.83836012754218,15,2.0,-11105
33.84016255198091,5,2.0,0
33.84228207854664,15,3.0,-10744
33.84388894446373,15,4.0,-11200
33.84388894446373,17,4.0,-11200
33.84469899852388,17,6.0,-6753
33.84575846694812,16,9.0,3701
33.84832974165963,16,2.0,6340
33.84962631501415,15,1.0,-11053
33.85136635728577,5,1.0,0
33.85184049392022,15,1.0,-10835
33.85186136765907,5,3.0,0
33.8530659035766,15,2.0,-10997
33.854624824308885,113,25.0,-11721
33.85499557312152,5,2.0,0
33.855111388445735,13,1.0,-11705
33.85620326548178,15,2.0,-11114
33.856869500429575,16,4.0,6410
33.85740211411321,7,2.0,9068
33.8588560209808,5,1.0,0
33.85942773956543,6,3.0,9100
33.862609366634324,15,1.0,-11173
33.86392117834218,17,10.0,-7231
33.86676362683728,5,2.0,0
33.86871534327229,13,3.0,-11614
33.871145937047984,13,1.0,-11636
33.87193030403147,15,1.0,-11286
33.87242844345729,5,1.0,0
33.87262970381932,5,3.0,0
33.872756406693185,17,1.0,-7133
33.87387295933472,14,26.0,-11700
33.874285184484165,13,1.0,-11707
33.87603017534621,17,1.0,-6594
33.877057600967404,15,2.0,-10964
33.879541516225224,13,2.0,-11712
33.88086387571808,15,10.0,-10924
33.881427510193035,13,2.0,-11670
33.88151716305044,5,3.0,0
33.882279254714476,15,4.0,-11193
33.88417545229553,13,3.0,-11642
33.88547421154543,17,6.0,-7614
33.88594526749576,13,5.0,-11685
33.88988173091981,17,11.0,-9589
33.89109465431127,17,4.0,-10599
33.893335882109554,16,1.0,8530
33.893752316557205,15,1.0,-10776
33.89497945302089,15,2.0,-10806
33.895570143236284,16,2.0,7868
33.89662903407338,14,2.0,-11710
33.896653696045504,15,2.0,-11083
33.89674605870462,5,3.0,0
33.89860177796598,15,2.0,-11234
33.8991552538791,15,5.0,-10929
33.9002456761938,15,2.0,-11106
33.90808370097278,5,3.0,0
33.90916536131064,4,5.0,9121
33.90929212168776,5,3.0,0
33.909524486328664,5,2.0,0
33.90969002800554,15,2.0,-11055
33.90995411464605,5,8.0,0
33.91053456931562,13,1.0,-11633
33.9105937280681,5,5.0,0
33.91073833910122,5,3.0,0
33.91137349503394,17,2.0,-6980
33.91183591662701,17,4.0,-8963
33.91201415765927,16,41.0,8927
33.914253189265565,15,1.0,-10885
33.91559107470979,5,2.0,0
33.91618739037672,15,5.0,-10899
33.91647350421822,17,2.0,-7747
33.91879226126952,14,3.0,-11622
33.91936340594691,6,2.0,9108
33.9199781787232,17,6.0,-6828
33.92105754388732,10,4.0,9099
33.923943662731794,5,1.0,0
33.924141206896884,15,8.0,-10740
33.92417486045562,15,5.0,-10957
33.92521576729314,15,2.0,-10787
33.9260410672123,5,6.0,0
33.92719266388099,15,3.0,-10741
33.92856326281038,15,46.0,-11196
33.92875920853906,15,1.0,-10866
33.929155470744625,15,1.0,-11130
33.9292470257695,5,11.0,0
33.93008358533852,13,3.0,-11653
33.93021290896557,17,1.0,-8467
33.93167387598743,15,2.0,-11154
33.934052841396635,13,1.0,-11624
33.93667530734249,5,2.0,0
33.940851262817105,15,1.0,-11308
33.94099244059185,15,5.0,-10793
33.94212991713576,16,2.0,6205
33.94392335375489,16,3.0,2888
33.94412172532187,15,2.0,-11257
33.944621515168905,11,59.0,9035
33.94492871589738,14,2.0,-11659
33.94777718360937,13,1.0,-11717
33.95155187827542,13,2.0,-11640
33.95280083562914,17,1.0,-8175
33.95374941431723,17,6.0,-8542
33.95403487920273,15,1.0,-11219
33.9548937166308,11,24.0,9091
33.95569099466097,14,1.0,-11667
33.955708503788294,17,1.0,-4546
33.9576403813453,3,42.0,9122
33.95856739247875,15,16.0,-11224
33.9595005291343,13,2.0,-11627
33.96047801682318,14,8.0,-11658
33.961266187830425,6,4.0,9115
33.961402451258074,13,2.0,-11656
33.96199977024151,17,1.0,-10898
33.96343582383338,10,20.0,9118
33.96607894010168,16,54.0,3812
33.96665052290235,8,2.0,9049
33.969393082066055,13,18.0,-11678
33.97041845963171,15,2.0,-11019
33.97054616386478,15,1.0,-11168
33.970872221828536,5,3.0,0
33.97092616446785,15,6.0,-10998
33.972339836426904,15,1.0,-10926
33.974433398473195,15,2.0,-10774
33.97569745442463,16,14.0,4812
33.976334902693345,5,5.0,0
33.97654174222335,15,1.0,-10757
33.9784876098391,5,4.0,0
33.978801273718375,14,5.0,-11632
33.98836599179397,5,3.0,0
33.9895823407673,6,7.0,9078
33.99467727541023,16,4.0,7879
33.99859408341035,113,53.0,-11604
33.9990294064971,15,1.0,-11028
34.00043627622043,13,3.0,-11856
34.00379292963804,17,1.0,-5199
34.00485420441937,15,4.0,-11309
34.007108986996755,15,2.0,-11376
34.00814631689621,15,1.0,-11369
34.00970447541856,17,1.0,-10278
34.01060440607663,15,1.0,-11144
34.011321368495665,15,2.0,-11390
34.01170783704142,5,31.0,0
34.01231745298235,13,54.0,-11726
34.014319504539465,15,8.0,-11206
34.0150803520107,11,46.0,9067
34.01743225074028,17,2.0,-10268
34.01843226484908,5,1.0,0
34.0195670012855,5,3.0,0
34.022479254406434,15,2.0,-11203
34.023815429085744,15,2.0,-11220
34.02436471747274,13,1.0,-11776
34.026402466421835,5,8.0,0
34.028116332423124,15,9.0,-11158
34.02812402299804,5,4.0,0
34.03028084551254,15,1.0,-11430
34.031046422381905,5,1.0,0
34.03340267140986,15,1.0,-11454
34.034308070102945,16,2.0,8522
34.035014344572694,5,1.0,0
34.035914485991015,17,2.0,-6534
34.03658921922329,16,55.0,1117
34.03782104915645,5,4.0,0
34.03793606192076,15,3.0,-11356
34.03894884182004,14,1.0,-11859
34.039066967594714,10,44.0,9094
34.039830810615875,15,2.0,-11427
34.04390844842735,11,2.0,9025
34.046407817121754,7,10.0,9060
34.051098125190435,15,4.0,-11420
34.05212911445692,17,1.0,-5066
34.053370420962494,3,30.0,9123
34.05341100146314,15,21.0,-11169
34.05382276161513,5,3.0,0
34.056075178476085,15,1.0,-11334
34.056245479442964,15,4.0,-11374
34.059909488033924,1,3.0,9124
34.06346894681362,15,11.0,-11091
34.0651081533297,15,1.0,-11174
34.06658292464477,15,2.0,-11179
34.06775606631635,15,1.0,-11175
34.06778462621389,4,2.0,9125
34.06861193896182,14,1.0,-11794
34.06984585646807,17,1.0,-8667
34.07320420243075,9,2.0,9049
34.07539705496801,15,13.0,-11236
34.07737884765596,5,2.0,0
34.07780964280447,17,1.0,-8452
34.07820650354422,15,4.0,-11426
34.07829859060801,15,3.0,-11261
34.079138536156684,1,1.0,9126
34.079749939162205,17,1.0,-10186
34.08014487180522,15,1.0,-11301
34.08029508270742,15,1.0,-11177
34.081664065628274,17,1.0,-4711
34.08252600318462,4,4.0,9127
34.08259602131579,14,3.0,-11762
34.08262232764998,17,1.0,-9662
34.08281300535404,14,1.0,-11847
34.08454386175567,15,1.0,-11312
34.08563205051776,5,9.0,0
34.08599026508726,17,3.0,-5920
34.087919421638546,14,1.0,-11824
34.08863643494285,15,3.0,-11366
34.089437335342105,5,1.0,0
34.09158071940474,15,1.0,-11069
34.09289656005124,15,2.0,-11108
34.0931755241628,15,1.0,-11181
34.09426045797192,13,4.0,-11740
34.09490221106028,13,2.0,-11789
34.095114776501894,16,1.0,6038
34.095246325266615,13,2.0,-11779
34.09631705821055,113,26.0,-11749
34.09644631899388,15,3.0,-11122
34.1001240761931,15,9.0,-11432
34.10127533960852,15,6.0,-11254
34.10127533960852,17,6.0,-11254
34.10180718176641,16,56.0,2106
34.102199603083754,5,3.0,0
34.105495755528565,5,2.0,0
34.10552190314962,6,1.0,9090
34.10854085991299,13,1.0,-11786
34.110116684694454,13,2.0,-11825
34.11168957725389,17,6.0,-8887
34.113657197792875,17,2.0,-10311
34.11560156526638,5,1.0,0
34.11755594414158,5,3.0,0
34.11806366156313,15,1.0,-11388
34.11836616276691,17,1.0,-10198
34.11962369784397,14,4.0,-11781
34.120010028300044,15,3.0,-11095
34.121779484634075,16,9.0,1471
34.12622903803764,3,5.0,9128
34.126371063806715,15,2.0,-11316
34.12648667566505,15,7.0,-11120
34.12882300713664,15,1.0,-11251
34.13033471194658,5,1.0,0
34.13153879455774,13,4.0,-11848
34.13262658247049,14,1.0,-11806
34.1331762258306,15,2.0,-11232
34.13590942256587,15,3.0,-11112
34.13647873338509,15,1.0,-11132
34.13706235864566,14,3.0,-11778
34.137534559265504,5,9.0,0
34.14077275517219,15,2.0,-11291
34.14225022739463,17,2.0,-7809
34.14303669807963,10,5.0,9128
34.14393519630912,14,3.0,-11746
34.146725281574305,5,1.0,0
34.14869718703003,5,1.0,0
34.14905238568415,6,4.0,9114
34.14926639210421,6,2.0,9080
34.15055042732979,15,1.0,-11067
34.150786920267734,1,4.0,9129
34.15096058823406,15,3.0,-11142
34.15416901499038,13,8.0,-11758
34.154390892511,15,2.0,-11423
34.15633819032179,15,1.0,-11241
34.156946718438284,15,2.0,-11098
34.15703080583175,17,1.0,-9819
34.15950177898098,15,2.0,-11163
34.16003693472802,15,2.0,-11411
34.16337944114967,17,3.0,-10274
34.16454555647711,15,1.0,-11416
34.164893954834206,5,5.0,0
34.165978750392995,1,3.0,9130
34.166153668758355,15,16.0,-11266
34.16968245472304,13,1.0,-11741
34.17041340487989,13,1.0,-11732
34.17092635869872,15,1.0,-11217
34.17318975895002,15,1.0,-11182
34.17328503474732,5,1.0,0
34.17480263450716,15,1.0,-11268
34.17544314070536,5,3.0,0
34.18000808487659,5,13.0,0
34.18419815576734,11,55.0,9066
34.18420474941705,15,2.0,-11162
34.18433445765312,13,1.0,-11803
34.18433497205917,15,1.0,-11149
34.18541058790168,17,11.0,-3531
34.18549284778724,15,2.0,-11410
34.18574165931594,15,1.0,-11340
34.18664925478003,1,4.0,9131
34.18796985633274,5,1.0,0
34.19312416526125,15,2.0,-11285
34.19413960251624,5,1.0,0
34.19845393540233,14,2.0,-11842
34.19890411204811,15,4.0,-11125
34.199613383182054,15,2.0,-11199
34.20165706239928,5,4.0,0
34.20175077043226,15,3.0,-11331
34.203422872010684,15,1.0,-11306
34.207257993697866,15,4.0,-11075
34.21001353381116,15,1.0,-11089
34.21038217616669,15,8.0,-11287
34.21252747049102,5,2.0,0
34.21281970065552,6,3.0,9093
34.214054877594094,16,2.0,8032
34.21520276267186,17,7.0,-10108
34.216187827477924,17,1.0,-3443
34.216226245410304,15,1.0,-11044
34.21863022733929,13,2.0,-11839
34.218710947269834,5,4.0,0
34.22003916114648,15,1.0,-11357
34.221888404267716,14,3.0,-11761
34.22242340023429,17,2.0,-9571
34.222697756629884,17,3.0,-10696
34.223982326596186,16,53.0,2847
34.224794747834274,14,2.0,-11804
34.22580561864277,14,4.0,-11796
34.22686527671196,17,1.0,-7126
34.22779121316203,12,46.0,9096
34.22893236615333,14,5.0,-11739
34.230921579492346,13,5.0,-11802
34.23217755875773,14,1.0,-11731
34.23443841340657,15,1.0,-11353
34.236783239617935,13,9.0,-11826
34.23845573084617,5,4.0,0
34.23943150572839,15,12.0,-11425
34.23979053939722,15,2.0,-11313
34.24011540604164,15,3.0,-11345
34.241634800125745,13,1.0,-11810
34.24367125130958,17,1.0,-1793
34.24667839428087,15,1.0,-11167
34.246721215139615,15,1.0,-11447
34.24993308748595,15,3.0,-11307
34.25044406498406,15,1.0,-11315
34.25060878728483,5,4.0,0
34.2520945991029,14,1.0,-11790
34.255606587518145,5,36.0,0
34.256238935911085,5,1.0,0
34.25708004917106,13,1.0,-11844
34.268434526566594,14,4.0,-11811
34.26919098367517,17,1.0,-1491
34.27035631559329,5,1.0,0
34.271256571850294,15,4.0,-11377
34.273321390489215,17,26.0,-6404
34.27371459839439,4,17.0,9132
34.27425665369146,5,3.0,0
34.2780306119977,15,2.0,-11332
34.279120879025925,1,2.0,9133
34.27936192905848,13,1.0,-11747
34.28093445144475,14,8.0,-11767
34.281679246050004,6,2.0,9103
34.2823030867949,15,2.0,-11042
34.2828376489095,3,24.0,9134
34.28346848117172,1,1.0,9135
34.28565964789515,16,8.0,6692
34.28885078751806,15,18.0,-11099
34.28895985320945,15,6.0,-11299
34.2905158283782,5,5.0,0
34.29122147266173,15,3.0,-11393
34.292021952308126,15,11.0,-11440
34.292870490520336,5,1.0,0
34.298405716962726,15,5.0,-11428
34.301481906990716,15,1.0,-11271
34.302763623317446,15,2.0,-11059
34.305134796703584,17,9.0,-4898
34.3055456235047,5,2.0,0
34.306681989569846,15,5.0,-11176
34.30750807831706,14,4.0,-11768
34.30774194640679,6,4.0,9131
34.30823010437011,17,24.0,-6716
34.309848126301524,13,5.0,-11799
34.30985308914194,4,2.0,9136
34.30986275986441,13,7.0,-11809
34.31030257866615,14,2.0,-11787
34.31231154673064,15,7.0,-11029
34.316733245944555,10,39.0,9072
34.31683506586489,11,5.0,9050
34.3186150474121,14,2.0,-11836
34.3222890696852,5,8.0,0
34.32557613760587,5,4.0,0
34.32605148747319,15,7.0,-11384
34.32830158002184,11,36.0,9071
34.33372118171515,5,2.0,0
34.334052267209586,15,1.0,-11342
34.33557917278644,1,8.0,9137
34.33834526172694,1,17.0,9138
34.338696719733164,15,1.0,-11180
34.33971880039268,5,1.0,0
34.33979896151812,5,4.0,0
34.33998173554507,10,30.0,9123
34.34056059324639,15,1.0,-11077
34.34056059324639,17,1.0,-11077
34.340910903924176,15,5.0,-11243
34.341057272485436,15,1.0,-11060
34.34116521263458,13,3.0,-11857
34.34145883166442,5,1.0,0
34.34152116792338,15,2.0,-11082
34.342220641374055,14,1.0,-11793
34.342805729126475,5,2.0,0
34.343103777272376,11,44.0,9026
34.343633761922426,16,10.0,8985
34.34413265506427,14,1.0,-11834
34.34602056275722,15,1.0,-11409
34.34676923704646,3,53.0,9139
34.349146840056505,17,2.0,-4251
34.34990262613781,15,11.0,-11035
34.35143709071048,15,3.0,-11079
34.35153906487523,15,2.0,-11033
34.35264393817268,15,4.0,-11450
34.354050086324726,5,4.0,0
34.35487397741189,15,4.0,-11278
34.357807423898784,15,3.0,-11367
34.357836177513626,13,9.0,-11780
34.35874334899134,15,2.0,-11128
34.360039660810536,15,2.0,-11136
34.36189614413118,13,15.0,-11785
34.3653190382962,15,2.0,-11030
34.366932041817634,17,1.0,-8254
34.36711783829978,15,1.0,-11058
34.36745435436385,13,5.0,-11807
34.367838019964516,13,1.0,-11753
34.36874130196034,15,1.0,-11382
34.369479524199015,15,5.0,-11404
34.36981174428247,1,3.0,9140
34.36985595314936,13,2.0,-11770
34.36997279269901,15,5.0,-11155
34.3705242415922,15,8.0,-11256
34.37091433958699,5,2.0,0
34.372308016964396,17,2.0,-10654
34.37508568669333,13,1.0,-11750
34.37597117775026,17,1.0,-6949
34.381900343653506,10,6.0,9105
34.38203576441141,17,2.0,-7060
34.38218146447967,15,1.0,-11351
34.38271339978113,15,7.0,-11405
34.384916184607675,17,3.0,-9050
34.38611521939584,8,1.0,9090
34.38646279140318,1,3.0,9141
34.38661446159822,13,1.0,-11777
34.38673021788435,15,2.0,-11189
34.38673021788435,17,2.0,-11189
34.386875068741304,13,2.0,-11765
34.38776041720929,5,1.0,0
34.38827520931944,6,3.0,9130
34.3883684208626,13,1.0,-11818
34.38942336498304,15,2.0,-11302
34.39356387513007,1,2.0,9142
34.39516397603574,14,1.0,-11737
34.396330032802,5,1.0,0
34.397225368882275,17,2.0,-1947
34.397784486135,17,4.0,-9381
34.39826203593671,6,3.0,9075
34.399331956145815,5,1.0,0
34.399556731257185,5,2.0,0
34.40348307716472,15,1.0,-11394
34.40697240722907,15,1.0,-11399
34.412268149165556,15,3.0,-11348
34.41239954393988,13,2.0,-11831
34.412695939076734,14,1.0,-11772
34.41338221346832,6,5.0,9074
34.41394885895129,17,2.0,-9524
34.41705450487003,10,13.0,9086
34.41856155389098,113,25.0,-11773
34.41994581008667,13,2.0,-11757
34.42431092090082,17,12.0,-8669
34.425166713018676,17,1.0,-9062
34.42574144270156,15,1.0,-11146
34.426842968591735,16,6.0,7096
34.42929067997507,5,3.0,0
34.430198617207495,15,1.0,-11381
34.43238478566616,15,2.0,-11074
34.43494579556065,6,3.0,9106
34.437355809826485,13,2.0,-11805
34.440051607440374,15,2.0,-11116
34.44505661352116,15,6.0,-11310
34.445056970105604,15,2.0,-11418
34.445056970105604,17,2.0,-11418
34.447307311340616,16,8.0,7712
34.44854174683287,16,6.0,121
34.4495945277748,15,4.0,-11068
34.45173424452323,14,3.0,-11788
34.455344120613894,17,1.0,-9575
34.458821407445974,17,1.0,-8270
34.460634855357384,15,6.0,-11249
34.46312801847053,4,29.0,9143
34.468393794527124,15,1.0,-11325
34.46995948456324,17,5.0,-6703
34.470078124816766,15,1.0,-11408
34.470903888835785,5,1.0,0
34.4718010075576,5,8.0,0
34.47330106056125,5,3.0,0
34.4743958235124,15,7.0,-11406
34.47617918300485,15,2.0,-11349
34.47617918300485,17,2.0,-11349
34.47618787666018,1,10.0,9144
34.47870703307005,14,1.0,-11755
34.47943591268622,17,1.0,-8342
34.48050288617615,5,2.0,0
34.48212929300006,15,10.0,-11126
34.482167876010664,17,2.0,-9458
34.48498623019855,17,4.0,-9379
34.485158566537685,13,2.0,-11840
34.4855787752426,5,1.0,0
34.48812017481986,10,4.0,9127
34.491188253175665,15,1.0,-11094
34.493566341937104,5,2.0,0
34.49589362813638,15,16.0,-11293
34.49612648081878,13,2.0,-11816
34.49979982562344,16,4.0,6481
34.502027333248314,13,5.0,-11751
34.502317188440855,5,42.0,0
34.50280124154298,17,2.0,-8970
34.50529574922606,15,2.0,-11276
34.50563254274729,13,3.0,-11823
34.50954567666362,17,2.0,-8159
34.50967745398362,5,14.0,0
34.510601102480955,15,25.0,-11153
34.51094605502828,15,3.0,-11282
34.51108567717158,15,1.0,-11214
34.51116289812789,13,1.0,-11748
34.51120279080358,13,2.0,-11743
34.511483974433716,17,1.0,-7366
34.51176898599667,13,1.0,-11729
34.51511363885862,15,3.0,-11375
34.51613061697573,16,1.0,8745
34.51688206299215,15,5.0,-11326
34.517565017169204,13,1.0,-11763
34.518599400932004,13,2.0,-11727
34.518777422735035,15,2.0,-11161
34.51947101987025,5,1.0,0
34.51975082259284,13,1.0,-11754
34.52128263775678,14,5.0,-11783
34.523131280709734,15,3.0,-11431
34.52409937724936,17,1.0,-9587
34.52460629380821,16,4.0,7585
34.52517547502359,17,5.0,-6013
34.52681062367631,14,3.0,-11835
34.52682016349135,15,8.0,-11380
34.52897797278712,10,53.0,9139
34.52927010775653,5,1.0,0
34.529391002756434,16,4.0,8562
34.52970139581108,15,1.0,-11387
34.53248242966386,15,1.0,-11280
34.53248242966386,17,1.0,-11280
34.533742615559234,17,1.0,-10656
34.534676344492226,9,6.0,9052
34.53710462811206,17,3.0,-6743
34.53881025798778,5,3.0,0
34.540327137434964,13,2.0,-11841
34.54467419994543,17,1.0,-8199
34.54848527833218,15,2.0,-11066
34.548621088086705,5,4.0,0
34.55113516664383,10,24.0,9134
34.55285408341311,13,1.0,-11828
34.55321965897634,17,2.0,-5168
34.55452793476206,13,1.0,-11808
34.556046691811794,13,2.0,-11784
34.5586704636875,15,9.0,-11344
34.55929619259369,5,1.0,0
34.56244068327025,15,1.0,-11395
34.56248192592461,11,3.0,9081
34.56552415157067,6,2.0,9142
34.56584532962493,13,30.0,-11821
34.56843706301566,15,3.0,-11102
34.56920524479639,15,1.0,-11446
34.569473061491856,5,25.0,0
34.57444841077328,15,3.0,-11063
34.576129414171135,17,2.0,-9847
34.5777634850451,16,2.0,4124
34.57819112060219,15,1.0,-11244
34.57988038905123,15,4.0,-11129
34.5815269962614,13,1.0,-11775
34.584214480372644,14,2.0,-11735
34.584828766380895,17,7.0,-7863
34.58555121685819,13,2.0,-11736
34.589475789716296,5,45.0,0
34.590408418509824,13,3.0,-11843
34.59308676781453,15,4.0,-11429
34.59335044464462,14,5.0,-11800
34.59523905202072,16,3.0,8820
34.59610568059348,7,2.0,9108
34.59653908123668,15,3.0,-11201
34.59811228369226,5,2.0,0
34.598675476908774,17,4.0,-9031
34.599324560910816,113,33.0,-11756
34.59992627506042,15,4.0,-11414
34.602039141723765,15,2.0,-11412
34.602732748761795,15,1.0,-11290
34.60491049217838,17,1.0,-5865
34.60680609772396,15,1.0,-11052
34.61127268135447,5,4.0,0
34.61255088376231,13,1.0,-11766
34.61272796598403,13,2.0,-11725
34.61459580062125,14,4.0,-11853
34.61552471736261,15,3.0,-11204
34.619430819599266,14,7.0,-11812
34.62076975446922,15,2.0,-11038
34.624311818699326,15,1.0,-11319
34.628536504744815,15,3.0,-11436
34.628536504744815,17,3.0,-11436
34.62982824848224,15,1.0,-11358
34.63032809710978,14,9.0,-11815
34.63105342487434,5,2.0,0
34.63154177125318,5,2.0,0
34.63186392530796,5,2.0,0
34.63389133906277,15,6.0,-11084
34.633959252473474,15,7.0,-11237
34.63507423454559,17,6.0,-8068
34.63536351486585,15,1.0,-11152
34.63591364216356,15,3.0,-11365
34.63702539349902,15,8.0,-11250
34.637270848685,5,1.0,0
34.63777596727964,6,11.0,9053
34.63781160828653,1,20.0,9145
34.63803542335307,17,2.0,-4684
34.63908708408258,5,1.0,0
34.645183149917116,5,2.0,0
34.64560853219063,17,6.0,-4558
34.645771178264624,15,5.0,-11279
34.64977552654794,13,1.0,-11769
34.653552210123955,15,1.0,-11156
34.65388609647667,17,2.0,-4082
34.65974948911293,13,9.0,-11817
34.66086086031343,15,8.0,-11444
34.66213285131328,15,1.0,-11208
34.6632630024054,16,1.0,8786
34.66468450714392,15,1.0,-11072
34.666464410734534,5,4.0,0
34.6694241802476,5,4.0,0
34.669544953046554,16,5.0,6667
34.67036993793432,5,5.0,0
34.67243009843148,15,3.0,-11329
34.67256076892324,15,1.0,-11242
34.67256076892324,17,1.0,-11242
34.67605617506104,15,7.0,-11255
34.67676738790379,13,2.0,-11813
34.67748932322914,15,10.0,-11439
34.67775823803196,15,2.0,-11361
34.678552725655805,17,42.0,-8662
34.6807126039066,17,5.0,-10124
34.68109478126914,15,1.0,-11421
34.68195606947433,17,1.0,-8354
34.68316293908924,17,4.0,-10399
34.68350600958598,17,2.0,-7766
34.68356472441213,15,7.0,-11185
34.685491571008,15,1.0,-11137
34.6864783849138,17,2.0,-5883
34.68676736536506,17,4.0,-6482
34.68753261674368,14,3.0,-11855
34.6906919051718,15,5.0,-11352
34.69372960146258,16,22.0,7574
34.69536367477785,15,1.0,-11119
34.695609095050415,5,1.0,0
34.6982114461894,15,2.0,-11110
34.70071413226263,17,1.0,-8725
34.701090756906474,10,32.0,9116
34.703190743183036,17,4.0,-9232
34.70478622867084,15,2.0,-11386
34.70534031220218,17,2.0,-8114
34.70556714081118,5,1.0,0
34.7062986476661,13,2.0,-11846
34.70670085351961,15,1.0,-11188
34.71023175374072,5,2.0,0
34.71199790446059,15,3.0,-11441
34.713835352087116,6,4.0,9129
34.714216842173265,5,6.0,0
34.71448178315276,15,3.0,-11295
34.71607206903321,15,1.0,-11148
34.71666840979385,11,44.0,9094
34.71779201230241,13,2.0,-11791
34.71936411231398,5,1.0,0
34.72025446766512,5,8.0,0
34.72151648799045,1,10.0,9146
34.72172078332295,17,3.0,-10139
34.723493015133144,16,6.0,6392
34.72487359187647,14,7.0,-11744
34.725325023094385,17,1.0,-9705
34.72619403388022,15,1.0,-11080
34.727146181575726,5,2.0,0
34.72993984952099,5,3.0,0
34.7354676368217,13,2.0,-11858
34.73676952515044,15,1.0,-11392
34.73750922030821,17,1.0,-10355
34.737654557182054,15,2.0,-11391
34.7399738013907,1,1.0,9147
34.74183101147764,16,2.0,1679
34.744640643678245,15,2.0,-11228
34.745516716736645,15,2.0,-11289
34.74876499500961,5,1.0,0
34.749432277286495,17,1.0,-3736
34.75130387712367,15,4.0,-11037
34.75133177982021,15,1.0,-11216
34.751591096399906,15,3.0,-11076
34.752634859032696,17,2.0,-6272
34.75279177754895,17,1.0,-6660
34.75287447799981,16,1.0,2727
34.75294482175505,16,1.0,7942
34.75375603635568,15,1.0,-11239
34.75521440472605,17,7.0,-9417
34.756171416729934,15,2.0,-11235
34.75642926140149,16,2.0,5732
34.76055703853832,5,2.0,0
34.761916642276375,5,2.0,0
34.76468786570652,17,1.0,-8827
34.76493658177425,15,1.0,-11045
34.766595215167676,15,2.0,-11246
34.76696920794869,15,14.0,-11362
34.76818281278184,5,1.0,0
34.76943460049294,17,4.0,-6373
34.77411868924605,15,2.0,-11135
34.78120694235572,8,4.0,9131
34.783348979619504,15,1.0,-11260
34.783934828729976,17,1.0,-8985
34.78565740004046,17,4.0,-7733
34.78772831316025,11,26.0,9036
34.78829946427793,13,1.0,-11849
34.79111172361629,5,8.0,0
34.7913225514632,15,3.0,-11061
34.792666248921144,17,3.0,-6738
34.7952829682708,5,4.0,0
34.79559956792113,10,1.0,9120
34.796042275212336,14,4.0,-11797
34.79827612096983,17,1.0,-6933
34.79830698203671,15,1.0,-11422
34.80197838446215,6,10.0,9146
34.80312184854753,5,55.0,0
34.804740259758695,15,2.0,-11363
34.804740259758695,17,2.0,-11363
34.80725659480673,3,12.0,9148
34.80828922530702,7,7.0,9078
34.810090149142624,17,9.0,-11267
34.81023000222557,15,2.0,-11081
34.81026533309325,5,1.0,0
34.81212485703831,15,2.0,-11424
34.81312479612438,14,5.0,-11850
34.81470308745538,15,3.0,-11305
34.815156193618584,16,6.0,6101
34.81541806824336,17,1.0,-7454
34.81552960580924,5,1.0,0
34.81573354313421,15,19.0,-11442
34.81706980795615,15,1.0,-11073
34.818321635337135,15,41.0,-11233
34.82003483719795,17,19.0,-10452
34.82087164749119,1,8.0,9149
34.82262654570279,15,3.0,-11088
34.82262654570279,17,3.0,-11088
34.82818644256045,15,2.0,-11050
34.83049258015312,17,6.0,-8198
34.83093000094841,15,4.0,-11197
34.83163110343196,15,1.0,-11086
34.833399392799784,5,7.0,0
34.83502827049089,13,2.0,-11733
34.83613204268676,15,6.0,-11370
34.837467495518275,14,4.0,-11837
34.83764358488907,15,7.0,-11350
34.84000246068147,15,1.0,-11320
34.841020074184364,6,5.0,9095
34.841781993623336,5,8.0,0
34.84268612538806,113,34.0,-11820
34.851707961261006,15,4.0,-11397
34.85349355595944,17,2.0,-1051
34.85695338702248,17,1.0,-2875
34.85774297873718,5,7.0,0
34.8585456561097,15,2.0,-11401
34.8585456561097,17,2.0,-11401
34.86168650068709,17,2.0,-5810
34.86404287190652,17,24.0,-9305
34.865065423160694,15,3.0,-11096
34.86588196861875,17,2.0,-9680
34.86606669971551,15,2.0,-11215
34.86670520041021,15,1.0,-11247
34.86893836906677,13,4.0,-11814
34.86950166562849,15,3.0,-11097
34.869551969591264,17,5.0,-8995
34.8697315773769,5,4.0,0
34.8702352313592,17,1.0,-481
34.870372595661316,14,1.0,-11833
34.871999024059875,13,2.0,-11795
34.87246918589026,15,1.0,-11195
34.87623237509566,17,2.0,-5871
34.87885057528934,5,6.0,0
34.882078226669634,15,9.0,-11115
34.88224524966074,15,3.0,-11438
34.88275906255153,16,20.0,8267
34.885130831658415,15,6.0,-11400
34.885855722396826,17,8.0,-5668
34.887041582463524,16,6.0,5707
34.887398577298114,14,2.0,-11830
34.887746863856634,13,1.0,-11854
34.88787793722739,17,30.0,-9629
34.889181679033534,13,50.0,-11774
34.89049640684532,5,3.0,0
34.89093339360559,15,5.0,-11134
34.89101453011152,5,5.0,0
34.89161935497348,5,8.0,0
34.892463315048865,15,1.0,-11221
34.89357188872927,17,1.0,-4965
34.89609154004606,15,1.0,-11328
34.89915219879666,15,1.0,-11281
34.90001636535536,14,5.0,-11771
34.90075504998613,5,6.0,0
34.90097785228947,16,5.0,8477
34.90099087751662,13,2.0,-11792
34.90397318871435,5,9.0,0
34.90437560177205,5,2.0,0
34.904592017794485,16,6.0,7754
34.90820382930677,17,3.0,-7649
34.909158548754746,5,3.0,0
34.91118616343642,1,2.0,9150
34.911348156582456,15,5.0,-11139
34.912100545834974,14,5.0,-11764
34.91397715221911,15,5.0,-11327
34.91511328930068,17,12.0,-9444
34.91521114233087,13,6.0,-11752
34.91589453003342,15,5.0,-11190
34.916891214199154,17,1.0,-6150
34.918063193443594,5,5.0,0
34.91864094642303,5,4.0,0
34.91892063967717,15,1.0,-11133
34.91914094797795,15,2.0,-11300
34.92269045729091,14,2.0,-11738
34.922764292956956,13,1.0,-11827
34.92283275879684,15,1.0,-11202
34.923030167130115,15,1.0,-11330
34.92540867179173,17,1.0,-4366
34.92600435088593,16,5.0,7139
34.92619215216081,15,3.0,-11364
34.92619215216081,17,3.0,-11364
34.92646011497235,13,8.0,-11798
34.928070713267374,13,5.0,-11838
34.92820927703173,13,4.0,-11760
34.929809537628124,15,1.0,-11407
34.930874178717744,13,4.0,-11742
34.93098800382961,13,2.0,-11829
34.93189737069043,15,7.0,-11065
34.93259227993294,3,47.0,9151
34.93300335763017,17,10.0,-6916
34.93379967434177,17,4.0,-9597
34.934180805743345,17,1.0,-7058
34.934851563318304,16,11.0,4430
34.934971455411706,5,3.0,0
34.93605035748813,15,2.0,-11417
34.93700738937763,13,4.0,-11845
34.9380301663998,15,5.0,-11275
34.94123429834299,15,2.0,-11323
34.94160473238352,16,4.0,6281
34.94220185259794,15,1.0,-11378
34.94231216985035,15,3.0,-11123
34.94418214461068,15,2.0,-11062
34.94523930312374,15,2.0,-11337
34.945539800309106,5,2.0,0
34.94755048314463,15,4.0,-11245
34.948016423834886,4,5.0,9152
34.94837003579804,15,2.0,-11238
34.94837296198647,1,3.0,9153
34.949587713369816,15,1.0,-11218
34.95224338597159,15,1.0,-11318
34.95403487920273,17,1.0,-11219
34.954424650914284,15,1.0,-11147
34.955237104626605,13,2.0,-11851
34.957698384058126,13,13.0,-11730
34.95793207798074,13,1.0,-11734
34.958135460649714,15,1.0,-11402
34.95851585841897,5,3.0,0
34.960420210747166,4,5.0,9154
34.961075613902864,13,1.0,-11822
34.96123540248363,13,1.0,-11728
34.96191921278296,15,7.0,-11192
34.96361749715766,10,47.0,9151
34.96501650956986,15,16.0,-11046
34.96571181100102,13,2.0,-11782
34.96599726642521,17,4.0,-4400
34.96678314436299,16,19.0,2044
34.96750258211485,15,2.0,-11274
34.96809037770193,17,3.0,-5340
34.96875977423861,5,1.0,0
34.96899703967909,5,3.0,0
34.969491443631064,15,1.0,-11171
34.972076657062324,5,1.0,0
34.97751589077337,5,2.0,0
34.98078381658712,15,2.0,-11040
34.98078575849803,17,4.0,-8146
34.9831559070907,7,4.0,9098
34.9840785081943,10,5.0,9121
34.98694926118303,15,5.0,-11379
34.990332513686305,13,3.0,-11801
34.99107315504211,17,16.0,-3320
34.99166541881496,15,1.0,-11064
34.99222534601257,14,32.0,-11819
34.99278382969394,15,3.0,-11322
34.99389770804695,7,36.0,9087
34.996077794804016,13,3.0,-11745
34.99626603926921,13,11.0,-11852
34.99766795087344,13,2.0,-11759
34.99769298551958,13,5.0,-11832
34.998247794205426,15,4.0,-11140
34.99859865814937,15,1.0,-11210
35.00449698020904,15,1.0,-11589
35.005709648386485,16,1.0,4832
35.009020228096404,4,3.0,9155
35.015948317226865,15,1.0,-11538
35.01687206683119,15,3.0,-11486
35.01755232709675,17,2.0,-8754
35.01772730000952,18,,0
35.017727820501484,18,,0
35.01782496308787,104,6.0,9156
35.01790403594044,101,3.0,9157
35.018062953680854,10,2.0,9136
35.01988270975378,15,7.0,-11434
35.021102403818354,15,3.0,-11488
35.02201856715937,4,22.0,9158
35.024078285360154,15,7.0,-11532
35.02468235245256,15,9.0,-11485
35.0265616870101,5,6.0,0
35.02679083060568,11,25.0,9083
35.027343232851905,15,9.0,-11463
35.03699662156757,5,8.0,0
35.038074790335365,5,6.0,0
35.038083435061395,5,4.0,0
35.038524800645426,5,4.0,0
35.040417040430334,15,2.0,-11566
35.04180958489576,13,3.0,-11880
35.042639346630615,15,21.0,-11493
35.04344939824066,7,3.0,9054
35.04680629599054,18,,0
35.04685291714211,104,4.0,9159
35.05084035025604,16,1.0,8830
35.05742731367878,5,1.0,0
35.05785603096023,1,4.0,9160
35.05899274831547,5,3.0,0
35.060108478878924,10,22.0,9158
35.06087737550086,15,29.0,-11550
35.061035312882225,6,8.0,9149
35.069058475147045,5,4.0,0
35.06912928366209,15,2.0,-11433
35.069255987936295,11,50.0,9064
35.07070560025041,15,14.0,-11533
35.073670107078485,17,1.0,-9700
35.074333938551945,15,2.0,-11571
35.07482662829992,14,8.0,-11870
35.07487809849785,15,1.0,-11512
35.07820650354422,17,4.0,-11426
35.08484069272635,13,3.0,-11903
35.08742607847812,15,5.0,-11577
35.08873157893077,17,4.0,-8591
35.091055749936054,15,5.0,-11492
35.09171065041732,5,13.0,0
35.091843572157764,17,4.0,-8136
35.095462057492796,16,57.0,769
35.097380738407644,15,8.0,-11526
35.097833505955094,113,22.0,-11908
35.09805446743813,5,3.0,0
35.09956702302666,15,1.0,-11579
35.099581258399596,5,6.0,0
35.10124007465261,17,1.0,-8381
35.10252181964361,15,1.0,-11544
35.10254739388595,1,3.0,9161
35.10708863387781,13,1.0,-11912
35.11182879713452,10,1.0,9102
35.112379095563085,15,1.0,-11509
35.113587025843,4,1.0,9162
35.11748455278423,5,4.0,0
35.11997370499165,17,2.0,-8982
35.12510905877321,5,1.0,0
35.130755379831875,15,1.0,-11355
35.13135902289126,17,3.0,-7939
35.13651757984594,5,3.0,0
35.13803060064954,13,2.0,-11896
35.1381536629203,17,1.0,-8659
35.138994026543145,15,2.0,-11503
35.1438651516178,17,4.0,-8356
35.145350453150996,10,29.0,9143
35.14572859606977,16,3.0,7607
35.14954191706845,17,2.0,-2652
35.15070598400102,5,1.0,0
35.150760209880545,17,4.0,-1310
35.15351863389258,14,5.0,-11878
35.153776475172926,11,9.0,9031
35.15737162635829,15,1.0,-11336
35.15737162635829,17,1.0,-11336
35.16064026162506,15,3.0,-11346
35.162503461851486,13,1.0,-11867
35.16306289557076,5,1.0,0
35.164318550942575,4,2.0,9163
35.16670711712615,5,5.0,0
35.169116630112015,17,8.0,-9642
35.17114976820585,15,2.0,-11511
35.17171529222957,5,2.0,0
35.17471730395112,15,1.0,-11335
35.17682940265542,15,18.0,-11451
35.17691175551005,15,2.0,-11548
35.17861888273941,17,6.0,-8948
35.181971336668354,3,14.0,9164
35.18295777356245,17,5.0,-10372
35.184325764053256,5,1.0,0
35.18824795117246,14,3.0,-11901
35.19476300848155,5,2.0,0
35.19640212701932,5,4.0,0
35.19861937296429,5,1.0,0
35.19932715304351,17,3.0,-8664
35.201214037018254,6,1.0,9126
35.2028350408095,5,4.0,0
35.2030485969481,15,10.0,-11389
35.20319424822345,14,3.0,-11875
35.20578000490347,7,3.0,9055
35.209351567227586,13,2.0,-11914
35.21524095965064,5,4.0,0
35.215776538583455,10,14.0,9164
35.21611066677229,5,2.0,0
35.21988355080076,13,2.0,-11882
35.22325950826505,10,54.0,9059
35.225636954676446,16,2.0,8700
35.22620026687543,13,3.0,-11894
35.23132548910067,17,54.0,-7706
35.23531422255823,14,6.0,-11877
35.240028726367555,15,1.0,-11534
35.241006998920014,6,8.0,9084
35.242540496845486,15,2.0,-11558
35.242572194821676,16,2.0,6398
35.24376592411622,15,2.0,-11482
35.246429994273626,17,3.0,-8494
35.24768352151807,6,8.0,9137
35.24777345156774,17,1.0,-4464
35.24866114184783,15,2.0,-11521
35.25081620197163,15,15.0,-11457
35.25135226480377,12,14.0,9164
35.25335284189378,14,1.0,-11907
35.254134116027785,15,2.0,-11464
35.25642654349791,17,5.0,-8420
35.259132384893356,17,1.0,-10300
35.25964790757282,14,4.0,-11911
35.26017879527783,15,1.0,-11487
35.26124967053732,15,3.0,-11491
35.26151154061576,15,2.0,-11505
35.262171866187046,15,5.0,-11517
35.267693216684734,5,3.0,0
35.26969955174673,13,2.0,-11915
35.270620048471535,15,1.0,-11587
35.27483385555644,15,6.0,-11474
35.27556617497481,15,2.0,-11461
35.28085480613717,15,1.0,-11435
35.28098265926888,5,3.0,0
35.2819723231504,5,2.0,0
35.28409458449758,15,1.0,-11465
35.28409458449758,17,1.0,-11465
35.28461939879893,13,1.0,-11872
35.28533378821377,15,2.0,-11563
35.28533378821377,17,2.0,-11563
35.28543835635287,5,2.0,0
35.2856564357806,13,1.0,-11905
35.286146596258405,17,9.0,-8583
35.28686068061741,17,1.0,-4466
35.28852851523481,5,2.0,0
35.29273943276134,16,25.0,5995
35.29405248535259,5,3.0,0
35.2942287465713,4,3.0,9165
35.29907091676072,7,3.0,9093
35.304509165746445,15,2.0,-11546
35.30451657370816,14,1.0,-11917
35.30811354818811,5,4.0,0
35.3115915181826,5,2.0,0
35.31297255338785,13,1.0,-11898
35.314316044890134,7,3.0,9130
35.315065115047645,1,9.0,9166
35.32092967223887,15,4.0,-11518
35.32215564728986,15,2.0,-11398
35.32307512687182,5,4.0,0
35.3260655767335,17,2.0,-7629
35.331435295897656,5,5.0,0
35.334573513171776,16,9.0,2791
35.338885131845565,15,2.0,-11324
35.340541206293274,15,11.0,-11333
35.341755314868315,15,1.0,-11576
35.34599049323279,17,5.0,-5867
35.348380168127186,16,2.0,2283
35.35375850334192,17,1.0,-7540
35.36145040259106,17,2.0,-7319
35.36236639934261,7,1.0,9101
35.362379044586696,17,1.0,-10587
35.370332874429,10,42.0,9122
35.370527647167904,5,1.0,0
35.372787417108086,11,4.0,9099
35.37453941392532,17,2.0,-9391
35.37903364258783,6,1.0,9135
35.38069734269705,15,2.0,-11437
35.388813895474144,13,4.0,-11876
35.38899415882375,6,4.0,9160
35.39047194959893,3,48.0,9167
35.39175198014953,15,4.0,-11445
35.392140015388414,10,52.0,9109
35.392535222237726,17,1.0,-8562
35.39983446813618,15,12.0,-11338
35.40092169660764,13,5.0,-11866
35.40480524347066,15,2.0,-11372
35.40650310164872,5,4.0,0
35.40676207713981,5,1.0,0
35.40690898736989,17,7.0,-9779
35.40709642072035,8,3.0,9157
35.407754824945684,17,1.0,-6624
35.4077884907554,12,26.0,9110
35.41081801226097,5,4.0,0
35.413240962168764,17,1.0,-9007
35.41704607472416,5,1.0,0
35.41748317368371,15,2.0,-11520
35.42066115844876,13,1.0,-11904
35.42294270583408,17,5.0,-10416
35.42304111191375,15,1.0,-11559
35.4240945116896,5,8.0,0
35.42694838004155,15,6.0,-11373
35.42720998997166,5,3.0,0
35.42986417815422,17,3.0,-9169
35.43110922745779,17,6.0,-5414
35.437268334636876,5,2.0,0
35.43785617949736,17,1.0,-10019
35.4391775517047,17,4.0,-9592
35.440051607440374,17,2.0,-11116
35.44112761922775,14,2.0,-11887
35.442441886945566,15,4.0,-11469
35.443383282777525,5,1.0,0
35.4446326048799,5,1.0,0
35.44603302762005,17,9.0,-7543
35.44815265048149,13,5.0,-11862
35.45121077803106,5,6.0,0
35.456628214983176,15,4.0,-11588
35.45684731051123,15,1.0,-11583
35.457064748883646,13,1.0,-11910
35.45750133806615,15,8.0,-11540
35.45833717642637,16,1.0,7905
35.45913400037616,14,4.0,-11868
35.46324453656601,15,3.0,-11321
35.47285199956845,17,1.0,-7867
35.47289364935169,7,1.0,9065
35.47298554479504,17,2.0,-6858
35.474118157825146,5,3.0,0
35.47513477168511,15,1.0,-11484
35.47609184497239,5,8.0,0
35.47724383838939,5,2.0,0
35.47885993762207,16,41.0,8872
35.481494911732234,5,3.0,0
35.48202407498619,7,9.0,9111
35.48316881342778,4,26.0,9168
35.48327886980753,5,2.0,0
35.486368954317996,15,1.0,-11501
35.48684640818735,13,2.0,-11890
35.49222095541094,1,4.0,9169
35.4940920172338,17,1.0,-7948
35.49464900816643,15,2.0,-11564
35.49630095488749,15,1.0,-11383
35.49761466373315,5,3.0,0
35.49842073498776,15,3.0,-11508
35.500868235284926,15,1.0,-11536
35.50945762897829,13,3.0,-11891
35.50980208147348,5,1.0,0
35.51115550089029,15,3.0,-11475
35.51218892100983,13,2.0,-11900
35.516317585792315,15,16.0,-11584
35.51845846496906,15,2.0,-11542
35.52264695076756,13,5.0,-11884
35.52287723216776,5,4.0,0
35.52520692150028,15,4.0,-11483
35.52618783389106,5,2.0,0
35.5272648015787,13,10.0,-11886
35.52846009471873,13,7.0,-11860
35.53006440027036,5,1.0,0
35.53025079297518,15,31.0,-11574
35.53239844558634,11,59.0,9097
35.532546632443854,14,3.0,-11897
35.53502795720709,17,3.0,-6498
35.54023334138419,15,2.0,-11480
35.541624960817245,17,2.0,-7173
35.54172844440261,6,17.0,9138
35.54323092142902,15,2.0,-11490
35.543471645532826,5,7.0,0
35.543579077426344,15,1.0,-11514
35.54456586247092,15,3.0,-11419
35.544982107261184,6,20.0,9145
35.54571144826458,13,1.0,-11902
35.54758861678692,5,2.0,0
35.547987036526095,17,1.0,-7274
35.54827070722553,15,6.0,-11524
35.55034735241385,5,2.0,0
35.55079901909276,17,1.0,-8000
35.551522969431915,1,5.0,9170
35.55302334501105,13,3.0,-11909
35.55416112911892,15,2.0,-11561
35.55581501333814,12,4.0,9159
35.55586107601355,13,1.0,-11873
35.55866076989382,15,1.0,-11371
35.5635555690455,15,1.0,-11551
35.566285510631346,17,3.0,-7829
35.56775522727347,6,5.0,9170
35.57360978044793,1,2.0,9171
35.5739908875757,15,5.0,-11572
35.574277206861865,1,4.0,9172
35.577056824106606,5,2.0,0
35.580230906910536,14,3.0,-11899
35.58220195001745,17,1.0,-6942
35.58454878793076,5,6.0,0
35.58791276161411,17,6.0,-9470
35.588115570115356,5,15.0,0
35.59071702214123,9,26.0,9110
35.59366516412872,17,1.0,-8069
35.59412221331079,5,2.0,0
35.59556534416118,15,1.0,-11354
35.59961664798574,17,8.0,-6849
35.60095062139874,5,6.0,0
35.60261597104692,5,1.0,0
35.60463519345963,17,3.0,-8162
35.60616919993068,16,2.0,8730
35.60719888537647,5,9.0,0
35.60801642838983,5,3.0,0
35.61003082046323,15,6.0,-11462
35.61104062790561,15,4.0,-11586
35.61144847815485,1,4.0,9173
35.611771237391316,15,2.0,-11341
35.61204717554722,17,4.0,-7667
35.612292386281396,5,3.0,0
35.613023694117864,11,4.0,9113
35.618592683437285,17,1.0,-7105
35.62224145409864,15,5.0,-11570
35.62396363763518,17,1.0,-5847
35.62571892524726,13,16.0,-11888
35.626998247419316,17,1.0,-9514
35.62723108433357,17,8.0,-5235
35.627905000079835,15,6.0,-11468
35.62947769030836,15,1.0,-11453
35.63125100016864,17,1.0,-7617
35.631473633181784,13,2.0,-11871
35.63616483228008,15,1.0,-11452
35.63890013821396,15,1.0,-11396
35.63964013893994,3,52.0,9174
35.63972157683375,17,4.0,-7364
35.64070085874133,17,1.0,-7740
35.64184459165906,15,5.0,-11477
35.64325650963002,15,3.0,-11573
35.64566237717106,15,2.0,-11471
35.64771376784887,5,1.0,0
35.64965080236959,15,1.0,-11537
35.65005074012312,15,2.0,-11443
35.650278285703486,6,2.0,9150
35.65417171863003,13,2.0,-11892
35.65507249954845,16,3.0,4894
35.660856422601945,15,2.0,-11498
35.66195093538612,4,7.0,9175
35.66228170075557,17,3.0,-4232
35.66257323007586,3,49.0,9176
35.6634192832412,15,5.0,-11575
35.6679839930535,5,2.0,0
35.670960868316115,17,1.0,-6436
35.67821255553508,15,1.0,-11448
35.67902618762072,7,2.0,9080
35.68071677475532,6,1.0,9147
35.68118987916225,5,1.0,0
35.681414739881106,14,6.0,-11918
35.68237334598986,16,1.0,8150
35.682902719518154,15,6.0,-11489
35.68491977314177,15,1.0,-11539
35.68491977314177,17,1.0,-11539
35.68545620316268,5,3.0,0
35.68658260722467,13,1.0,-11895
35.68870405906995,17,2.0,-5671
35.6889263951304,15,2.0,-11562
35.68895910655149,5,4.0,0
35.69194403919456,5,2.0,0
35.69216355334311,17,13.0,-6639
35.69316778451406,11,2.0,9104
35.6935734910742,5,2.0,0
35.69391881997989,5,11.0,0
35.69484995376376,6,2.0,9133
35.695868666030435,17,1.0,-7760
35.69666333691683,17,2.0,-10571
35.697360361690684,15,4.0,-11494
35.6986322094718,5,4.0,0
35.699037218253025,16,10.0,7396
35.69943667231203,14,1.0,-11861
35.70391916574538,5,4.0,0
35.704365852733865,5,5.0,0
35.70612202237788,14,1.0,-11885
35.7087467528618,15,1.0,-11528
35.710137814880476,14,1.0,-11863
35.71264425275229,16,2.0,954
35.71644627864521,5,4.0,0
35.71647138981416,15,1.0,-11455
35.720094704433265,5,3.0,0
35.7244802122449,10,3.0,9165
35.72565504018449,17,2.0,-6698
35.730037414936035,5,1.0,0
35.73279966923212,5,1.0,0
35.733977477793154,15,2.0,-11495
35.73581547815314,5,1.0,0
35.73888554966035,16,1.0,4402
35.73893994155633,17,1.0,-3887
35.739101431410695,15,7.0,-11360
35.739168885039206,13,6.0,-11889
35.74036140862462,5,1.0,0
35.74158778939754,17,5.0,-6280
35.741751943815615,9,4.0,9159
35.74450460264157,14,1.0,-11906
35.745749891152784,15,1.0,-11568
35.74925151881678,17,11.0,-3494
35.750864308229076,7,4.0,9114
35.75357079674019,17,1.0,-8566
35.754102117754414,5,6.0,0
35.75454289071271,15,2.0,-11502
35.75525452796243,5,1.0,0
35.75780527944215,5,3.0,0
35.75958578122209,13,5.0,-11913
35.76256709280212,14,3.0,-11893
35.76302811177095,17,11.0,-3597
35.76403217578624,15,5.0,-11569
35.76534553064448,5,7.0,0
35.767348586184994,17,1.0,-8588
35.773782463013646,15,3.0,-11339
35.77383170039408,16,2.0,3296
35.775595785538364,14,1.0,-11864
35.77597802404536,17,2.0,-8461
35.77792992808201,15,1.0,-11557
35.77792992808201,17,1.0,-11557
35.7791938138669,15,2.0,-11478
35.77936775771684,13,1.0,-11874
35.78263029968338,17,2.0,-4034
35.78583640036628,1,2.0,9177
35.78633625652773,1,5.0,9178
35.78934775542342,15,1.0,-11530
35.78953520436883,15,3.0,-11516
35.79193205688506,5,1.0,0
35.793532736354244,5,8.0,0
35.79429474249989,10,17.0,9132
35.79507688950055,17,2.0,-10254
35.797522962678144,15,1.0,-11458
35.79809956743293,5,5.0,0
35.79987548080312,4,24.0,9179
35.80048563314617,17,1.0,-5719
35.80072645464753,9,3.0,9157
35.801108420615925,9,4.0,9131
35.80183681189182,5,4.0,0
35.80458789771374,5,2.0,0
35.81223610251756,5,8.0,0
35.813803707311926,15,2.0,-11535
35.813841709555284,15,5.0,-11415
35.81387776577179,5,2.0,0
35.81528017187359,5,6.0,0
35.81647837278243,7,4.0,9115
35.8191386277844,16,18.0,3871
35.819683329782045,17,2.0,-8020
35.82171419563321,11,47.0,9151
35.8243864552765,17,3.0,-10615
35.825571721250014,17,1.0,-7548
35.828262564486124,11,5.0,9128
35.83457322308936,5,2.0,0
35.8350232722361,16,9.0,3939
35.83744711528326,1,2.0,9180
35.83932947621243,17,29.0,-9136
35.84120458197246,17,3.0,-5564
35.84292562098677,15,2.0,-11567
35.84302018939931,17,1.0,-8444
35.847538496291165,5,1.0,0
35.84777411030606,6,5.0,9112
35.84927367107023,17,9.0,-6514
35.85145524333583,5,3.0,0
35.85184049392022,17,1.0,-10835
35.85189859792136,17,4.0,-6208
35.85264487212224,15,7.0,-11403
35.85285642096851,17,4.0,-6051
35.85458072214133,16,6.0,5931
35.85662096369402,8,8.0,9149
35.85742883659338,15,1.0,-11343
35.857512310959784,17,5.0,-5181
35.8575611758359,17,1.0,-5922
35.85771196424488,17,4.0,-10009
35.85828388780286,17,4.0,-2023
35.85832477089214,11,13.0,9086
35.860361981126815,17,5.0,-10106
35.86412908615327,17,2.0,-6322
35.8670913793274,15,3.0,-11547
35.86727916177557,16,11.0,7511
35.8682618910303,17,2.0,-9460
35.870921333539926,5,2.0,0
35.871634202382026,17,42.0,-6458
35.87193030403147,17,1.0,-11286
35.8731960597295,5,1.0,0
35.87802837256953,13,1.0,-11916
35.87860734227882,15,3.0,-11368
35.87945774031566,4,8.0,9181
35.882479333639694,13,19.0,-11865
35.8833793212459,5,5.0,0
35.884293929948534,15,4.0,-11555
35.88517812324304,15,1.0,-11549
35.88517812324304,17,1.0,-11549
35.88523368101717,15,1.0,-11359
35.88605586290071,5,4.0,0
35.887710901280116,17,4.0,-6994
35.88782719288527,5,1.0,0
35.88804655437647,17,13.0,-3222
35.892463315048865,17,1.0,-11221
35.89720308166751,5,1.0,0
35.90184603466505,5,1.0,0
35.90499886004839,1,3.0,9182
35.90622451392932,1,1.0,9183
35.907341745068194,17,5.0,-8299
35.90840040389351,5,7.0,0
35.91378225636669,17,6.0,-9952
35.91461759700546,4,4.0,9184
35.914657344195554,15,3.0,-11496
35.914657344195554,17,3.0,-11496
35.91581232049888,17,1.0,-3367
35.91605287685121,17,2.0,-5655
35.91605745271672,17,1.0,-6762
35.916240442501355,17,4.0,-5142
35.917167078767314,5,1.0,0
35.91964320194474,17,8.0,-4111
35.919902444311525,5,9.0,0
35.9214008639592,6,3.0,9141
35.92234163461028,15,36.0,-11470
35.92252962160963,15,2.0,-11519
35.92362045224304,5,3.0,0
35.92607413162133,6,4.0,9172
35.92657830956568,15,2.0,-11541
35.92837648485997,5,15.0,0
35.929741270834334,5,1.0,0
35.93488568085734,17,4.0,-7857
35.93675057854941,15,5.0,-11466
35.93680672770866,5,6.0,0
35.93745197582667,17,2.0,-5814
35.93826750719433,17,2.0,-7746
35.944928333167844,15,1.0,-11554
35.94713125400197,5,2.0,0
35.95581259498509,15,11.0,-11481
35.958223041637254,9,46.0,9096
35.95869616635112,17,4.0,-7421
35.95980461062855,15,6.0,-11565
35.960219282571344,6,4.0,9169
35.961202401384796,15,8.0,-11385
35.961202401384796,17,8.0,-11385
35.965488910341335,113,48.0,-11883
35.9655088569344,13,7.0,-11881
35.965868290591004,15,1.0,-11543
35.97079086073718,15,3.0,-11500
35.971253376636234,5,2.0,0
35.97338769706768,5,2.0,0
35.97367807580848,17,2.0,-4003
35.97372874398701,15,2.0,-11527
35.9747821266103,5,7.0,0
35.975038101144555,14,7.0,-11879
35.97531757240099,5,16.0,0
35.97551458939965,17,2.0,-5986
35.97816167442849,4,2.0,9185
35.97826154991044,5,7.0,0
35.98378707290239,17,2.0,-1713
35.9854114253116,14,2.0,-11869
35.9886505542583,5,10.0,0
35.99046450213932,5,1.0,0
35.99440173726822,17,3.0,-5378
35.99488094648359,5,3.0,0
35.99514278447627,5,3.0,0
35.99537222961917,15,4.0,-11560
35.995621232310285,5,6.0,0
36.000012053215684,15,2.0,-11473
36.000012053215684,17,2.0,-11473
36.00180152538527,13,1.0,-11940
36.0031464731032,8,1.0,9135
36.003149689487536,15,3.0,-11714
36.0041388637185,5,1.0,0
36.0070939672175,7,5.0,9074
36.00982432266395,13,1.0,-11974
36.01002902215202,15,8.0,-11690
36.01273739239517,17,1.0,-7871
36.021464290949865,7,10.0,9146
36.023626845703276,6,10.0,9144
36.026359179696016,15,3.0,-11671
36.03362661182024,15,4.0,-11523
36.034455819947596,15,2.0,-11531
36.03501805233438,15,3.0,-11601
36.0354855776674,17,1.0,-10773
36.03970977407717,14,2.0,-11958
36.040588882046634,11,6.0,9105
36.042282108352424,11,10.0,9107
36.0441980558492,15,1.0,-11662
36.04650105280626,16,2.0,3997
36.047800911746776,5,2.0,0
36.05050877492602,8,17.0,9138
36.05110800677337,15,3.0,-11687
36.05170213234945,17,1.0,-9030
36.054567930428874,5,12.0,0
36.05820661118301,14,3.0,-11950
36.05907840781751,12,6.0,9156
36.05920485545598,9,6.0,9156
36.06039436843525,15,1.0,-11472
36.060769469713435,14,2.0,-11937
36.06174413811593,17,6.0,-10122
36.06346894681362,17,11.0,-11091
36.069632226325915,16,3.0,8270
36.07238001146574,5,2.0,0
36.07400294275774,15,6.0,-11456
36.07455030965437,15,18.0,-11637
36.075623793937986,11,4.0,9127
36.08065572846892,17,1.0,-10631
36.08344091474386,17,2.0,-10310
36.08366883262905,15,7.0,-11629
36.08900216477923,11,4.0,9076
36.08929205784733,15,6.0,-11479
36.090845887833055,5,1.0,0
36.092450992377636,1,2.0,9186
36.09309353277054,17,3.0,-10860
36.10183869490626,15,3.0,-11606
36.102422771567596,15,2.0,-11688
36.10301803702751,5,1.0,0
36.10339221335412,15,4.0,-11724
36.104374834552004,15,3.0,-11631
36.104395195718645,15,3.0,-11661
36.107273106295295,13,3.0,-11975
36.10902005174273,16,4.0,7757
36.10931204344476,13,1.0,-11964
36.11118750753002,16,31.0,8111
36.11247627220778,15,1.0,-11709
36.11407695717205,5,6.0,0
36.11450380862405,17,1.0,-7084
36.11499674365148,7,3.0,9100
36.11620961333718,13,5.0,-11968
36.117221332686796,1,4.0,9187
36.11738520214211,15,2.0,-11556
36.11787290286176,5,5.0,0
36.12102285482171,5,5.0,0
36.12115546113348,13,3.0,-11957
36.123716370109356,15,4.0,-11597
36.125151255233924,17,1.0,-9032
36.127960669238746,16,13.0,8623
36.12912765671115,6,4.0,9187
36.135152235735966,15,2.0,-11715
36.135693343620815,17,2.0,-6092
36.13911496692132,17,3.0,-8865
36.142518240330915,1,5.0,9188
36.144495622102454,13,9.0,-11973
36.145705768699685,5,7.0,0
36.149154168902115,14,4.0,-11941
36.149840492617066,17,4.0,-10770
36.153526334714755,15,2.0,-11652
36.153706195905144,5,1.0,0
36.156546783388606,6,3.0,9161
36.15656305895526,5,2.0,0
36.156985984756695,16,47.0,837
36.16072465434114,17,2.0,-9326
36.16120771335893,17,1.0,-2800
36.16219561613323,16,7.0,1159
36.165509923627596,15,2.0,-11651
36.16768871776222,17,2.0,-8236
36.16783998149001,5,1.0,0
36.16866043237643,14,12.0,-11929
36.16959808468009,15,1.0,-11513
36.172068572420606,5,4.0,0
36.172241002737145,5,3.0,0
36.17259910198662,14,12.0,-11961
36.17284068593763,5,5.0,0
36.174307062323756,15,3.0,-11663
36.174881204638005,15,5.0,-11607
36.17909445552732,13,2.0,-11967
36.17929490313969,17,2.0,-10196
36.17943290896723,7,5.0,9095
36.18221594691765,5,5.0,0
36.18259269628778,15,3.0,-11600
36.182730823752905,15,1.0,-11635
36.18631106397625,13,1.0,-11927
36.187077923796636,17,2.0,-6206
36.18750937247466,15,5.0,-11619
36.190794628583085,15,1.0,-11596
36.191460068268825,17,3.0,-9332
36.19180025708211,14,3.0,-11920
36.19654793774516,9,43.0,9043
36.19951740361707,5,1.0,0
36.201643980273545,17,22.0,-8769
36.20656142012841,1,2.0,9189
36.209949342807825,10,49.0,9176
36.21095460394911,7,2.0,9039
36.21196949355642,12,30.0,9123
36.214945620325935,5,1.0,0
36.216862204380526,6,5.0,9178
36.21984079758396,5,3.0,0
36.224662886054816,13,1.0,-11970
36.224846764613474,17,3.0,-4803
36.22542299772154,13,40.0,-11943
36.22714107722274,17,1.0,-9096
36.22805093310802,15,1.0,-11592
36.22928908217977,5,3.0,0
36.22943386421126,7,3.0,9106
36.229784284838054,11,32.0,9116
36.230551052003214,16,1.0,4552
36.23694453393365,14,8.0,-11966
36.240481865211926,5,2.0,0
36.24087891398466,5,1.0,0
36.24278499450374,4,5.0,9190
36.243318084529754,5,6.0,0
36.24701864957135,5,7.0,0
36.25028677021204,17,2.0,-6162
36.25196701271477,5,1.0,0
36.25466756938547,15,1.0,-11522
36.25596033552428,5,1.0,0
36.25993060477235,15,2.0,-11722
36.264012245851504,15,3.0,-11510
36.264788866289486,5,1.0,0
36.264862156739454,17,4.0,-4977
36.2649477569774,14,6.0,-11935
36.26614840217197,5,2.0,0
36.27055036573741,17,3.0,-9219
36.27175454427665,5,1.0,0
36.27187745518809,17,2.0,-10555
36.27455925699303,13,1.0,-11944
36.27518254838481,17,1.0,-9424
36.27798163055446,17,2.0,-10362
36.278348228318535,15,5.0,-11497
36.27846857488502,17,2.0,-5293
36.28038841414412,17,7.0,-9675
36.28148103632303,5,4.0,0
36.28206931417777,17,1.0,-6164
36.28627717482189,17,1.0,-749
36.286692813144334,15,1.0,-11691
36.28752223965607,16,2.0,3740
36.290847250079636,15,4.0,-11657
36.29265274319266,5,10.0,0
36.29383399285094,17,2.0,-8723
36.29454436556828,6,3.0,9182
36.29461416870264,10,8.0,9181
36.29561291893797,15,5.0,-11699
36.295674018418275,15,1.0,-11654
36.29580015550859,15,2.0,-11515
36.29816955890816,15,3.0,-11706
36.29992290524179,5,1.0,0
36.30015986308884,15,3.0,-11613
36.302099315767734,17,1.0,-8439
36.30333339124012,7,1.0,9126
36.3089965175157,10,3.0,9155
36.31248206885016,10,5.0,9190
36.313033056860824,5,2.0,0
36.315058084173096,16,6.0,6613
36.31547281618738,5,1.0,0
36.32525869101417,16,8.0,4921
36.329684665410724,17,2.0,-5621
36.33209198589526,4,5.0,9191
36.33808423651617,14,4.0,-11932
36.343105634569724,16,2.0,4217
36.34739407699719,4,24.0,9192
36.34795757220989,15,11.0,-11723
36.34931707415633,5,1.0,0
36.35143709071048,17,3.0,-11079
36.35390752089565,15,1.0,-11507
36.35575324787093,16,1.0,6695
36.3563432514443,13,4.0,-11946
36.35639121002225,6,2.0,9177
36.35673993921643,3,9.0,9193
36.36374148392783,15,2.0,-11712
36.36494741380855,15,2.0,-11703
36.36519428815,13,2.0,-11934
36.36712846189236,17,21.0,-10245
36.36818985210411,15,1.0,-11643
36.36947378848047,15,6.0,-11716
36.3697767947699,10,2.0,9125
36.37200635227077,5,4.0,0
36.37430098423091,15,1.0,-11695
36.37500711972389,5,1.0,0
36.37589233469625,9,30.0,9123
36.37637013385168,5,21.0,0
36.38038869799202,13,1.0,-11948
36.38112255958169,15,1.0,-11581
36.38256612509901,14,1.0,-11953
36.38434542094797,15,3.0,-11616
36.385305459707794,16,13.0,3988
36.38631771785765,15,5.0,-11580
36.38819405659843,15,2.0,-11692
36.388706005604334,5,1.0,0
36.38885744171189,5,1.0,0
36.39073871855019,15,23.0,-11621
36.390939855759,15,1.0,-11676
36.39127081284872,15,7.0,-11713
36.39175198014953,17,4.0,-11445
36.391762624928404,15,2.0,-11617
36.39458586490915,15,1.0,-11599
36.39523392209581,15,1.0,-11665
36.3952691747177,13,3.0,-11955
36.3965608136449,5,9.0,0
36.39734528056081,16,2.0,8919
36.39739290117062,6,3.0,9124
36.40525389355314,11,39.0,9072
36.40562346890852,5,2.0,0
36.40723785741721,5,13.0,0
36.40868246390641,13,1.0,-11938
36.40897299805164,17,2.0,-7079
36.40928690254155,15,3.0,-11684
36.41142185103374,17,2.0,-10027
36.412522881024934,5,2.0,0
36.41304331118837,17,2.0,-5781
36.413299472513806,1,3.0,9194
36.41984919742274,5,1.0,0
36.42294836334625,10,26.0,9168
36.42436971965021,15,1.0,-11655
36.42636083848233,16,2.0,4632
36.42783116795441,5,10.0,0
36.42830819829989,5,2.0,0
36.43114689533463,10,47.0,9079
36.43121693111816,15,4.0,-11525
36.433157446745035,5,1.0,0
36.434117778939125,17,3.0,-8992
36.434930903123295,15,5.0,-11696
36.43501550532141,15,2.0,-11664
36.43571437100464,10,1.0,9162
36.436214899310805,15,2.0,-11467
36.43867440877376,5,1.0,0
36.44339923808054,5,4.0,0
36.443799153309996,10,9.0,9193
36.44400940117325,10,5.0,9154
36.44461548486417,4,12.0,9195
36.44623003751776,11,1.0,9120
36.44648634366359,17,2.0,-9089
36.447973201903835,5,8.0,0
36.44864885850628,15,1.0,-11708
36.44966042621137,14,2.0,-11939
36.450002866342174,15,1.0,-11704
36.45271108419239,17,1.0,-9354
36.45360927259808,5,7.0,0
36.4537286376882,15,1.0,-11668
36.4550945182375,15,2.0,-11590
36.45690892744344,15,1.0,-11459
36.456912769996364,15,1.0,-11698
36.465104913369764,5,6.0,0
36.46559700048318,5,3.0,0
36.466325976436785,15,19.0,-11639
36.46641446815682,4,6.0,9196
36.46663621757779,5,1.0,0
36.46864833732437,10,12.0,9148
36.47350768338481,17,6.0,-8750
36.47557426534187,14,16.0,-11954
36.47737295837205,16,40.0,8899
36.47772991087333,17,4.0,-5852
36.47799402284514,15,1.0,-11649
36.47859470129539,15,3.0,-11618
36.47906487745052,1,2.0,9197
36.48105007417755,13,1.0,-11972
36.48938282136699,5,4.0,0
36.4903664882524,17,4.0,-10725
36.49330570850517,15,9.0,-11682
36.500815979316336,5,1.0,0
36.500868235284926,17,1.0,-11536
36.50377706445486,15,1.0,-11686
36.504658245701314,17,6.0,-4378
36.506373087538,11,1.0,9061
36.50674802837719,17,3.0,-9286
36.51221373047124,15,26.0,-11700
36.51301556883276,17,2.0,-7400
36.5154248954833,11,42.0,9122
36.51601667620588,15,4.0,-11609
36.51605060132095,16,7.0,8940
36.51741261066647,1,6.0,9198
36.51804524843613,5,4.0,0
36.51823020750847,6,2.0,9197
36.52358908447589,15,7.0,-11499
36.52626062281823,10,24.0,9192
36.526400034963714,15,3.0,-11719
36.53231719152905,5,4.0,0
36.5335002721189,5,2.0,0
36.534611670690936,17,1.0,-6893
36.53656448349125,17,9.0,-8802
36.536791896321176,15,1.0,-11707
36.5391963903603,16,39.0,3767
36.54476951455812,5,1.0,0
36.54967612730978,16,6.0,7069
36.55100739008786,17,1.0,-4340
36.55636297527832,15,12.0,-11591
36.55843423132247,4,4.0,9199
36.56024688927212,15,1.0,-11644
36.56449957899329,16,3.0,8363
36.56475454208257,17,1.0,-10409
36.56537883091286,16,21.0,6008
36.56621188880484,15,2.0,-11603
36.56725165211775,13,1.0,-11928
36.56922093446671,5,8.0,0
36.569487419172255,4,10.0,9200
36.57087525281884,16,2.0,7540
36.572176243193354,5,3.0,0
36.57444841077328,17,3.0,-11063
36.575823171479534,5,1.0,0
36.57693749088647,15,5.0,-11681
36.57700349278402,13,1.0,-11924
36.577524162979444,15,3.0,-11641
36.58027562423014,5,1.0,0
36.581046964733446,5,2.0,0
36.585678009505735,15,1.0,-11672
36.585693528678384,5,6.0,0
36.58869146676032,7,19.0,9082
36.588812877391405,15,6.0,-11611
36.59091675190436,17,1.0,-9648
36.59177737486435,17,2.0,-7117
36.59699042041751,15,2.0,-11683
36.59831234095384,10,24.0,9179
36.6003539384252,10,5.0,9152
36.60593081629234,17,2.0,-6614
36.609061799782566,17,5.0,-5957
36.61228957748378,5,4.0,0
36.61298081032063,5,2.0,0
36.616128466881065,16,2.0,8345
36.617600604913875,14,3.0,-11945
36.61761594631393,15,6.0,-11634
36.61962371283419,13,3.0,-11925
36.62060557974686,5,5.0,0
36.621363150369746,17,4.0,-7155
36.62379684946877,15,2.0,-11626
36.62413698625007,17,1.0,-10603
36.62724187282098,15,2.0,-11679
36.63397679470988,3,3.0,9201
36.637446218249664,15,6.0,-11620
36.63832242143258,13,9.0,-11923
36.63939744655779,17,3.0,-7118
36.640054959605436,14,2.0,-11976
36.64221607420188,5,4.0,0
36.642562257395696,16,6.0,8511
36.64278960517725,5,9.0,0
36.645669757886694,1,1.0,9202
36.6553039962366,5,1.0,0
36.65576596957872,17,4.0,-9904
36.65683149997172,15,2.0,-11718
36.65695274652358,15,1.0,-11504
36.65782020703655,11,53.0,9139
36.65814036462909,5,3.0,0
36.659953412131834,5,2.0,0
36.660717310602834,10,48.0,9167
36.66143411730729,5,1.0,0
36.66243962303937,5,1.0,0
36.66244379127474,15,1.0,-11630
36.66455143128519,17,2.0,-6924
36.66546174903465,5,9.0,0
36.669601914757486,14,2.0,-11965
36.67132713901319,12,24.0,9134
36.67200274408068,13,1.0,-11971
36.673277767153444,15,3.0,-11647
36.676055485686774,10,12.0,9195
36.682725776873795,11,1.0,9102
36.68557300223763,15,4.0,-11602
36.68578212213931,5,2.0,0
36.686413257181,4,1.0,9203
36.687375380049986,15,1.0,-11694
36.691589143208574,13,2.0,-11960
36.69568480030125,17,7.0,-6642
36.69662534880341,17,8.0,-9702
36.69688589493625,16,1.0,5720
36.70081697257097,10,3.0,9201
36.70151514718919,13,1.0,-11977
36.7021679642383,11,49.0,9085
36.705668448053565,13,2.0,-11936
36.707784201769364,13,4.0,-11956
36.70802941670205,14,11.0,-11947
36.70829094266648,4,54.0,9204
36.70856733057553,17,2.0,-6389
36.70945764932758,5,4.0,0
36.711933871247126,17,3.0,-3254
36.7139880550985,17,2.0,-7721
36.715915201686684,7,5.0,9089
36.716078173526746,15,35.0,-11615
36.72840640438184,15,8.0,-11645
36.730828911517506,5,3.0,0
36.73366115576738,15,2.0,-11623
36.737656073722796,13,2.0,-11952
36.73816578104798,17,1.0,-5355
36.738660484697306,5,3.0,0
36.738702431825615,5,1.0,0
36.74152697425942,5,2.0,0
36.74290999739149,113,57.0,-11942
36.74359767137258,15,11.0,-11506
36.74359767137258,17,11.0,-11506
36.7439917802549,10,4.0,9184
36.74406051517835,5,4.0,0
36.74418174098933,16,10.0,2805
36.74435679753334,15,1.0,-11674
36.74435679753334,17,1.0,-11674
36.744705896488384,15,8.0,-11612
36.7484115621266,15,3.0,-11476
36.74853751143984,15,3.0,-11666
36.74939579935841,15,1.0,-11594
36.74964964110214,5,4.0,0
36.75040028065608,17,1.0,-9077
36.750849435510275,5,4.0,0
36.75171626183852,5,1.0,0
36.75416194336692,15,2.0,-11650
36.75666590948167,5,5.0,0
36.75920250574119,5,9.0,0
36.75933587199801,17,2.0,-6325
36.76106914007707,17,2.0,-5916
36.76247500473051,17,5.0,-8039
36.76277434484156,14,7.0,-11933
36.76465912123189,5,2.0,0
36.765632615994456,17,5.0,-9898
36.76806516963161,17,1.0,-9256
36.77330813288376,5,1.0,0
36.77407425531086,17,5.0,-4300
36.77555005541405,15,2.0,-11638
36.77585659784241,1,3.0,9205
36.77654323026998,5,1.0,0
36.77718900942161,1,3.0,9206
36.777483946531625,5,1.0,0
36.779784968767046,17,3.0,-4681
36.77990665269005,15,7.0,-11677
36.78016796961181,17,3.0,-10305
36.78105358599847,5,6.0,0
36.78617450049512,17,1.0,-6451
36.789491190305014,17,3.0,-3007
36.789884129010105,17,6.0,-8063
36.79149053923251,14,1.0,-11931
36.79167717341108,15,4.0,-11545
36.79167717341108,17,4.0,-11545
36.797855520680855,17,8.0,-9162
36.798590257160214,17,2.0,-8036
36.800629526082744,7,5.0,9170
36.80249097498615,15,11.0,-11582
36.803622257994945,1,1.0,9207
36.80635108998437,5,1.0,0
36.806780837374454,13,1.0,-11962
36.80686419200836,17,6.0,-10099
36.807752230273934,15,2.0,-11670
36.81109314567404,17,1.0,-9202
36.811990734572774,3,31.0,9208
36.81364711428162,5,2.0,0
36.81993800693439,17,20.0,-10001
36.820372785644494,5,2.0,0
36.82076045514755,15,2.0,-11648
36.821975697421,15,2.0,-11595
36.82208402420414,5,3.0,0
36.82542767770213,15,1.0,-11598
36.82668220263626,5,14.0,0
36.82695837363976,12,2.0,9125
36.82995353038601,5,9.0,0
36.83319687672915,15,1.0,-11610
36.83459458995279,10,52.0,9174
36.83606308561711,5,7.0,0
36.8378503353491,15,10.0,-11660
36.840504209311796,15,1.0,-11669
36.8407076992011,1,5.0,9209
36.842316834413985,17,3.0,-5588
36.842676701334526,7,3.0,9075
36.84376483146067,15,3.0,-11646
36.844670812604406,13,2.0,-11922
36.84737410915024,5,6.0,0
36.849421837472335,15,5.0,-11625
36.84972726856158,15,11.0,-11702
36.85113503027808,5,3.0,0
36.85692544840545,13,10.0,-11921
36.85976785224872,17,4.0,-8993
36.86247648100354,10,7.0,9175
36.86284968962835,17,1.0,-6871
36.86432579040705,17,1.0,-10494
36.865491363977085,16,5.0,7731
36.86698188175475,5,22.0,0
36.86949222461243,17,1.0,-8413
36.870835713254834,17,6.0,-10916
36.871056732621255,17,13.0,-8765
36.87441525365935,10,2.0,9163
36.8791241076976,15,9.0,-11593
36.881605518044154,17,26.0,-6717
36.881869188572686,15,1.0,-11673
36.88266141027934,17,2.0,-1336
36.885497273208216,5,11.0,0
36.88656803366891,7,13.0,9051
36.88821976135309,17,3.0,-8164
36.888607362632456,17,1.0,-4530
36.889435666378084,15,1.0,-11585
36.89187688720087,17,2.0,-8531
36.89288624806727,15,1.0,-11693
36.89538913434036,5,3.0,0
36.896945287191635,15,15.0,-11711
36.896945287191635,17,15.0,-11711
36.89741738272865,15,6.0,-11552
36.89860506551935,16,5.0,8656
36.90286536881647,17,7.0,-6038
36.9035505020018,5,8.0,0
36.90643872352134,13,1.0,-11969
36.90701781506352,5,4.0,0
36.90769605851836,17,2.0,-8142
36.907773167099464,5,5.0,0
36.91239053350523,13,1.0,-11951
36.91318345631007,12,5.0,9152
36.91404750712683,6,5.0,9209
36.91484976292225,10,1.0,9203
36.91591337783268,5,1.0,0
36.92013475278638,15,18.0,-11605
36.92026273874011,17,2.0,-8845
36.92098313176239,5,2.0,0
36.921399445751625,3,41.0,9210
36.92489990039206,15,4.0,-11628
36.92659939650162,15,3.0,-11701
36.92840487294636,14,5.0,-11930
36.92856326281038,17,46.0,-11196
36.9289027598051,15,1.0,-11680
36.930067878689705,16,2.0,8318
36.930969336838864,16,4.0,7908
36.932828388910316,10,1.0,9092
36.93454499052861,5,1.0,0
36.93732248210071,13,1.0,-11926
36.938960695470996,6,4.0,9173
36.939894061753314,15,1.0,-11705
36.940913170985496,13,1.0,-11919
36.94262306996958,15,1.0,-11636
36.94308245721521,17,3.0,-7315
36.9445710357667,5,5.0,0
36.9490368725612,7,2.0,9103
36.950119224140934,17,3.0,-6461
36.95350946653842,13,1.0,-11949
36.9548937166308,16,24.0,9091
36.960826735498785,17,19.0,-2602
36.963042434146054,15,1.0,-11608
36.963811295810785,11,5.0,9121
36.96525441600521,14,3.0,-11959
36.967247527702035,1,1.0,9211
36.97295351457998,15,3.0,-11614
36.97312370036034,17,3.0,-6335
36.973164763667874,17,2.0,-10111
36.978636942066515,5,1.0,0
36.97909480058875,17,8.0,-10668
36.984884337026074,17,1.0,-3816
36.98635556198876,15,5.0,-11460
36.98696522049603,15,2.0,-11689
36.98971275758501,5,16.0,0
36.9972039162615,14,3.0,-11963
36.99823842568389,5,3.0,0
36.99849759754995,9,1.0,9090
37.005781421243434,6,1.0,9207
37.00673671493522,15,13.0,-11730
37.00977753339298,5,2.0,0
37.01484919894135,5,4.0,0
37.01545648686889,15,1.0,-11834
37.0169530674766,5,7.0,0
37.01753907738784,17,38.0,-10537
37.01921929604192,5,2.0,0
37.02060470760409,15,2.0,-11858
37.02298742261397,3,51.0,9212
37.023821701422825,11,20.0,9118
37.024078285360154,17,7.0,-11532
37.02589896935048,15,1.0,-11854
37.02777947604569,13,4.0,-12006
37.030939123350485,6,6.0,9198
37.03176072512238,15,2.0,-11830
37.031855643826646,16,6.0,6168
37.03318004261722,6,1.0,9183
37.03534823925995,15,7.0,-11809
37.03627232374382,17,8.0,-9114
37.03848607767124,5,7.0,0
37.040969755043854,13,5.0,-11999
37.04272864399322,14,1.0,-11984
37.04725378201398,13,2.0,-11992
37.048512609665714,16,5.0,8036
37.04906540871712,17,1.0,-10156
37.05029856847111,5,2.0,0
37.05265668790773,1,6.0,9213
37.05658533757034,14,1.0,-12021
37.05709451960225,15,9.0,-11817
37.06100470233407,13,1.0,-11979
37.062379246310904,13,1.0,-12013
37.06297699113319,11,47.0,9079
37.06954730936072,17,3.0,-8213
37.069756571583106,5,3.0,0
37.0703042299297,5,3.0,0
37.07105383736974,15,2.0,-11846
37.07605535350987,17,1.0,-9405
37.077602896304775,15,5.0,-11799
37.07894346539094,13,2.0,-11989
37.08102777675298,15,2.0,-11791
37.081352031335264,17,1.0,-8733
37.08186558592677,16,7.0,8611
37.08277676291564,15,3.0,-11653
37.08336342459477,15,18.0,-11678
37.08497679632654,3,59.0,9214
37.08535497804766,15,1.0,-11847
37.08918279099881,15,1.0,-11729
37.09100891761592,15,1.0,-11732
37.091779879316846,16,1.0,7691
37.092011902712024,15,4.0,-11837
37.09442353917006,5,2.0,0
37.095933880668,5,1.0,0
37.09741914489624,15,1.0,-11776
37.09948212374598,15,4.0,-11845
37.100022313424795,15,1.0,-11747
37.10270719915036,16,3.0,4475
37.10664057640587,15,3.0,-11762
37.107218562083226,15,1.0,-11828
37.111826948457356,15,1.0,-11667
37.11332803093881,15,1.0,-11818
37.11332925973741,16,8.0,8555
37.11419867248958,17,1.0,-9325
37.11490961708079,17,3.0,-7974
37.117969788908226,16,4.0,7431
37.118073974683575,5,1.0,0
37.11837870640158,13,1.0,-12036
37.11920247017121,3,55.0,9215
37.12062836478916,15,4.0,-11848
37.1254492020602,1,3.0,9216
37.12824333385974,13,1.0,-11980
37.1283837894363,15,5.0,-11850
37.12839863578323,13,1.0,-11993
37.128747343223075,5,9.0,0
37.130099562809185,5,1.0,0
37.13246714322996,5,1.0,0
37.13845447566782,1,2.0,9217
37.139886410921136,15,1.0,-11717
37.14043604037074,17,10.0,-9763
37.141588006799886,5,3.0,0
37.143884498241086,5,1.0,0
37.144389112282774,17,2.0,-9086
37.14659819437992,17,1.0,-8786
37.15597606542164,15,3.0,-11843
37.15945801265999,6,2.0,9186
37.162442216201406,17,1.0,-157
37.16246498162648,10,2.0,9185
37.163870169460786,15,2.0,-11841
37.16720366025071,15,1.0,-11748
37.16967236966293,15,1.0,-11806
37.172323997309135,15,5.0,-11802
37.17285389501183,3,7.0,9218
37.17410971479409,15,5.0,-11800
37.1789179059115,5,2.0,0
37.18163780552542,13,2.0,-12010
37.182100613296825,15,2.0,-11710
37.182206505015245,17,2.0,-3302
37.18238200458538,17,1.0,-9714
37.18255916158056,3,10.0,9219
37.18267188581393,5,5.0,0
37.182687170762975,13,2.0,-11994
37.182811979624034,17,6.0,-10424
37.18580055878063,17,2.0,-9493
37.19102536145678,15,1.0,-11753
37.19218578390521,7,2.0,9142
37.19471513517806,17,3.0,-6383
37.19496591311678,14,3.0,-12035
37.19509066518522,5,1.0,0
37.20067973992553,17,2.0,-8484
37.203441535880735,15,8.0,-11798
37.20602907229169,5,1.0,0
37.20698596082308,8,4.0,9173
37.20869680351766,17,1.0,-10006
37.21025808877663,10,55.0,9215
37.210753206443364,7,3.0,9141
37.210837352455094,5,1.0,0
37.210999980945765,15,1.0,-11777
37.212878338522735,16,9.0,8984
37.21621701020415,16,2.0,8314
37.216659130842366,15,1.0,-11790
37.21708917213301,5,4.0,0
37.217764855439604,13,1.0,-12020
37.22012073842775,17,3.0,-7546
37.22117821920071,13,2.0,-12012
37.221240786103195,10,6.0,9196
37.22337535064197,4,4.0,9220
37.22406548823755,14,6.0,-11978
37.225611480116754,11,29.0,9143
37.23086838335964,5,5.0,0
37.23247401609158,5,1.0,0
37.23492737102256,17,3.0,-11172
37.23697468624832,3,5.0,9221
37.23715275813722,17,3.0,-10931
37.23718018694499,7,3.0,9088
37.23979053939722,17,2.0,-11313
37.24190343845157,9,17.0,9138
37.24284786901035,17,1.0,-1028
37.246679908236544,5,3.0,0
37.24699727530553,7,11.0,9053
37.247299259657666,5,2.0,0
37.24811607073667,6,9.0,9166
37.25221400695412,17,2.0,-2015
37.257273898124986,17,2.0,-61
37.25842880187626,15,4.0,-11797
37.25902429791316,13,2.0,-12023
37.26054879065365,5,3.0,0
37.260657464866554,15,5.0,-11807
37.26194379507839,15,1.0,-11824
37.262315636665534,7,10.0,9144
37.263924824964676,14,4.0,-12034
37.264998920641425,15,1.0,-11775
37.26531494334792,13,2.0,-12019
37.26534155436325,15,2.0,-11757
37.26824318352309,15,3.0,-11778
37.26902981984491,15,4.0,-11740
37.2695270149098,15,5.0,-11685
37.270620048471535,17,1.0,-11587
37.271694001733145,13,2.0,-12009
37.27422009396357,13,16.0,-12033
37.278056224353406,15,6.0,-11752
37.278056224353406,17,6.0,-11752
37.279963828984705,15,2.0,-11656
37.2815009141066,5,7.0,0
37.28360955293947,5,29.0,0
37.28639897191876,13,1.0,-12027
37.28641622864167,1,5.0,9222
37.28700220980231,17,4.0,-7784
37.287794914387426,15,2.0,-11831
37.287794914387426,17,2.0,-11831
37.28854679040136,15,4.0,-11811
37.28978553619958,15,2.0,-11659
37.290769968749046,15,1.0,-11810
37.30061833818157,15,2.0,-11784
37.30176093407424,15,3.0,-11857
37.304120272919405,15,1.0,-11737
37.30417379472157,15,5.0,-11771
37.30481597173201,14,16.0,-11985
37.30674521124897,15,2.0,-11795
37.307360031574305,15,54.0,-11726
37.307360031574305,17,54.0,-11726
37.31013057981822,13,2.0,-12029
37.31069783936171,14,5.0,-11990
37.314240947221364,13,5.0,-11981
37.317985456110904,15,1.0,-11803
37.31955163610306,15,3.0,-11746
37.32108904368936,5,1.0,0
37.32472863952452,17,2.0,-9972
37.32752889413237,5,1.0,0
37.328835944122844,15,3.0,-11855
37.329021571241974,15,2.0,-11804
37.329330050532576,13,1.0,-12031
37.331698688884,3,60.0,9223
37.33678911458003,8,3.0,9182
37.3376433585404,5,20.0,0
37.339528616964934,5,11.0,0
37.340794359367194,16,1.0,8994
37.34100945992925,14,1.0,-12008
37.34613232956026,5,1.0,0
37.35247067019142,15,2.0,-11789
37.35392453421891,7,2.0,9177
37.35532000556892,5,6.0,0
37.3565437795922,13,2.0,-11988
37.35773445503608,17,4.0,-10144
37.361976219233995,113,17.0,-12028
37.362779085104265,16,4.0,6543
37.364257059513434,15,15.0,-11785
37.36456701382301,5,2.0,0
37.36815998254359,15,2.0,-11736
37.37216714898031,17,2.0,-8157
37.37748648939035,17,2.0,-8929
37.378124899336825,13,11.0,-11998
37.38302318303302,1,4.0,9224
37.38895498897096,13,1.0,-12026
37.38959177932719,5,3.0,0
37.39158777039014,5,6.0,0
37.391821122759495,15,2.0,-11792
37.392681440629666,1,1.0,9225
37.39428778850907,15,4.0,-11742
37.3952081490314,5,1.0,0
37.39640852592024,15,4.0,-11814
37.401587220859,5,11.0,0
37.40389659145247,5,1.0,0
37.404054697588236,11,9.0,9193
37.40516268805286,4,1.0,9226
37.40634819827513,15,2.0,-11765
37.408828894194095,15,7.0,-11812
37.40996708740688,1,3.0,9227
37.410540146438024,17,2.0,-8565
37.411365732412044,15,5.0,-11838
37.416434788916504,15,4.0,-11760
37.41647505865874,15,5.0,-11764
37.419108327459995,17,7.0,-3229
37.4201891854196,15,5.0,-11739
37.422501016931434,15,1.0,-11750
37.4257028518234,10,1.0,9226
37.428931620650786,5,2.0,0
37.43079061861269,15,1.0,-11822
37.433228513316884,6,1.0,9202
37.43415561566957,5,2.0,0
37.439655225115175,14,2.0,-11995
37.44174623337604,5,6.0,0
37.44217633523105,15,2.0,-11836
37.44323997314649,17,1.0,-6122
37.4446704684755,17,3.0,-9054
37.45132926329158,5,1.0,0
37.45325597820558,15,9.0,-11815
37.456318368646095,17,2.0,-10407
37.45915909632387,1,1.0,9228
37.459245272032305,15,2.0,-11627
37.460800613648274,15,3.0,-11823
37.46155164925037,17,1.0,-5923
37.46296003575103,15,2.0,-11770
37.46474852851985,10,7.0,9218
37.47305698042314,6,6.0,9213
37.47350782998215,15,2.0,-11842
37.47747205564252,17,2.0,-4441
37.47795752529609,15,1.0,-11633
37.47919667192119,4,30.0,9229
37.479650504829905,15,5.0,-11632
37.483843228164716,17,1.0,-9024
37.48715461197726,17,2.0,-1054
37.488024064413594,17,3.0,-9971
37.48857008362627,15,30.0,-11821
37.489984181002335,17,1.0,-9395
37.49127426236442,10,4.0,9199
37.4928415466749,15,2.0,-11816
37.497802510527855,15,1.0,-11793
37.499802540412134,17,13.0,-7909
37.50104625401653,15,2.0,-11743
37.502145065398125,16,23.0,892
37.50235224079006,16,1.0,8912
37.502516315344955,15,1.0,-11763
37.50372413013135,5,22.0,0
37.50689727497367,2,43.0,9230
37.51476227217184,5,5.0,0
37.5176172846115,17,6.0,-8986
37.52179288362628,15,1.0,-11728
37.524180873564504,7,2.0,9150
37.52489003095036,15,3.0,-11642
37.52525377393174,13,6.0,-11986
37.53246029826225,17,5.0,-8361
37.53343018221035,5,4.0,0
37.53531358989438,15,2.0,-11782
37.53807106324293,15,1.0,-11741
37.53956108045659,17,1.0,-6783
37.53959829586247,16,1.0,6119
37.54458273480895,5,2.0,0
37.546312052614084,4,54.0,9231
37.546722048334324,13,2.0,-12032
37.54712874497502,13,2.0,-12005
37.54771800389401,15,3.0,-11856
37.553973252616025,15,1.0,-11766
37.55499752758901,15,4.0,-11781
37.55576359540322,17,1.0,-6864
37.55753288565827,17,2.0,-5866
37.55790157497655,12,22.0,9158
37.56005589092573,5,5.0,0
37.56044881243097,15,4.0,-11768
37.56137846856121,15,1.0,-11827
37.56396130488443,17,2.0,-9016
37.565472964104785,15,2.0,-11640
37.56621188880484,17,2.0,-11603
37.56773486639705,15,1.0,-11624
37.567880475241665,13,3.0,-12000
37.56908193187263,11,54.0,9059
37.570301039647035,17,1.0,-8648
37.57238875019455,17,16.0,-10598
37.5732029808042,17,2.0,-7337
37.578734749684116,5,2.0,0
37.58004785594101,5,1.0,0
37.58017278734294,5,2.0,0
37.58022532177148,5,1.0,0
37.58085935408208,5,1.0,0
37.581567228111936,16,16.0,816
37.582232945550736,5,7.0,0
37.59024473478246,17,3.0,-7220
37.5906574430059,17,4.0,-7714
37.59094752905439,15,1.0,-11734
37.59293151181202,5,3.0,0
37.59501850973314,7,2.0,9197
37.59594014956888,5,6.0,0
37.598723253556614,5,5.0,0
37.6005917160617,1,4.0,9232
37.60196912115272,3,10.0,9233
37.603051944216304,9,5.0,9152
37.607536200671845,14,5.0,-11991
37.61241088115658,15,3.0,-11622
37.617154336117196,10,54.0,9204
37.6179904716471,5,3.0,0
37.61831882316164,15,2.0,-11813
37.6192549034125,17,5.0,-8402
37.6208635714049,17,4.0,-3766
37.62203928595118,17,3.0,-10389
37.62211227846928,16,53.0,2355
37.62261105107914,6,41.0,9119
37.62431992419484,4,12.0,9234
37.62651042956267,14,2.0,-11983
37.62665552403857,17,3.0,-4942
37.62847245931031,5,8.0,0
37.63111311763087,17,4.0,-8302
37.6315221154481,17,1.0,-4494
37.63274271780829,15,1.0,-11731
37.633252810551745,7,8.0,9137
37.63346404436394,5,1.0,0
37.638264885262444,13,2.0,-12030
37.63888383077354,15,1.0,-11794
37.64028986452199,17,1.0,-8653
37.641581016902535,15,1.0,-11772
37.6436655938549,15,8.0,-11758
37.645771178264624,17,5.0,-11279
37.647825701063496,17,17.0,-7237
37.6483420290039,5,6.0,0
37.6508869433688,11,52.0,9174
37.65380997707192,15,2.0,-11779
37.6541032319322,17,4.0,-7050
37.65624795782227,15,5.0,-11751
37.66223621604915,9,14.0,9164
37.66893346543853,16,4.0,2935
37.670180208654074,15,1.0,-11786
37.67381001328155,17,3.0,-7201
37.67560654539683,11,24.0,9192
37.67596793523039,17,3.0,-4658
37.67800585003916,15,9.0,-11826
37.68030084889737,15,7.0,-11744
37.68030084889737,17,7.0,-11744
37.68185549388585,5,4.0,0
37.68679293502957,17,2.0,-5881
37.689044687644305,14,2.0,-12016
37.689603207384025,17,1.0,-8867
37.691923328328045,17,6.0,-6239
37.693827569409294,5,1.0,0
37.694631551532424,17,7.0,-9715
37.69480005075468,5,3.0,0
37.69622299341708,3,9.0,9235
37.70149609663052,5,7.0,0
37.70179316841583,14,4.0,-12002
37.70494209038387,17,5.0,-8324
37.705221869577095,15,8.0,-11658
37.70804864228256,17,2.0,-7757
37.708827946518994,5,1.0,0
37.71553970659944,16,4.0,8495
37.71759459527449,17,3.0,-9584
37.72361874336024,5,2.0,0
37.72558884181297,9,4.0,9173
37.72593352744149,17,3.0,-5967
37.727544633029126,15,1.0,-11769
37.728224534235096,5,3.0,0
37.72913529124156,11,12.0,9148
37.73018474455017,14,1.0,-11996
37.733817440991515,15,2.0,-11825
37.73676952515044,17,1.0,-11392
37.738218200386356,17,3.0,-6905
37.739667392184074,17,6.0,-9088
37.74219452388062,13,1.0,-12003
37.74390529143149,14,3.0,-11982
37.744705896488384,17,8.0,-11612
37.74623977934914,5,2.0,0
37.74741585360052,17,1.0,-10678
37.74861321876022,17,3.0,-4334
37.751086154549824,5,3.0,0
37.75191689633056,5,2.0,0
37.75392661057978,5,3.0,0
37.76500301125141,13,1.0,-12025
37.76643162740978,15,4.0,-11796
37.76661776204874,10,10.0,9219
37.77348429138937,14,4.0,-12014
37.775997684577845,5,4.0,0
37.777269723964686,15,2.0,-11738
37.777973396821096,11,1.0,9092
37.778775147572624,15,50.0,-11774
37.77935411143069,6,4.0,9232
37.78024851395433,5,4.0,0
37.786321060866385,15,2.0,-11829
37.787380206710615,15,8.0,-11767
37.792135001929786,15,2.0,-11733
37.79528733438723,10,5.0,9191
37.79590893645575,5,2.0,0
37.79946380698568,5,2.0,0
37.801294524826815,17,6.0,-8869
37.80290387456606,15,1.0,-11754
37.80304322945726,6,5.0,9188
37.80479120273144,17,1.0,-4320
37.806759157754925,9,24.0,9134
37.80705529031561,11,52.0,9109
37.80856875645382,15,2.0,-11851
37.80988364729152,9,8.0,9149
37.813842671357214,15,9.0,-11780
37.81486837558495,17,4.0,-1289
37.81506021787986,5,3.0,0
37.81697819579797,5,3.0,0
37.82004372195253,15,4.0,-11853
37.82025938480744,17,1.0,-9621
37.82353843529435,17,1.0,-8200
37.82359745703317,13,1.0,-12022
37.82418541289484,14,2.0,-12018
37.827062836659856,14,3.0,-12007
37.83300911426643,14,7.0,-12004
37.83330956826093,3,51.0,9236
37.83346862156292,15,1.0,-11755
37.83551190051208,15,1.0,-11849
37.83553252260643,15,1.0,-11859
37.8373665023054,16,2.0,7010
37.838817768039235,1,2.0,9237
37.84200787468104,5,2.0,0
37.845715639058156,5,8.0,0
37.845804009421045,15,2.0,-11840
37.84668804238457,11,7.0,9175
37.84680031821608,4,3.0,9238
37.84804306047646,10,30.0,9229
37.85089410855797,5,4.0,0
37.85523396468163,16,7.0,7663
37.85555575148308,17,3.0,-6757
37.858347552006144,17,2.0,-6926
37.85856251779673,15,2.0,-11787
37.862030479015154,5,1.0,0
37.86221833246166,5,2.0,0
37.863209529850906,13,2.0,-12001
37.86369107665546,5,4.0,0
37.864339910847356,5,9.0,0
37.86818198437007,13,2.0,-11987
37.8698124722486,15,1.0,-11833
37.8698124722486,17,1.0,-11833
37.87054790066473,17,3.0,-7768
37.87096308975005,15,2.0,-11805
37.87177700720339,17,2.0,-9925
37.87226148897973,16,5.0,5322
37.87238365443258,11,55.0,9215
37.87422503030724,13,1.0,-12011
37.87925986184606,17,8.0,-8859
37.87989083254945,11,5.0,9154
37.88093665337084,3,17.0,9239
37.881240567839775,13,1.0,-11997
37.881389346800944,17,1.0,-7689
37.883039760122124,5,1.0,0
37.88846182488227,17,3.0,-6666
37.888702482805435,15,2.0,-11727
37.88898332842436,1,4.0,9240
37.88956098072059,15,2.0,-11725
37.890290557340606,5,3.0,0
37.890932108256735,15,1.0,-11808
37.89509452194981,5,1.0,0
37.89521280148159,15,2.0,-11735
37.89633287786294,15,5.0,-11783
37.90246573596511,5,3.0,0
37.903010461508046,16,17.0,143
37.90338903172599,13,1.0,-12024
37.90648455336529,10,4.0,9220
37.90803637214746,1,6.0,9241
37.90847915876599,15,3.0,-11788
37.909907700464984,7,3.0,9161
37.91329582339068,5,3.0,0
37.91495369648122,3,1.0,9242
37.919481729043135,7,8.0,9084
37.92062794267796,17,1.0,-3131
37.92175793722298,5,11.0,0
37.92362491812635,17,7.0,-9532
37.924278780606826,7,5.0,9209
37.92693320845647,15,3.0,-11761
37.928281299727864,5,2.0,0
37.928551937669624,16,1.0,4677
37.930339170489944,17,6.0,-10701
37.93172578794282,5,1.0,0
37.9331279574205,17,1.0,-7683
37.93546471890696,7,4.0,9187
37.93566574007408,5,2.0,0
37.93830967981304,6,3.0,9153
37.939481238023745,1,2.0,9243
37.94448380151057,15,3.0,-11835
37.94782661929865,17,10.0,-7064
37.94790712326259,13,1.0,-12015
37.95095287582814,5,2.0,0
37.95553464588939,16,2.0,4368
37.95927437102567,16,1.0,5866
37.96415102463938,5,5.0,0
37.96439618261767,5,4.0,0
37.96596437889082,15,1.0,-11844
37.966372447693075,17,4.0,-10291
37.9722620355373,5,1.0,0
37.976100729352446,4,49.0,9244
37.976395230340444,16,4.0,7378
37.977923633145224,5,1.0,0
37.978172224561064,5,1.0,0
37.97938853238762,5,9.0,0
37.98001406625169,10,17.0,9239
37.982176767523,17,8.0,-9845
37.9832933843552,14,2.0,-12017
37.984578525139014,5,2.0,0
37.99263191871004,10,41.0,9210
37.9933016321351,15,2.0,-11839
37.99667574269249,17,4.0,-5388
37.99918638065355,5,4.0,0
38.00103273706659,17,4.0,-385
38.00552277117907,15,4.0,-11876
38.00600560585368,17,2.0,-10086
38.01050914662752,13,8.0,-12086
38.01122390327804,11,2.0,9136
38.01270153789125,17,4.0,-5112
38.013032904139,15,4.0,-11932
38.01422497623619,15,2.0,-11915
38.01577244915446,5,2.0,0
38.01586079063246,5,1.0,0
38.016898050733026,17,1.0,-6831
38.017939205488084,14,1.0,-12074
38.01874011479985,15,3.0,-11894
38.02327403542869,15,5.0,-11968
38.025459560500295,17,1.0,-8469
38.02694365603585,1,3.0,9245
38.03097882343779,15,8.0,-11870
38.034701789039296,15,1.0,-11912
38.034733887422384,4,25.0,9246
38.034749437060015,14,1.0,-12093
38.03902509868236,4,13.0,9247
38.039735101487565,15,2.0,-11887
38.04392312499569,10,3.0,9238
38.04719800331041,5,3.0,0
38.04858415992722,1,1.0,9248
38.04967144486394,15,1.0,-11907
38.05079483462497,13,14.0,-12042
38.051098125190435,17,4.0,-11420
38.05154427237936,15,3.0,-11893
38.051722717875826,15,1.0,-11951
38.05264091244963,7,4.0,9129
38.05309398023345,5,1.0,0
38.055091864619605,15,2.0,-11939
38.05640584399749,17,3.0,-9049
38.059334821479155,15,2.0,-11967
38.06775606631635,17,1.0,-11175
38.06843613754271,12,54.0,9204
38.07138749022584,15,2.0,-11890
38.072620473078565,14,1.0,-12051
38.073267384486726,17,1.0,-9579
38.07336195511105,15,1.0,-11916
38.074925538656075,5,3.0,0
38.07864071454606,13,7.0,-12087
38.08003441121397,1,3.0,9249
38.08051681927154,15,3.0,-11955
38.08173363585306,11,49.0,9176
38.08184335990085,5,4.0,0
38.08959640873012,15,2.0,-11869
38.09324557970509,5,5.0,0
38.0954333644217,17,5.0,-9118
38.09875942015192,14,1.0,-12071
38.100199190030665,5,3.0,0
38.10448627681229,10,51.0,9236
38.10572788708213,6,6.0,9241
38.107431453182556,5,3.0,0
38.10765784260496,5,2.0,0
38.108672777190115,3,47.0,9250
38.1128700833447,17,1.0,-8804
38.11352689084741,5,6.0,0
38.11589390427779,7,4.0,9172
38.11737305036173,11,8.0,9181
38.12263830025186,15,3.0,-11891
38.12847563493665,17,3.0,-8606
38.12924939504158,3,28.0,9251
38.12976106143197,15,4.0,-11946
38.130857012410786,15,7.0,-11881
38.13194828871393,13,3.0,-12072
38.13201311827968,16,1.0,1955
38.13317623484959,5,1.0,0
38.13373704724313,15,1.0,-11874
38.13422812015733,17,1.0,-10642
38.135908037502,5,2.0,0
38.136541863292436,14,4.0,-12057
38.1404888982973,15,1.0,-11872
38.14136790135034,6,4.0,9224
38.143941648602066,16,1.0,5427
38.14520856743493,5,5.0,0
38.14645537215694,13,2.0,-12041
38.1476178126007,5,3.0,0
38.148918376327636,15,6.0,-11918
38.15034285784955,17,15.0,-8101
38.152180845745065,15,16.0,-11888
38.152499963734996,15,3.0,-11959
38.15334394598589,1,6.0,9252
38.158364285789254,11,3.0,9165
38.16246360448881,15,1.0,-11974
38.1680255582665,5,3.0,0
38.1691788954533,11,2.0,9163
38.170628218445266,17,4.0,-10315
38.17120472090815,5,10.0,0
38.17143112142026,13,3.0,-12043
38.176591518409936,11,5.0,9190
38.17672458040015,17,2.0,-8460
38.1768009455326,17,3.0,-3267
38.17790833203293,17,2.0,-9717
38.1786170488941,15,1.0,-11938
38.179086873491414,17,5.0,-9578
38.19014218742482,5,2.0,0
38.190188156230796,6,2.0,9171
38.19465547130168,16,35.0,724
38.195082417711966,5,4.0,0
38.19637069692189,15,1.0,-11861
38.19649121868398,13,1.0,-12046
38.19685676865675,13,2.0,-12081
38.19759389136627,5,3.0,0
38.19824230827652,17,1.0,-4677
38.19941472816648,10,51.0,9212
38.204052774683575,5,7.0,0
38.20661063007199,5,1.0,0
38.20918741088021,12,26.0,9168
38.21020595769074,15,1.0,-11926
38.21269541245661,3,11.0,9253
38.21449443903805,17,1.0,-10201
38.215601210589554,11,1.0,9162
38.21784761101834,15,5.0,-11866
38.221196439341185,16,6.0,7968
38.222246232562185,17,4.0,-7550
38.22432411622868,3,42.0,9254
38.23064806051828,5,3.0,0
38.230829235357874,16,46.0,1411
38.23175237600473,15,5.0,-11832
38.23228702457088,17,2.0,-10936
38.23344874652871,13,1.0,-12055
38.235038945136644,10,10.0,9200
38.23699225401267,17,1.0,-10818
38.241653813277345,13,2.0,-12089
38.242322913006774,15,6.0,-11877
38.24404506593609,12,17.0,9132
38.24451021185175,17,3.0,-4765
38.24701309902343,14,42.0,-12073
38.24851877445761,5,1.0,0
38.249144806744575,15,1.0,-11906
38.2501841311083,7,4.0,9160
38.259626861571824,5,2.0,0
38.26104268491975,15,10.0,-11921
38.26182094096045,14,5.0,-12050
38.26539603139281,13,2.0,-12090
38.26686768013931,13,9.0,-12092
38.26876911513458,15,2.0,-11759
38.271218574236315,5,2.0,0
38.2724010630733,17,4.0,-8682
38.27535266796153,15,3.0,-11875
38.277571495204924,15,11.0,-11947
38.27868975238895,3,53.0,9255
38.27948423955884,15,2.0,-11914
38.27968272122796,4,8.0,9256
38.282395306972,17,2.0,-7225
38.282883386187656,15,1.0,-11940
38.285882831778686,9,17.0,9132
38.28837670990675,6,3.0,9249
38.28928142402688,6,43.0,9230
38.2930235083864,5,1.0,0
38.29385094071399,15,12.0,-11929
38.29385094071399,17,12.0,-11929
38.29455714645031,13,3.0,-12060
38.29632802466154,15,1.0,-11924
38.296849810963224,15,4.0,-11956
38.29748326471342,14,1.0,-12054
38.300881429646,1,2.0,9257
38.30306098608715,17,1.0,-9125
38.30621001580154,17,2.0,-9423
38.30762728515907,5,3.0,0
38.316271670543884,10,8.0,9256
38.316643053871154,15,4.0,-11941
38.320710584814776,17,2.0,-7013
38.32728124313577,5,5.0,0
38.32735777251686,15,1.0,-11867
38.32748634619752,13,1.0,-12056
38.32850953040446,15,3.0,-11903
38.329519965221,5,1.0,0
38.33030881450929,6,3.0,9205
38.331781214781195,15,11.0,-11852
38.33401722376888,17,9.0,-4368
38.33504072735035,16,12.0,6160
38.33688390260867,15,3.0,-11950
38.33754713889785,15,1.0,-11873
38.33806001448163,5,1.0,0
38.338769603034535,1,3.0,9258
38.34298023015249,15,7.0,-11860
38.34592835755346,15,2.0,-11896
38.348029745048436,15,2.0,-11900
38.35182963227232,5,2.0,0
38.3528659428908,15,32.0,-11819
38.355455744658386,5,13.0,0
38.358067090183994,17,2.0,-10396
38.359078034623884,113,48.0,-12083
38.3620916145912,13,1.0,-12095
38.36651357090268,1,2.0,9259
38.366591314025435,4,3.0,9260
38.36687390225688,4,2.0,9261
38.36696705619198,17,31.0,-9217
38.37005691001233,10,12.0,9234
38.370878118166424,15,19.0,-11865
38.37159302163267,5,3.0,0
38.37371533165861,17,1.0,-4813
38.37441303215914,13,1.0,-12052
38.374681010361236,17,2.0,-10984
38.378478700829476,15,1.0,-11953
38.38003104372094,13,6.0,-12084
38.381352410591894,5,2.0,0
38.381811501510114,5,4.0,0
38.38419415532756,1,4.0,9262
38.39044394869804,15,1.0,-11969
38.3912445619374,1,2.0,9263
38.39151514370894,13,40.0,-12044
38.39181212513622,5,1.0,0
38.39600125112035,5,1.0,0
38.39619838595701,15,1.0,-11977
38.40117408512603,17,3.0,-7169
38.40236988168457,16,2.0,4528
38.403166350590354,5,9.0,0
38.40572564556842,15,5.0,-11913
38.40573741216048,10,47.0,9250
38.40619642489446,17,1.0,-8623
38.4083732095877,7,3.0,9124
38.410051110466725,4,57.0,9264
38.41337428508633,5,5.0,0
38.41475487610916,16,6.0,8734
38.4162741272028,15,1.0,-11919
38.4174588315992,5,8.0,0
38.417888555156544,15,3.0,-11899
38.41951926855425,5,4.0,0
38.4213040596843,5,2.0,0
38.42367783808567,4,36.0,9265
38.425526250823154,5,1.0,0
38.43214303858984,4,7.0,9266
38.43647934341077,15,2.0,-11922
38.436829359104465,5,8.0,0
38.44161732177625,15,3.0,-11897
38.44311930794612,14,1.0,-12069
38.4475216047235,5,3.0,0
38.44863557380896,7,2.0,9186
38.4490107872086,5,7.0,0
38.44941208497777,15,2.0,-11976
38.449701789661724,13,2.0,-12061
38.450090130268286,5,1.0,0
38.45152016041685,6,2.0,9237
38.45265400743174,4,2.0,9267
38.45497420951124,15,5.0,-11884
38.45978115533616,17,1.0,-8710
38.46205302575436,6,2.0,9189
38.46489354241152,6,3.0,9245
38.465344880992845,17,1.0,-8989
38.466325976436785,17,19.0,-11639
38.474614991321275,6,1.0,9225
38.47466948980325,5,3.0,0
38.47774470919065,6,1.0,9248
38.47854757039105,5,11.0,0
38.478752341178065,5,3.0,0
38.48129208927348,5,2.0,0
38.48837899373578,17,2.0,-4375
38.49235335974061,4,1.0,9268
38.50292528714268,14,1.0,-12077
38.509465159237585,15,1.0,-11964
38.51152572530532,17,1.0,-6553
38.51311572725583,5,6.0,0
38.516233548877864,17,8.0,-9643
38.521930608746196,9,26.0,9168
38.52225477401497,5,6.0,0
38.52279164486212,15,1.0,-11917
38.525654313668525,1,4.0,9269
38.529526578694615,17,1.0,-9020
38.53071934251558,13,3.0,-12085
38.53079526716152,4,15.0,9270
38.53079728419807,15,2.0,-11937
38.536454132128114,3,5.0,9271
38.53969872237016,1,1.0,9272
38.54409309731548,17,1.0,-8975
38.54506131600732,16,5.0,5882
38.545315125275344,6,3.0,9258
38.54557263729452,15,1.0,-11948
38.54753964000106,10,31.0,9208
38.54821861000279,14,25.0,-12078
38.54825822776142,16,11.0,1099
38.54939480557882,3,6.0,9273
38.5535245587293,5,1.0,0
38.55927371990289,16,3.0,8632
38.5624028220962,5,1.0,0
38.565083748912876,14,4.0,-12059
38.56684524501166,16,2.0,5652
38.567028540632435,5,2.0,0
38.5673149194538,5,3.0,0
38.56787774221881,1,4.0,9274
38.569406369811695,5,8.0,0
38.571415014739024,1,3.0,9275
38.57250998088955,15,3.0,-11957
38.572585885639484,5,2.0,0
38.574731121697496,1,2.0,9276
38.57677423854883,17,8.0,-7555
38.57678706425331,15,1.0,-11971
38.57988010376679,11,3.0,9155
38.58098733011607,17,1.0,-8579
38.58224045803792,17,9.0,-5684
38.583462094702966,15,2.0,-11936
38.58355942489243,5,4.0,0
38.584275473578835,13,10.0,-12070
38.58478404128738,7,5.0,9178
38.58843944941473,15,3.0,-11880
38.58843944941473,17,3.0,-11880
38.58942437911466,17,1.0,-8909
38.59244263027282,15,3.0,-11963
38.59373654376668,17,2.0,-9477
38.59506676613913,16,11.0,4606
38.59624115413726,17,7.0,-9115
38.597667136822,6,5.0,9222
38.59770104710876,14,5.0,-12082
38.59926077070634,17,2.0,-7954
38.60135865647222,15,1.0,-11864
38.60307292040199,14,2.0,-12045
38.60429170554436,15,1.0,-11928
38.605246268960684,17,4.0,-6634
38.60546379000348,5,6.0,0
38.60616739890014,6,4.0,9274
38.60713927455078,17,3.0,-7383
38.60939180669346,5,13.0,0
38.61048330394405,15,1.0,-11902
38.614342625861894,5,3.0,0
38.61626021691881,13,2.0,-12067
38.62137578338918,17,18.0,-8931
38.624751252015685,15,1.0,-11885
38.62488852776477,17,1.0,-8819
38.62493085137916,17,2.0,-6963
38.62511183309447,17,2.0,-10611
38.625999998074484,15,2.0,-11965
38.62638250666994,5,2.0,0
38.6264841824038,10,3.0,9260
38.626601189951145,16,3.0,8704
38.632958145536634,15,7.0,-11933
38.6330390561383,17,1.0,-10190
38.63328086938953,17,11.0,-8477
38.63778071980004,14,1.0,-12079
38.64130697481126,6,2.0,9243
38.642313904438275,15,1.0,-11898
38.64386689960401,17,1.0,-8080
38.645280009172346,15,2.0,-11892
38.64856928286699,17,1.0,-10262
38.6501134811774,17,4.0,-9203
38.65088985024592,17,4.0,-4313
38.652528978701696,3,56.0,9277
38.663693534679865,17,3.0,-7378
38.665273660745726,13,1.0,-12038
38.665932974735995,16,1.0,1302
38.66649772602909,17,1.0,-2567
38.67449731233863,15,2.0,-11871
38.67468356574841,17,2.0,-9033
38.67618224861778,17,1.0,-10365
38.680032794669245,5,6.0,0
38.68543185768597,14,1.0,-12066
38.68708784504176,15,1.0,-11972
38.68854644532378,10,7.0,9266
38.68907928717609,5,5.0,0
38.68959139931546,6,2.0,9259
38.68988184765283,17,5.0,-4305
38.694552084508544,17,2.0,-5737
38.694581737417764,17,1.0,-4014
38.69736549958694,17,6.0,-9585
38.697564969787024,1,6.0,9278
38.70246512306584,15,3.0,-11925
38.70277001655965,5,51.0,0
38.70338649698162,16,1.0,307
38.70501236780083,5,12.0,0
38.71005538819549,10,9.0,9235
38.71198191604982,15,6.0,-11889
38.712579353839544,15,16.0,-11954
38.71276128734015,17,1.0,-9865
38.71829209713704,15,1.0,-11927
38.735086115765746,15,3.0,-11909
38.73605974279884,15,10.0,-11886
38.73678713584323,17,4.0,-904
38.738508145026245,17,3.0,-8866
38.73901539368853,11,5.0,9191
38.73909410422094,5,2.0,0
38.73911348610865,14,3.0,-12047
38.73962012037953,17,3.0,-4055
38.740615388502064,15,6.0,-11935
38.7407525540852,5,5.0,0
38.741615237643686,13,3.0,-12068
38.74280887078076,15,2.0,-11934
38.743550749360075,5,2.0,0
38.74489509083031,16,23.0,4954
38.74640335973069,13,2.0,-12088
38.75068583291254,15,1.0,-11910
38.753865322086455,17,1.0,-6990
38.75404154104375,15,1.0,-11949
38.754441754670125,15,1.0,-11962
38.75448491603712,14,8.0,-12053
38.7567646009076,10,15.0,9270
38.75865686677309,17,1.0,-10970
38.76100832237807,11,4.0,9184
38.76212271802546,15,9.0,-11923
38.76224606313961,5,4.0,0
38.7625573736305,6,3.0,9194
38.76501693726111,15,3.0,-11945
38.765099621546156,1,4.0,9279
38.76733680798433,5,2.0,0
38.76774597938305,14,3.0,-12049
38.76944953938425,1,1.0,9280
38.7733640128353,16,2.0,8023
38.77397910334982,15,40.0,-11943
38.77545595059428,15,2.0,-11958
38.778660493508106,17,8.0,-9092
38.780975577409556,15,4.0,-11868
38.782482550999475,5,1.0,0
38.78308872042824,15,5.0,-11930
38.78513230481402,5,4.0,0
38.79018063941041,13,2.0,-12040
38.79181232938262,5,4.0,0
38.79283583832507,17,1.0,-7486
38.796316383418606,17,7.0,-4883
38.796531454112504,6,3.0,9216
38.79658189847924,15,1.0,-11931
38.79700596422753,13,1.0,-12062
38.79918402514583,17,3.0,-6517
38.79965718135234,5,4.0,0
38.801238678804125,15,3.0,-11745
38.80191813575491,3,45.0,9281
38.802080915493846,7,1.0,9147
38.802947657286346,17,3.0,-10777
38.808897539435534,13,3.0,-12064
38.8115203594111,5,20.0,0
38.811632496166666,5,4.0,0
38.81254627386955,10,59.0,9214
38.812816075283635,5,10.0,0
38.81303709255015,17,2.0,-10928
38.81319393472736,10,57.0,9264
38.81337633259977,17,2.0,-5546
38.813803707311926,17,2.0,-11535
38.81856738337561,5,6.0,0
38.832844902515234,12,12.0,9195
38.833742890879364,13,6.0,-12039
38.834100220786475,10,2.0,9261
38.835789265250966,10,2.0,9267
38.84373945691019,13,3.0,-12091
38.84405889011961,15,3.0,-11901
38.84463742606509,17,1.0,-9627
38.848939876418314,5,1.0,0
38.855096635963015,16,42.0,4336
38.85625868943429,6,1.0,9211
38.85769319932025,14,6.0,-12058
38.86306241199574,17,2.0,-7638
38.86671794386416,15,1.0,-11970
38.86671794386416,17,1.0,-11970
38.86709896800439,10,56.0,9277
38.868036531458195,15,1.0,-11905
38.86870926518977,1,2.0,9282
38.86873182960007,5,1.0,0
38.86919393617441,1,3.0,9283
38.87002442409195,17,5.0,-9296
38.87200692998288,5,4.0,0
38.87304283502431,13,4.0,-12094
38.87648918925257,5,3.0,0
38.878916476125006,5,8.0,0
38.88539499067711,15,2.0,-11960
38.885913554698384,15,1.0,-11863
38.88630519207695,15,2.0,-11882
38.88760100146611,17,3.0,-8850
38.8880974873815,17,1.0,-8392
38.89670268121649,14,1.0,-12037
38.900476980440615,17,1.0,-8289
38.900614300218805,13,2.0,-12063
38.90093686736441,4,4.0,9284
38.901516308721774,12,9.0,9235
38.905123769719474,5,1.0,0
38.90886175910471,15,1.0,-11904
38.91106962624786,15,1.0,-11895
38.91397715221911,17,5.0,-11327
38.91516850104154,13,1.0,-12080
38.91853190660657,15,1.0,-11944
38.91910187989779,1,1.0,9285
38.91980797832876,17,7.0,-2098
38.91981999113722,9,1.0,9135
38.926060174644505,10,53.0,9255
38.92828548043733,10,4.0,9284
38.92950979424015,5,9.0,0
38.93024403825119,5,1.0,0
38.9309581211081,15,3.0,-11920
38.93579478170687,17,4.0,-6068
38.93755371538538,15,5.0,-11878
38.939644674005926,15,9.0,-11973
38.941689502763346,7,43.0,9230
38.94306869182239,10,42.0,9254
38.944621719659985,15,3.0,-11801
38.945496530521254,5,5.0,0
38.94940313461702,6,1.0,9272
38.95011233103049,11,10.0,9219
38.95290282093602,5,1.0,0
38.955582655477215,15,2.0,-11952
38.95719758085992,15,8.0,-11966
38.96076941540836,17,24.0,-408
38.961693676874496,7,20.0,9145
38.96190050207166,13,3.0,-12075
38.96338508408696,15,5.0,-11862
38.96364951188574,15,7.0,-11879
38.96505006452426,11,6.0,9196
38.969547498061445,17,3.0,-4907
38.9701015150999,17,1.0,-5807
38.970529480894015,13,4.0,-12048
38.97311557954905,15,12.0,-11961
38.97448651132163,1,6.0,9286
38.97461145131314,6,4.0,9240
38.97472481854775,17,4.0,-8225
38.97619104789358,5,3.0,0
38.97775312873888,17,5.0,-5876
38.98078381658712,17,2.0,-11040
38.982268181923914,5,12.0,0
38.989361336231724,14,3.0,-12065
38.99045224031419,15,3.0,-11975
38.992274924463935,13,2.0,-12076
38.992604145531566,15,4.0,-11911
38.99919482676357,17,2.0,-8798
39.00006110039503,5,2.0,0
39.00434046509481,17,4.0,-6898
39.00587769650139,10,60.0,9223
39.00698115286718,15,1.0,-12013
39.00713772811935,5,1.0,0
39.00750002485026,12,10.0,9200
39.009954594359236,1,5.0,9287
39.01345118478025,5,3.0,0
39.0260000927492,15,1.0,-12011
39.02672807933065,1,1.0,9288
39.02737663066452,16,5.0,8651
39.03324519308389,5,1.0,0
39.033637118988544,5,2.0,0
39.03446781992978,16,52.0,8605
39.034902568456296,17,1.0,-8815
39.036107041300454,3,50.0,9289
39.03629617468453,5,5.0,0
39.03871835729774,1,1.0,9290
39.04009894845843,6,3.0,9227
39.04368543270845,13,3.0,-12111
39.043712204524894,5,1.0,0
39.0480935072186,13,2.0,-12142
39.04850929236298,10,6.0,9273
39.0528032400455,14,3.0,-12121
39.05545999726593,9,10.0,9200
39.05545999726593,16,10.0,9200
39.05588224216845,15,6.0,-11978
39.05609040170526,17,1.0,-5821
39.056786444731415,17,1.0,-9456
39.056921506752516,17,5.0,-10010
39.06011987951409,5,1.0,0
39.06304614186838,13,2.0,-12151
39.06492286864032,15,4.0,-12014
39.06499745615302,5,29.0,0
39.06624105429626,14,10.0,-12097
39.06774973842343,10,5.0,9221
39.06821119752838,15,1.0,-11996
39.06900689118383,17,3.0,-7999
39.06928300050343,5,1.0,0
39.07019420108341,15,4.0,-12006
39.07021212779772,7,2.0,9133
39.0707131104731,6,5.0,9287
39.07214502945836,5,1.0,0
39.072783850937114,15,2.0,-12005
39.074451588789884,15,2.0,-12001
39.07695771590579,6,2.0,9257
39.07987493894203,5,7.0,0
39.08148550139059,5,2.0,0
39.08173746182093,3,51.0,9291
39.08277676291564,17,3.0,-11653
39.08567855333502,5,6.0,0
39.08893690896364,17,1.0,-7404
39.08906097893072,4,13.0,9292
39.08971237335802,15,2.0,-11987
39.08971237335802,17,2.0,-11987
39.09243068397946,5,8.0,0
39.10437580842749,17,1.0,-6974
39.104520716270315,17,1.0,-6203
39.10586293938704,6,1.0,9285
39.10612894388149,17,1.0,-10459
39.1098145559932,6,4.0,9262
39.111516601282105,1,2.0,9293
39.11249039013477,17,2.0,-8557
39.11696434122521,14,4.0,-12129
39.11801129642912,1,3.0,9294
39.11830282013133,15,2.0,-12029
39.120883392120135,4,32.0,9295
39.1230755486911,7,4.0,9232
39.12443151755562,17,2.0,-9870
39.12468894150458,14,2.0,-12128
39.124809930550185,11,1.0,9203
39.12800714552176,6,6.0,9278
39.12976893355504,11,1.0,9226
39.131385083421094,17,2.0,-4433
39.132908287785725,13,1.0,-12125
39.13429715535913,10,51.0,9291
39.135384084575406,17,1.0,-9343
39.13769017828561,17,1.0,-10647
39.13879136038344,5,3.0,0
39.141695466796854,15,5.0,-11999
39.14266512210165,7,4.0,9169
39.14373058127121,15,1.0,-11979
39.14462232144005,5,4.0,0
39.145425388871054,17,1.0,-8004
39.14841470938607,15,4.0,-12034
39.1546754007224,17,1.0,-5788
39.15761793983798,5,10.0,0
39.15799290120499,15,1.0,-12003
39.16244173211384,11,3.0,9201
39.16407177240221,5,1.0,0
39.16612146972335,17,2.0,-8598
39.16979401254891,15,1.0,-12022
39.17132571755995,13,1.0,-12152
39.17161237851356,4,2.0,9296
39.17451889609785,114,42.0,-12139
39.17582882061882,16,6.0,8976
39.17892781205536,17,1.0,-6982
39.17960080971242,5,3.0,0
39.18225835515535,14,7.0,-12153
39.18541746083645,17,1.0,-10223
39.186883044473305,13,12.0,-12116
39.187579915426056,17,2.0,-9353
39.19030095170923,17,9.0,-8183
39.19232862922456,11,24.0,9179
39.19232862922456,16,24.0,9179
39.19662012160706,15,2.0,-12017
39.19694884541126,17,1.0,-7531
39.201961337809,5,6.0,0
39.20374958331679,13,20.0,-12150
39.205647430555175,17,1.0,-8425
39.21127989332621,17,5.0,-8873
39.213044748360055,5,4.0,0
39.213096893486174,17,2.0,-11150
39.21666808044887,17,1.0,-8350
39.22456507729599,17,3.0,-9362
39.226972828920694,13,2.0,-12107
39.22731425975627,17,2.0,-5782
39.231156686555,2,4.0,9297
39.232058006551256,17,14.0,-10121
39.232293306414945,5,2.0,0
39.23290479315249,13,1.0,-12148
39.233570638554326,17,1.0,-8145
39.23811368129502,17,1.0,-846
39.23976769105035,10,50.0,9289
39.24028574031093,15,1.0,-11993
39.241514484227324,17,1.0,-4367
39.24376592411622,17,2.0,-11482
39.24898855652606,5,1.0,0
39.249144806744575,17,1.0,-11906
39.24966935180815,5,2.0,0
39.25297477534958,11,41.0,9210
39.25330543551549,17,4.0,-10877
39.25568494307856,17,1.0,-7009
39.25608579710569,4,3.0,9298
39.25619111585683,13,1.0,-12118
39.25929700096581,13,1.0,-12112
39.25992107720147,7,3.0,9249
39.26554969557077,4,1.0,9299
39.26952318573393,9,54.0,9204
39.270383312978815,5,4.0,0
39.27294693134235,5,1.0,0
39.2740959437799,10,36.0,9265
39.27495106333933,5,8.0,0
39.27692285640131,17,1.0,-9785
39.27696163031949,17,2.0,-7964
39.27894992093749,13,1.0,-12114
39.286676727577415,7,3.0,9153
39.287301104790394,17,3.0,-10673
39.28733746935683,17,4.0,-9098
39.288665898384046,13,1.0,-12149
39.288745611783995,5,2.0,0
39.28941202423751,17,1.0,-8721
39.29255288339819,3,45.0,9300
39.294874273798165,5,1.0,0
39.295209332813876,4,2.0,9301
39.29730415079675,17,1.0,-8901
39.30372853989678,16,2.0,7811
39.308119747723225,17,4.0,-9251
39.308857388001606,4,4.0,9302
39.31071929530894,5,1.0,0
39.31216080819938,17,1.0,-8938
39.313348720152064,13,3.0,-12140
39.31724288298556,17,2.0,-8410
39.31788527060672,1,7.0,9303
39.3233369336174,5,4.0,0
39.32826092733673,10,32.0,9295
39.333184932673895,6,2.0,9180
39.33482256033429,6,2.0,9293
39.335777847513185,13,3.0,-12146
39.33689630092005,5,1.0,0
39.341600223774535,3,8.0,9304
39.3430123099928,15,2.0,-11989
39.343635538266746,4,4.0,9305
39.34846378089153,5,1.0,0
39.35011149441965,15,1.0,-12026
39.350748575846936,13,1.0,-12120
39.354275047337595,6,4.0,9297
39.3580789832812,14,1.0,-12115
39.362969373399984,10,4.0,9305
39.366734372286494,14,3.0,-12100
39.36724495048132,17,42.0,-9358
39.36755728474144,14,14.0,-12141
39.3675594439821,4,57.0,9306
39.36810614475229,6,6.0,9286
39.36961548883713,15,2.0,-12016
39.37452156035596,17,3.0,-9175
39.377775995070195,5,2.0,0
39.378777284736984,5,2.0,0
39.38095723053361,17,1.0,-8273
39.38315127400402,5,3.0,0
39.38539648074277,5,2.0,0
39.385652515043255,7,5.0,9112
39.388983143192476,3,59.0,9307
39.38966612161,15,2.0,-12009
39.39254474615562,10,49.0,9244
39.39406068061379,5,3.0,0
39.399445347796785,13,1.0,-12109
39.40440915709984,15,5.0,-11991
39.405952288536916,16,5.0,8916
39.40789061918129,5,4.0,0
39.40869223302123,16,16.0,7787
39.41268917726922,15,7.0,-12004
39.41699700338698,17,1.0,-10621
39.42070712419188,3,55.0,9308
39.421670289780494,17,4.0,-8116
39.42306069545566,17,3.0,-7717
39.42591506075363,15,11.0,-11998
39.4259720126715,1,1.0,9309
39.427017089339834,5,1.0,0
39.42790637739618,17,1.0,-9829
39.43293738173474,11,7.0,9218
39.4332284968438,10,4.0,9302
39.43373960065496,16,1.0,9037
39.43613267810962,15,2.0,-11983
39.43668745618838,17,2.0,-6779
39.43914135459825,17,1.0,-10698
39.440352596849436,17,3.0,-5158
39.44160427689792,14,7.0,-12147
39.442387893583685,17,1.0,-10137
39.444923036250046,14,2.0,-12132
39.44545600214375,5,3.0,0
39.44622014021676,15,2.0,-12030
39.44773241903759,14,9.0,-12117
39.44821173829166,11,51.0,9236
39.449267635828214,7,1.0,9183
39.453770584740916,3,2.0,9310
39.45389165763167,14,4.0,-12102
39.458636406659416,6,7.0,9303
39.46084672779368,14,4.0,-12137
39.46984074171331,13,4.0,-12136
39.471277110137315,10,2.0,9296
39.47311773964577,17,3.0,-11048
39.47778143535268,16,5.0,7918
39.478632301414585,5,3.0,0
39.48218495845429,17,5.0,-10490
39.48275948119278,13,1.0,-12104
39.48484625782119,16,1.0,5174
39.49072111228372,3,1.0,9311
39.491004631827195,9,3.0,9182
39.49622994121917,5,10.0,0
39.49836322329012,1,3.0,9312
39.49869734153131,16,3.0,7234
39.50430005768847,17,1.0,-7121
39.50526643229056,1,3.0,9313
39.5067445431505,6,2.0,9263
39.51142667547213,6,2.0,9217
39.51293871372375,5,1.0,0
39.51335010715864,12,15.0,9270
39.51611655699592,5,1.0,0
39.51687078465024,17,4.0,-1601
39.51697291614643,5,5.0,0
39.51784487515422,5,2.0,0
39.51944856559581,17,6.0,-311
39.52520692150028,17,4.0,-11483
39.53135940353667,10,28.0,9251
39.5332950403546,17,1.0,-5678
39.53477500908401,9,12.0,9195
39.53531358989438,17,2.0,-11782
39.53696400296331,7,1.0,9202
39.53730266719571,3,51.0,9314
39.537682798296885,6,1.0,9290
39.53855211588811,14,9.0,-12105
39.53885591212534,16,48.0,134
39.54259309407594,4,26.0,9315
39.54288008884292,4,5.0,9316
39.54332081831754,11,3.0,9238
39.543881735880774,17,1.0,-6999
39.544192527787914,5,3.0,0
39.544690961768325,5,2.0,0
39.54588569143592,17,1.0,-8792
39.54606561277309,17,2.0,-9678
39.54667247783367,17,1.0,-10002
39.54729015601163,15,3.0,-12007
39.54955399089174,1,2.0,9317
39.55095616183572,16,40.0,2302
39.551861197426604,3,10.0,9318
39.551956880603335,5,11.0,0
39.552438663426656,5,7.0,0
39.5537857115442,17,3.0,-7008
39.56015483452915,1,1.0,9319
39.56109672125733,16,1.0,7401
39.56347796477515,15,5.0,-11990
39.56560672162456,13,1.0,-12138
39.56682954902153,15,16.0,-11985
39.57284663590473,5,4.0,0
39.57596702543814,2,13.0,9320
39.57664523508363,17,1.0,-5760
39.576964016352754,17,3.0,-5316
39.57703379274314,1,2.0,9321
39.58223983197503,17,1.0,-6946
39.58540008483755,17,1.0,-6651
39.58853375055163,5,3.0,0
39.588812877391405,17,6.0,-11611
39.5924202121667,10,11.0,9253
39.59375599028651,1,2.0,9322
39.59480391798423,3,57.0,9323
39.5981426271286,1,3.0,9324
39.600231008750484,7,4.0,9274
39.60831469904891,1,1.0,9325
39.60847082652365,1,1.0,9326
39.61093167044439,5,4.0,0
39.6137549561096,4,13.0,9327
39.61403892006325,13,1.0,-12154
39.614603312274696,17,1.0,-6223
39.61760074613597,10,45.0,9300
39.62058454558403,13,2.0,-12099
39.62176421123061,5,4.0,0
39.62566222449555,5,24.0,0
39.626474692583514,1,7.0,9328
39.627181621784494,15,4.0,-12002
39.62749216239274,7,1.0,9207
39.628199781733684,5,2.0,0
39.6301913270448,17,2.0,-10886
39.633568658623965,17,1.0,-5005
39.636336211489876,14,7.0,-12144
39.636441936841464,113,39.0,-12134
39.63769466937947,5,2.0,0
39.63812373483849,5,1.0,0
39.63831448261477,15,2.0,-11994
39.63857609723708,17,1.0,-7142
39.64396608368428,1,1.0,9329
39.647039815310286,15,5.0,-11981
39.64964558502713,17,1.0,-6976
39.65406755571598,5,13.0,0
39.65550738142066,7,5.0,9188
39.655939486080925,15,1.0,-12025
39.658435725583246,10,25.0,9246
39.65846446957679,14,2.0,-12103
39.65891509762336,17,1.0,-10841
39.66205741603245,13,1.0,-12122
39.66437596871971,5,5.0,0
39.666600827370665,3,6.0,9330
39.667723022497604,11,8.0,9256
39.66965919701548,17,1.0,-7849
39.671393955168114,5,3.0,0
39.67243009843148,17,3.0,-11329
39.67879390550021,5,2.0,0
39.679670914791934,17,3.0,-8936
39.68159416788556,17,1.0,-8496
39.68208689018181,15,1.0,-12024
39.683688195499364,13,3.0,-12126
39.68496747863697,17,2.0,-1222
39.68550837241382,17,1.0,-5031
39.68719863193662,13,4.0,-12131
39.68825695260473,15,3.0,-12035
39.68869134618543,5,4.0,0
39.689253040345264,5,2.0,0
39.69000443826858,13,1.0,-12143
39.6906617108465,6,3.0,9324
39.69104403239553,7,41.0,9119
39.696518809274295,17,3.0,-7904
39.69953105348581,15,1.0,-12021
39.70370775824664,17,3.0,-7483
39.704663107653616,3,1.0,9331
39.70490894135723,15,1.0,-12036
39.7081840375258,17,1.0,-10225
39.709697610714116,1,1.0,9332
39.71149696896196,5,2.0,0
39.71196613811724,5,5.0,0
39.712611267201304,1,7.0,9333
39.713344903772764,3,51.0,9334
39.715097886556755,5,1.0,0
39.716189441841784,14,2.0,-12096
39.717118479888185,17,3.0,-10461
39.71845199410582,15,6.0,-11986
39.724801851427394,4,6.0,9335
39.72809921143537,17,1.0,-11277
39.729788760360826,13,1.0,-12124
39.73017264878545,17,4.0,-5873
39.73280273709592,16,3.0,2079
39.73878282337585,10,1.0,9242
39.73894086478718,17,1.0,-8928
39.73901539368853,16,5.0,9191
39.74139073667837,4,8.0,9336
39.74504910192001,13,2.0,-12133
39.746491808844056,6,3.0,9206
39.747044521655944,5,4.0,0
39.749140908613974,10,6.0,9330
39.74986359173538,17,1.0,-7884
39.75021726711038,113,37.0,-12119
39.752591929699335,15,2.0,-12032
39.75544261900039,17,2.0,-7452
39.75810688811377,15,2.0,-11992
39.760479637467824,5,12.0,0
39.7609073747256,5,1.0,0
39.76388592876929,6,1.0,9228
39.76652220925068,15,2.0,-12019
39.76747111781478,5,6.0,0
39.769551741407966,17,4.0,-9511
39.77210157550722,15,1.0,-12031
39.77212504844897,13,1.0,-12110
39.772933798168395,17,9.0,-8932
39.777183302492475,17,4.0,-116
39.7811493924472,5,1.0,0
39.78433840904679,4,2.0,9337
39.786402611576406,11,30.0,9229
39.78666419283131,5,5.0,0
39.78811195767224,17,1.0,-10148
39.78839332796174,17,3.0,-8348
39.79126517394124,11,4.0,9220
39.79154712519048,1,1.0,9338
39.79178865183219,12,11.0,9253
39.79435971287893,17,3.0,-10439
39.79578231378953,5,1.0,0
39.795945823463256,15,1.0,-12020
39.79675926617829,17,4.0,-4930
39.80257790068552,17,2.0,-8508
39.80274630342285,17,4.0,-1684
39.80669214170824,1,1.0,9339
39.80870766705584,14,4.0,-12113
39.81197163617832,15,1.0,-11997
39.81634302656177,5,8.0,0
39.817049324796116,5,9.0,0
39.81961152216726,5,3.0,0
39.82011751540977,5,10.0,0
39.8207201636568,17,4.0,-6478
39.82207831032173,3,54.0,9340
39.82291302646134,15,2.0,-11988
39.824358113346086,17,4.0,-10551
39.82672920113045,15,16.0,-12033
39.82843597299103,17,2.0,-8618
39.828669858875415,17,4.0,-8943
39.830365166133774,7,4.0,9224
39.8335262014096,17,3.0,-10123
39.836004126361,3,37.0,9341
39.83642121248565,17,1.0,-4598
39.836603656208595,4,2.0,9342
39.84099564122777,16,22.0,5176
39.84248237323076,10,54.0,9231
39.84288488663536,5,1.0,0
39.84444432686494,16,3.0,4817
39.84699396803362,13,4.0,-12098
39.848042896422875,13,3.0,-12123
39.84852019756421,14,4.0,-12127
39.851491140737174,10,2.0,9342
39.85170301482883,7,2.0,9189
39.85308833182037,13,1.0,-12108
39.85559403389804,1,2.0,9343
39.858502174417545,5,3.0,0
39.85883440485557,5,1.0,0
39.86367124913914,17,3.0,-9520
39.86558101288868,16,3.0,4745
39.865939441013154,14,1.0,-12130
39.86675853088991,13,2.0,-12145
39.868595998044555,17,1.0,-6358
39.869172256349735,15,1.0,-11980
39.87061548459985,1,2.0,9344
39.874677862093186,14,2.0,-12106
39.876011908689854,17,2.0,-9180
39.876128638914075,15,1.0,-11984
39.876128638914075,17,1.0,-11984
39.8770649995732,17,7.0,-10352
39.87726106038576,5,1.0,0
39.87860734227882,17,3.0,-11368
39.88558474223495,17,3.0,-9156
39.889073729602,5,10.0,0
39.89052992839749,11,2.0,9267
39.89574595310213,15,2.0,-12010
39.89575464450589,15,1.0,-12027
39.89897460512741,15,2.0,-11995
39.8991552538791,17,5.0,-10929
39.90128619834241,2,7.0,9345
39.90131950385896,16,5.0,9004
39.90574479583317,10,55.0,9308
39.90931933797425,7,6.0,9213
39.91461958737461,5,4.0,0
39.924021640416434,15,1.0,-12015
39.92715037697762,7,2.0,9259
39.92916059486922,15,2.0,-12018
39.930929520206526,10,2.0,9301
39.931752099255796,5,2.0,0
39.93660936671866,11,7.0,9266
39.94237435387596,3,30.0,9346
39.94351192153481,5,1.0,0
39.94440887436258,1,1.0,9347
39.94554782209294,3,3.0,9348
39.94589818637625,15,3.0,-12000
39.9464781468138,17,5.0,-9988
39.94674564469578,17,5.0,-6953
39.947186196152245,15,2.0,-12012
39.94813402435125,1,5.0,9349
39.94896791524686,13,1.0,-12101
39.9496907610143,3,58.0,9350
39.95285378783421,16,2.0,6161
39.955679497359576,1,12.0,9351
39.95753663878134,10,30.0,9346
39.95918162169629,17,22.0,-7284
39.960727130599004,3,20.0,9352
39.96680954708406,16,3.0,5518
39.96912431800867,17,2.0,-10466
39.970531056753465,5,2.0,0
39.97185607717113,5,6.0,0
39.97207143459401,5,4.0,0
39.972147146132905,4,10.0,9353
39.972339836426904,17,1.0,-10926
39.97310099569677,1,10.0,9354
39.981552885165364,7,1.0,9211
39.983518001683706,17,2.0,-5759
39.98362528905726,17,3.0,-5892
39.985264705698974,11,2.0,9261
39.98568840930242,15,3.0,-11982
39.98639143609351,3,8.0,9355
39.988674036498814,7,1.0,9225
39.99082391856769,6,1.0,9329
39.99474477572784,13,8.0,-12135
39.99516514979445,17,1.0,-7616
39.99633145647399,1,7.0,9356
39.99667883876109,1,10.0,9357
39.997406974673204,15,1.0,-12008
39.999608004399185,15,2.0,-12023
40.00010537737931,5,2.0,0
40.00170397513605,16,25.0,3245
40.00186340457108,17,20.0,-7462
40.00213782706312,5,5.0,0
40.002281932212675,5,3.0,0
40.006630644310775,17,1.0,-7407
40.00757494278471,5,7.0,0
40.00758956389251,5,5.0,0
40.009242589600355,5,3.0,0
40.00955536260414,5,1.0,0
40.0096640983697,11,2.0,9185
40.018969052567094,5,5.0,0
40.02038083426967,10,1.0,9331
40.021985442221904,15,3.0,-12043
40.022277664855764,1,3.0,9358
40.031544211770154,13,1.0,-12171
40.034469052128564,15,25.0,-12078
40.034469052128564,17,25.0,-12078
40.03770947096497,10,37.0,9341
40.04346682707581,5,3.0,0
40.04775569055032,17,2.0,-7051
40.04880991410369,4,8.0,9359
40.053745960785676,5,5.0,0
40.05498057118378,13,2.0,-12167
40.056075178476085,17,1.0,-11334
40.05693781658113,1,3.0,9360
40.05712815070209,5,2.0,0
40.05910702178429,6,13.0,9320
40.065195753459726,13,1.0,-12156
40.069521568211385,6,3.0,9283
40.069951552756415,5,4.0,0
40.0707871969272,17,26.0,-10266
40.07103106533615,8,6.0,9278
40.07499259584888,5,2.0,0
40.07517692600511,7,6.0,9241
40.078721555176735,13,5.0,-12195
40.08028782356958,15,1.0,-12066
40.08163561976879,14,2.0,-12187
40.08221053605967,17,3.0,-8335
40.08267624687385,1,6.0,9361
40.08462792582996,10,58.0,9350
40.086489600613135,5,2.0,0
40.087431053844576,1,4.0,9362
40.08789941331879,14,10.0,-12185
40.08918279099881,17,1.0,-11729
40.08993500499171,6,1.0,9338
40.09467142618143,1,8.0,9363
40.098966210341686,1,6.0,9364
40.100185812067544,5,2.0,0
40.100452566826554,17,11.0,-8658
40.103241477562534,15,1.0,-12074
40.10462114166874,15,6.0,-12039
40.114443489869785,11,48.0,9167
40.11522550593445,13,4.0,-12172
40.11540189269077,13,1.0,-12168
40.11766642230701,4,3.0,9365
40.117864337995826,17,2.0,-10440
40.12723513020891,14,3.0,-12189
40.127485672600585,11,32.0,9295
40.12847790903633,9,2.0,9125
40.130911846209685,1,6.0,9366
40.13466589612982,17,3.0,-7493
40.1349012538681,13,2.0,-12158
40.13570359502229,7,9.0,9166
40.13572792102143,17,3.0,-8849
40.137978408882624,1,3.0,9367
40.13890041479415,4,22.0,9368
40.14177729443344,1,8.0,9369
40.1440286934337,17,3.0,-2870
40.14696923637325,17,1.0,-8785
40.14714112078411,6,7.0,9117
40.14728060948611,5,3.0,0
40.14908619532399,17,13.0,-4132
40.15482646229704,17,1.0,-3397
40.15577641987833,17,1.0,-8847
40.1566441244629,1,7.0,9370
40.15700422379927,7,4.0,9240
40.1667196373083,15,10.0,-12070
40.16732646083755,10,13.0,9247
40.174019970082604,14,3.0,-12180
40.174816431395655,5,6.0,0
40.17763406500611,15,2.0,-12041
40.178409347856686,5,4.0,0
40.179788014318326,3,59.0,9371
40.18001842056463,15,4.0,-12057
40.18040371067106,5,3.0,0
40.182632951235185,17,4.0,-9909
40.18832543439159,17,1.0,-8980
40.188515773727836,13,2.0,-12200
40.19361757816704,13,2.0,-12197
40.19722878756366,17,32.0,-8635
40.19849441755868,7,6.0,9198
40.20015562311507,9,11.0,9253
40.20151067478818,5,3.0,0
40.201733777317216,13,1.0,-12188
40.204047102760775,15,4.0,-12094
40.20464588662225,15,4.0,-12059
40.21037390109978,5,11.0,0
40.21182946280858,5,4.0,0
40.21528994020916,1,6.0,9372
40.21676588199205,17,2.0,-1737
40.22170099148895,15,8.0,-12053
40.22279024328454,1,2.0,9373
40.223063695267605,10,51.0,9314
40.22474373841247,16,4.0,8886
40.22587997432761,5,3.0,0
40.226477087882245,7,2.0,9171
40.22868980928204,11,17.0,9239
40.23037414072065,6,5.0,9349
40.23113933998818,10,57.0,9323
40.2344547101559,13,5.0,-12198
40.23693985132218,3,50.0,9374
40.23783422699996,17,6.0,-6180
40.24584493315546,16,9.0,713
40.24630065525349,6,8.0,9363
40.248181788733575,17,1.0,-7566
40.248240305394575,17,4.0,-9190
40.25009698809757,1,2.0,9375
40.25178630811175,5,3.0,0
40.25392903044296,1,1.0,9376
40.253936811246106,5,8.0,0
40.25486789476601,4,8.0,9377
40.25494599748603,1,3.0,9378
40.25723051421464,16,52.0,126
40.25872523424419,4,7.0,9379
40.25879174591263,1,1.0,9380
40.25944522678415,8,2.0,9263
40.25965884581902,17,3.0,-4371
40.26502009383374,5,4.0,0
40.2653647784674,17,2.0,-7732
40.267725013095536,6,6.0,9366
40.26842641673516,11,51.0,9212
40.26842641673516,16,51.0,9212
40.270693393716776,5,1.0,0
40.27792835623751,5,1.0,0
40.28257469316561,17,3.0,-8560
40.28290856740972,6,3.0,9312
40.283594325670144,5,2.0,0
40.28370194587919,5,4.0,0
40.28552864950477,15,3.0,-12072
40.286654278096684,10,1.0,9311
40.28797531446136,4,9.0,9381
40.28854679040136,17,4.0,-11811
40.290203411142016,6,1.0,9376
40.29059323362125,10,10.0,9353
40.29298668267949,1,5.0,9382
40.293531440705124,10,59.0,9307
40.29354218185738,10,26.0,9315
40.29413189285962,10,3.0,9348
40.29449015574994,17,1.0,-2818
40.296558627990855,15,40.0,-12044
40.29775578542717,17,6.0,-5785
40.30025039241462,11,12.0,9234
40.30049321559398,1,3.0,9383
40.30570725803203,17,2.0,-9091
40.3069170510872,17,2.0,-11113
40.31150000044762,10,8.0,9359
40.31203073312022,5,3.0,0
40.31411871311963,6,12.0,9351
40.314423293419836,17,1.0,-9497
40.31486793142657,5,1.0,0
40.318542636499856,17,8.0,-9762
40.32515838362906,15,2.0,-12045
40.325654923322986,10,8.0,9355
40.3257935362309,5,2.0,0
40.32902091460893,15,2.0,-12061
40.33646149392655,5,9.0,0
40.33662719550733,15,1.0,-12071
40.3379642980683,17,7.0,-8025
40.33919028713585,14,1.0,-12161
40.34070110830551,5,1.0,0
40.34351197666125,5,3.0,0
40.344778306333986,4,6.0,9384
40.34580730826608,15,4.0,-12048
40.34933390655908,6,2.0,9343
40.35045477897707,17,3.0,-8537
40.35563022076448,13,2.0,-12192
40.356265702924794,6,7.0,9356
40.36004175234622,17,2.0,-4929
40.36277503707321,5,3.0,0
40.363400078551564,15,1.0,-12093
40.363400078551564,17,1.0,-12093
40.36525021367126,5,3.0,0
40.365713972151866,6,2.0,9373
40.36708628553446,5,10.0,0
40.3671876810794,11,57.0,9264
40.37005919106014,1,3.0,9385
40.372948614118904,6,2.0,9375
40.37389069825498,1,1.0,9386
40.37409538607113,17,1.0,-6193
40.37707760666809,1,9.0,9387
40.37852772704555,3,7.0,9388
40.37952805252984,4,20.0,9389
40.38107804992826,11,36.0,9265
40.38391839747523,6,2.0,9276
40.386802028883324,13,2.0,-12199
40.38867713991916,5,2.0,0
40.389039565867265,10,2.0,9310
40.389685466152514,3,16.0,9390
40.39120313507755,7,1.0,9248
40.39422307636079,17,1.0,-256
40.39916502937044,4,40.0,9391
40.39989160069142,5,12.0,0
40.40284896138986,6,1.0,9326
40.40391283701627,6,3.0,9275
40.404054697588236,16,9.0,9193
40.40470685747484,6,3.0,9378
40.40578234498539,1,1.0,9392
40.405971952350676,11,31.0,9208
40.40605306453938,15,7.0,-12087
40.410431852603026,16,1.0,8594
40.41246263496635,13,4.0,-12174
40.41292028522575,17,6.0,-3885
40.41730558411631,15,3.0,-12047
40.41763897553912,1,1.0,9393
40.419714985275554,15,5.0,-12050
40.422502605677344,5,1.0,0
40.422695228949,1,3.0,9394
40.42749610526628,17,2.0,-10157
40.43081040449127,17,10.0,-9518
40.43265567037662,13,3.0,-12155
40.435932411522266,15,1.0,-12080
40.43730308884582,13,1.0,-12190
40.43735900885554,5,3.0,0
40.439924553889256,10,20.0,9352
40.44047879601176,11,53.0,9255
40.44107956901199,17,2.0,-9752
40.444068980264554,11,60.0,9223
40.44523905566384,1,22.0,9395
40.44719926012395,6,1.0,9319
40.4473582397394,6,3.0,9140
40.447966654173484,3,12.0,9396
40.448845606173876,10,8.0,9336
40.450379929331476,15,3.0,-12064
40.45385333145729,3,54.0,9397
40.454459492000396,4,2.0,9398
40.45493255025948,11,25.0,9246
40.45684731051123,17,1.0,-11583
40.45970114237432,16,1.0,4292
40.461518722856646,15,1.0,-12051
40.46228087788472,17,1.0,-1462
40.46421929640659,5,1.0,0
40.468158238209796,17,1.0,-4588
40.46977428103972,17,4.0,-9419
40.47120782480712,5,1.0,0
40.471322152464296,5,3.0,0
40.471534105658264,17,3.0,-8844
40.47532103419491,15,2.0,-12076
40.486595117442114,13,6.0,-12176
40.48891085767126,14,2.0,-12193
40.491292602750896,16,3.0,7082
40.49589362813638,17,16.0,-11293
40.496009480226284,13,3.0,-12184
40.497430062717555,17,1.0,-10012
40.499181191896575,5,7.0,0
40.50060353621087,1,8.0,9399
40.50149980017543,5,2.0,0
40.50169843405597,6,7.0,9328
40.50184828550478,17,3.0,-9153
40.502516315344955,17,1.0,-11763
40.50471229497189,5,4.0,0
40.50494682812217,15,2.0,-12067
40.50513670372834,17,1.0,-10477
40.50888125530853,17,3.0,-7115
40.509744218118556,17,2.0,-9297
40.512496564868954,15,3.0,-12085
40.51329108866941,17,1.0,-11160
40.51460817183712,5,3.0,0
40.515268327599635,6,3.0,9394
40.51554759625333,3,13.0,9400
40.51668481860793,5,4.0,0
40.51823799009025,14,3.0,-12183
40.51873949535124,5,7.0,0
40.52006473525434,5,7.0,0
40.52095494825617,4,44.0,9401
40.52160311392786,16,5.0,8933
40.52277740790575,17,3.0,-5913
40.52402124962591,3,8.0,9402
40.52498895281479,4,5.0,9403
40.52639444117521,10,2.0,9337
40.529762972280885,13,8.0,-12179
40.53238360545542,1,2.0,9404
40.53385189530974,17,1.0,-10150
40.53725646540265,13,1.0,-12182
40.53767716248849,17,1.0,-6767
40.537885010390596,14,6.0,-12194
40.53942257113263,5,8.0,0
40.539604348270146,5,4.0,0
40.54072245872283,5,2.0,0
40.54603413819146,16,53.0,8814
40.54948366384551,5,36.0,0
40.549632790921905,14,3.0,-12160
40.550641239473144,9,22.0,9158
40.55182637584904,17,1.0,-591
40.55498725639751,5,7.0,0
40.560210885694936,5,1.0,0
40.56288061354134,15,1.0,-12046
40.56298384027197,14,3.0,-12164
40.5642923278262,5,4.0,0
40.56719780447573,10,59.0,9371
40.57069396337978,4,11.0,9405
40.5725153575442,7,3.0,9205
40.57326447536092,5,1.0,0
40.57531044966617,1,6.0,9406
40.579451903161214,13,1.0,-12170
40.58032669074784,5,3.0,0
40.58041472136117,6,10.0,9357
40.5804407396811,15,2.0,-12081
40.5824257307432,11,4.0,9305
40.58317830665564,16,4.0,8920
40.58379121465316,17,2.0,-7175
40.584002195480586,15,1.0,-12038
40.5882064366431,6,2.0,9344
40.588535167746485,12,4.0,9284
40.58911591690999,15,2.0,-12089
40.59133645446613,1,2.0,9407
40.598056560264475,6,1.0,9380
40.598119452292195,5,1.0,0
40.59825292357395,15,42.0,-12073
40.60176928046502,1,5.0,9408
40.60339048776048,17,2.0,-9782
40.60398014055245,12,13.0,9247
40.60527317819565,15,1.0,-12054
40.60527317819565,17,1.0,-12054
40.60643318384461,15,3.0,-12065
40.60724805846884,6,2.0,9317
40.607617679647845,5,2.0,0
40.608259215274344,10,10.0,9233
40.610003201227165,13,1.0,-12169
40.61241088115658,17,3.0,-11622
40.613886529503,6,1.0,9393
40.61794840551133,6,3.0,9313
40.621748040210925,17,2.0,-7072
40.627638500782034,5,4.0,0
40.63140083138873,6,3.0,9294
40.632359289567944,1,2.0,9409
40.63309341770356,6,9.0,9387
40.63632650646163,17,3.0,-10258
40.63665137239668,17,42.0,-6645
40.63725093692153,6,1.0,9325
40.64385128478761,17,1.0,-9672
40.645478152585206,6,7.0,9333
40.64973138952528,14,9.0,-12191
40.65043841109458,13,1.0,-12196
40.65434307954994,15,1.0,-12069
40.654908256745415,6,6.0,9406
40.65625610850237,16,3.0,8706
40.65631513278702,17,3.0,-9936
40.65695274652358,17,1.0,-11504
40.65746102883443,10,44.0,9401
40.65749779857976,13,7.0,-12177
40.66361311717103,10,5.0,9271
40.66645417263419,3,45.0,9410
40.66818763382051,16,2.0,5802
40.67070306387127,7,3.0,9194
40.67381539245585,10,13.0,9327
40.6762917774585,17,49.0,-7306
40.67790223697392,17,3.0,-5979
40.68741359251438,15,2.0,-12040
40.68851529115275,6,7.0,9370
40.6887329328903,15,1.0,-12037
40.6887329328903,17,1.0,-12037
40.690988196764714,15,2.0,-12063
40.69601252163188,15,3.0,-12075
40.696326763475845,1,20.0,9411
40.69761474105418,17,3.0,-7217
40.69898006580845,15,1.0,-12056
40.69927468842491,10,1.0,9268
40.70086306955778,5,9.0,0
40.70202264316909,10,13.0,9292
40.702136317822784,14,1.0,-12163
40.70243582515049,17,2.0,-8972
40.70632561800276,17,4.0,-8227
40.706402034911434,13,18.0,-12159
40.71121438074799,17,2.0,-8054
40.71181631171898,15,1.0,-12079
40.7131255167291,113,52.0,-12165
40.71347108553316,17,1.0,-9061
40.71734019546767,1,2.0,9412
40.719126760312506,17,1.0,-9896
40.719371878048406,3,44.0,9413
40.720374582305304,4,3.0,9414
40.72214280476379,7,3.0,9258
40.72679462611726,6,5.0,9382
40.73183091215372,15,14.0,-12042
40.73412844353766,5,3.0,0
40.737848679242816,10,6.0,9384
40.740746201973465,15,2.0,-12090
40.74782580472243,8,4.0,9297
40.748981633567645,17,4.0,-216
40.749801484609264,17,1.0,-9330
40.75437783389355,17,3.0,-9287
40.75528949951002,7,12.0,9351
40.75883672315122,17,5.0,-1487
40.76031536365488,17,1.0,-3211
40.76031903347972,17,1.0,-10775
40.76058839030494,3,20.0,9415
40.76156286379272,5,7.0,0
40.76941665131018,1,3.0,9416
40.77136206660502,11,3.0,9260
40.772730674270875,17,1.0,-6176
40.77930767061328,17,1.0,-9184
40.78184211835461,7,1.0,9329
40.782694601376484,5,3.0,0
40.78314515574657,17,29.0,-6340
40.78400686541216,15,8.0,-12086
40.784469295234416,4,3.0,9417
40.788248767376466,5,4.0,0
40.79013973121316,5,1.0,0
40.79603721273648,17,5.0,-8510
40.8014828276124,5,2.0,0
40.803677079338875,17,3.0,-9559
40.80834655727278,14,1.0,-12186
40.81074098390954,6,1.0,9386
40.81221854660319,15,9.0,-12092
40.812569148729224,17,2.0,-3535
40.817929617676754,5,11.0,0
40.818752988701256,5,2.0,0
40.81890559278628,6,7.0,9345
40.8203721367404,17,8.0,-10378
40.822617873798265,17,2.0,-9192
40.83092271478497,13,1.0,-12166
40.83679847468884,14,2.0,-12175
40.83716844753304,15,3.0,-12068
40.83751357813967,15,1.0,-12052
40.837821303105486,7,7.0,9117
40.839667161142174,15,6.0,-12058
40.8402095816595,15,1.0,-12077
40.8428674609699,5,1.0,0
40.84334096184976,16,1.0,3907
40.84647798416215,9,4.0,9284
40.847669891391256,15,1.0,-12095
40.84857410559813,11,2.0,9296
40.84978627676031,5,9.0,0
40.85544286761312,11,28.0,9251
40.85600176277681,9,6.0,9278
40.85799849343611,1,4.0,9418
40.85969498726752,3,40.0,9419
40.862566671300016,5,2.0,0
40.864449485658064,4,7.0,9420
40.86757262161508,17,3.0,-8404
40.870598084371125,17,1.0,-8220
40.87244031005025,17,2.0,-8830
40.873211260039724,10,7.0,9388
40.87858486098669,4,2.0,9421
40.87858703979454,17,15.0,-6732
40.879549865001735,14,1.0,-12178
40.88121380509893,17,1.0,-9738
40.88209422424104,6,1.0,9332
40.88260723821277,17,3.0,-6366
40.885475859066155,17,6.0,-9459
40.88627706830873,17,4.0,-9650
40.88924761670677,5,3.0,0
40.889435666378084,17,1.0,-11585
40.890975061751604,10,40.0,9419
40.89311339831155,15,3.0,-12049
40.89386950535932,5,5.0,0
40.89741738272865,17,6.0,-11552
40.9002456761938,17,2.0,-11106
40.9008495030057,1,2.0,9422
40.90312734243106,17,1.0,-8767
40.90628571274965,1,4.0,9423
40.9067731570404,7,1.0,9285
40.909604741679566,4,3.0,9424
40.911348156582456,17,5.0,-11139
40.91287980068633,7,2.0,9237
40.914253189265565,17,1.0,-10885
40.9177419789191,7,3.0,9227
40.919806871390556,14,4.0,-12162
40.920694130053676,17,2.0,-7251
40.92305511746692,17,11.0,-8440
40.92538451422404,1,1.0,9425
40.92581089202769,7,1.0,9272
40.92742188740729,12,13.0,9292
40.92945506873399,15,2.0,-12088
40.93109477109884,6,4.0,9418
40.93114152991423,5,1.0,0
40.933366974934394,13,3.0,-12173
40.936153575850255,5,4.0,0
40.93676471231083,16,23.0,3514
40.94011106991674,4,7.0,9426
40.94126796871964,13,1.0,-12157
40.94243204454171,6,2.0,9412
40.94743858456026,6,6.0,9361
40.9503771408461,5,1.0,0
40.95152379279101,6,2.0,9407
40.95157406848026,1,6.0,9427
40.952961433369694,15,6.0,-12084
40.95337165248919,7,1.0,9228
40.95625211199402,15,5.0,-12082
40.95802030912356,15,3.0,-12091
40.9586926248509,1,6.0,9428
40.96109812634271,5,7.0,0
40.96390434662293,17,5.0,-4989
40.965408844803804,12,59.0,9371
40.967313896213525,17,5.0,-9947
40.968543687750994,15,1.0,-12055
40.96877382085305,16,11.0,1356
40.96885643610079,3,5.0,9429
40.971076701028515,4,5.0,9430
40.971088989777186,6,1.0,9347
40.973725992357615,1,16.0,9431
40.97917670396393,16,1.0,7174
40.979290419564045,15,3.0,-12060
40.97974544513931,15,1.0,-12062
40.97999797169124,2,4.0,9432
40.981993888727004,17,1.0,-10575
40.98258114360233,17,4.0,-6799
40.98295984717154,17,2.0,-9374
40.98299559165382,13,7.0,-12181
40.98418294815873,6,3.0,9367
40.984189832627614,5,2.0,0
40.984370271669505,17,2.0,-7343
40.985022730984156,17,3.0,-8626
40.98519381934163,10,12.0,9396
40.99137511744422,1,7.0,9433
40.99460394691075,1,2.0,9434
40.996809291424135,11,1.0,9242
40.999831710488834,5,4.0,0
41.00070901552928,10,3.0,9414
41.00503521907273,15,1.0,-12115
41.00799203070348,5,1.0,0
41.00880887158296,11,55.0,9308
41.01002902215202,17,8.0,-11690
41.01038333737043,5,1.0,0
41.01062726806611,15,4.0,-12129
41.01205891436581,6,6.0,9428
41.01221583686362,5,1.0,0
41.01361464306961,1,24.0,9435
41.01412373492604,6,24.0,9435
41.01585218385203,16,23.0,8149
41.01626210225083,17,3.0,-10514
41.016735784843235,13,1.0,-12234
41.01707614218861,15,4.0,-12131
41.01817973701161,15,20.0,-12150
41.01988270975378,17,7.0,-11434
41.02033768927686,10,13.0,9400
41.0235745663085,9,4.0,9297
41.02468235245256,17,9.0,-11485
41.02485761781874,17,1.0,-9264
41.02635803929524,15,12.0,-12116
41.028952621505105,4,5.0,9436
41.02956170048175,17,1.0,-6227
41.030877298337884,5,3.0,0
41.031907212637634,17,1.0,-10343
41.03473727644462,5,5.0,0
41.034973286128206,13,2.0,-12205
41.04147432010443,11,51.0,9314
41.042781289927774,5,2.0,0
41.045403733226244,15,2.0,-12099
41.04553956667343,14,1.0,-12240
41.04878446437617,17,3.0,-11230
41.04967144486394,17,1.0,-11907
41.05388992155302,15,4.0,-12098
41.06036275002512,17,4.0,-9871
41.061473925458394,5,3.0,0
41.064595053292386,15,14.0,-12141
41.067747552884335,13,4.0,-12209
41.06799788689098,13,1.0,-12233
41.071497336799894,4,42.0,9437
41.0720656692934,4,46.0,9438
41.07262701850277,5,5.0,0
41.073376359078,15,2.0,-12128
41.07429826193312,15,9.0,-12117
41.07539705496801,17,13.0,-11236
41.07829859060801,17,3.0,-11261
41.07981704671849,10,50.0,9374
41.08121392948313,5,7.0,0
41.08193075675601,1,11.0,9439
41.08208722529616,3,35.0,9440
41.08371058243949,3,5.0,9441
41.0840811074025,10,11.0,9405
41.08411496544113,5,11.0,0
41.08576277766463,5,3.0,0
41.08807533600452,15,7.0,-12147
41.09625976074814,4,14.0,9442
41.097924880860226,10,8.0,9377
41.098014042066026,15,4.0,-12113
41.10174878796755,10,5.0,9436
41.102826815263754,5,2.0,0
41.10657118937323,16,3.0,8878
41.10664057640587,17,3.0,-11762
41.11264098228642,17,2.0,-7286
41.1139584333152,5,1.0,0
41.114290363775424,5,2.0,0
41.114454168343784,10,5.0,9430
41.11520073484358,5,5.0,0
41.11521650040425,17,1.0,-7771
41.11838608215999,17,7.0,-8459
41.11999053965664,6,8.0,9399
41.12008647742785,13,1.0,-12228
41.12295170838811,5,1.0,0
41.12353723969368,7,2.0,9217
41.124205989400785,1,1.0,9443
41.12622048758056,10,14.0,9442
41.12790176092158,15,3.0,-12146
41.128533932495806,1,4.0,9444
41.13048852991018,1,1.0,9445
41.1311158668832,13,3.0,-12222
41.13347957790276,17,1.0,-10359
41.133715461831954,13,1.0,-12236
41.13552021921193,17,2.0,-9388
41.13719260106294,4,27.0,9446
41.13725861256208,5,4.0,0
41.13813469771922,15,2.0,-12145
41.13943166132568,15,4.0,-12136
41.140163763392,3,44.0,9447
41.14084443929231,5,5.0,0
41.141202314395876,4,2.0,9448
41.143545065359085,17,3.0,-8529
41.14397009119196,1,2.0,9449
41.14486194076063,15,1.0,-12138
41.14550296536709,9,9.0,9235
41.14938898476224,6,2.0,9434
41.15319613741997,17,2.0,-10050
41.15349820551179,6,4.0,9444
41.15605693773392,17,3.0,-6657
41.15623092872366,14,5.0,-12202
41.157000764255166,10,10.0,9318
41.16210983151316,5,4.0,0
41.1631595218003,3,25.0,9450
41.16333397090809,6,6.0,9252
41.1671314664753,17,3.0,-8355
41.16887004214196,17,3.0,-7815
41.16958827466788,5,1.0,0
41.17153375504083,5,3.0,0
41.17278604094299,13,2.0,-12239
41.1745582014366,13,2.0,-12243
41.180206193605656,5,1.0,0
41.180345800084936,17,1.0,-1213
41.18045814889178,10,20.0,9389
41.18334548657297,1,3.0,9451
41.186468011864996,17,1.0,-9742
41.18707157004187,13,1.0,-12229
41.19004163737836,7,3.0,9312
41.190478436363435,13,6.0,-12217
41.19060530452688,4,11.0,9452
41.191421194703175,1,6.0,9453
41.19143234441396,15,1.0,-12125
41.191664324657374,5,2.0,0
41.19176741983142,10,40.0,9391
41.19246538626399,16,1.0,7624
41.19289443171168,17,1.0,-10543
41.194935664083744,4,4.0,9454
41.20344261668697,6,1.0,9425
41.206826724802,1,7.0,9455
41.21211515534389,6,8.0,9369
41.21511566241243,5,2.0,0
41.215153022011975,5,2.0,0
41.217297883254325,1,1.0,9456
41.22026251097331,5,10.0,0
41.22228114422536,8,1.0,9332
41.22302090429517,16,2.0,5955
41.2252309135944,4,6.0,9457
41.22705681177255,3,17.0,9458
41.22767042296854,10,1.0,9299
41.22768176710826,17,1.0,-9744
41.22948594388878,5,3.0,0
41.23122550307405,9,15.0,9270
41.2327088234935,14,1.0,-12212
41.232971613650804,4,53.0,9459
41.235951731498204,11,5.0,9221
41.23830076292856,17,1.0,-7725
41.23995850657731,10,8.0,9402
41.24005695591481,17,4.0,-9139
41.24130479611571,15,1.0,-12152
41.242093486174504,11,2.0,9301
41.24611144935916,5,6.0,0
41.24728886017161,6,3.0,9383
41.247979958156165,11,51.0,9291
41.250320172006816,7,5.0,9222
41.25166255708223,15,1.0,-12108
41.25497733348623,10,35.0,9440
41.255717079156966,15,1.0,-12122
41.255717079156966,17,1.0,-12122
41.25711585683003,3,58.0,9460
41.257493854156515,15,2.0,-12142
41.25775485199211,3,7.0,9461
41.25797031742718,17,4.0,-10313
41.26038908685597,13,1.0,-12220
41.262957528520154,1,5.0,9462
41.263649972125926,15,9.0,-12105
41.26366188672846,7,2.0,9243
41.26476136851352,14,13.0,-12204
41.26492489776722,17,2.0,-8718
41.26552985521147,17,1.0,-10716
41.2660320410648,10,54.0,9397
41.270847405167984,11,6.0,9330
41.27323587404025,15,1.0,-12143
41.27535266796153,17,3.0,-11875
41.28264314465742,1,1.0,9463
41.28458661343936,6,1.0,9288
41.28892478805356,6,3.0,9360
41.28929299309039,5,2.0,0
41.28982127391657,6,4.0,9423
41.29009756377092,16,3.0,8898
41.29375437236965,17,1.0,-7292
41.294589618251706,10,2.0,9398
41.29902779493389,10,57.0,9306
41.30536610096149,5,5.0,0
41.308462496079095,5,1.0,0
41.30853380977034,13,3.0,-12245
41.316036745530596,17,1.0,-10526
41.31820131807412,17,3.0,-8059
41.3185151365154,5,2.0,0
41.319908729879025,1,3.0,9464
41.32027846964364,16,3.0,7733
41.326862630793606,5,3.0,0
41.32724125930737,10,11.0,9452
41.32725425795938,15,3.0,-12121
41.328880691643874,15,7.0,-12153
41.329814284426014,6,3.0,9358
41.33596135925767,17,2.0,-10810
41.34168640497953,4,1.0,9465
41.34241969765048,4,2.0,9466
41.34343359808223,17,1.0,-9272
41.344313742964424,14,4.0,-12223
41.34458213184139,17,3.0,-7785
41.34625985250522,4,5.0,9467
41.346383293796436,17,3.0,-10813
41.34763547934622,6,1.0,9280
41.349945910563505,5,10.0,0
41.35019599651808,10,46.0,9438
41.35207727762093,5,2.0,0
41.35271943427425,16,2.0,8691
41.35774713128785,1,2.0,9468
41.36108641571997,15,1.0,-12154
41.36226292910217,17,1.0,-9607
41.36332238229678,10,20.0,9415
41.36721317397564,15,3.0,-12100
41.36802974260827,1,1.0,9469
41.36851160132627,1,8.0,9470
41.369479524199015,17,5.0,-11404
41.36993015580778,4,5.0,9471
41.371528499244384,6,4.0,9269
41.372019179435576,13,15.0,-12242
41.372278706454416,5,1.0,0
41.37266541190253,10,3.0,9365
41.37285347036707,7,7.0,9303
41.37345057032514,5,1.0,0
41.37809565747827,6,1.0,9469
41.38974453869163,17,2.0,-10613
41.38986561758981,2,4.0,9472
41.392882558368434,15,2.0,-12096
41.396172309090595,3,4.0,9473
41.39674868046622,4,2.0,9474
41.40125024017541,15,2.0,-12151
41.401356632131915,14,3.0,-12241
41.40348307716472,17,1.0,-11394
41.40455579341678,11,37.0,9341
41.404581237385955,11,1.0,9331
41.40507884784119,1,5.0,9475
41.40605306453938,17,7.0,-12087
41.40667055631735,10,5.0,9467
41.40954774242065,5,4.0,0
41.41532373415709,6,1.0,9339
41.41644455110644,14,1.0,-12224
41.41926376011239,16,15.0,2900
41.423620972546985,7,2.0,9257
41.424122566939246,15,3.0,-12123
41.42450376458837,11,42.0,9254
41.428018027939835,17,1.0,-10501
41.430198617207495,17,1.0,-11381
41.4303074694887,5,2.0,0
41.441177096352014,7,2.0,9180
41.441388447067496,5,4.0,0
41.44181790180242,17,1.0,-6021
41.44314642623033,17,2.0,-264
41.4439681916033,17,1.0,-10815
41.44509841764233,5,4.0,0
41.44958635322752,6,4.0,9432
41.44969366392233,10,4.0,9473
41.45347212891633,17,3.0,-11292
41.45617870592827,5,4.0,0
41.45648936924549,14,4.0,-12201
41.45697348706362,11,6.0,9273
41.46009464266277,16,4.0,1543
41.46112325575133,15,2.0,-12132
41.46127276271332,16,11.0,5629
41.46818787947521,17,1.0,-10478
41.474150059906414,10,44.0,9447
41.47602525882135,14,5.0,-12237
41.47725543218377,10,8.0,9304
41.477670402411356,7,2.0,9344
41.480352315609466,14,4.0,-12211
41.48194197808007,15,2.0,-12103
41.48202407498619,16,9.0,9111
41.48320157401564,10,7.0,9379
41.48417607495172,14,3.0,-12244
41.4859157462338,15,1.0,-12120
41.487258755852956,1,3.0,9476
41.48924145849263,5,2.0,0
41.49329850630996,4,11.0,9477
41.495403704384174,6,1.0,9392
41.50084873274338,6,2.0,9468
41.50124611378509,12,50.0,9289
41.501258467280934,1,29.0,9478
41.5045344607914,13,2.0,-12227
41.50528572009695,7,4.0,9262
41.50688657831317,15,2.0,-12107
41.51145543653871,6,8.0,9470
41.51227341224483,4,11.0,9479
41.51404884614039,4,3.0,9480
41.51485991716803,12,2.0,9342
41.514938258034455,13,2.0,-12210
41.517344941606666,15,1.0,-12118
41.522853662845975,5,4.0,0
41.523917620400056,10,58.0,9460
41.528504731610234,5,6.0,0
41.529255589689996,13,9.0,-12206
41.52970139581108,17,1.0,-11387
41.53200992889797,1,8.0,9481
41.53224539052622,5,2.0,0
41.5330911046091,11,45.0,9300
41.53325622850869,12,54.0,9397
41.53341130666334,5,7.0,0
41.53450691665735,5,1.0,0
41.53892772453179,6,2.0,9321
41.53926199240013,1,3.0,9482
41.540573570818175,17,1.0,-10074
41.542196776124584,17,1.0,-9743
41.54441901770734,13,2.0,-12230
41.54494365935022,11,4.0,9302
41.54560626734666,6,2.0,9282
41.550182162880716,3,5.0,9483
41.55040131231465,17,4.0,-11184
41.55051406113505,5,1.0,0
41.551539249948384,4,3.0,9484
41.55796686204887,1,2.0,9485
41.56090543386651,13,1.0,-12225
41.566128002792105,5,5.0,0
41.56795689642731,1,5.0,9486
41.569411281465555,1,3.0,9487
41.57171300587275,16,1.0,8144
41.57361155886716,17,6.0,-8153
41.57522553561386,17,2.0,-10662
41.578930740276796,7,7.0,9370
41.58220943201901,5,3.0,0
41.58276296486768,6,3.0,9385
41.584199788824655,5,4.0,0
41.584939337933136,5,1.0,0
41.58816675199644,17,4.0,-3904
41.58841774720288,10,5.0,9483
41.59055664965265,17,2.0,-10071
41.59660883163478,1,4.0,9488
41.59743940383917,5,3.0,0
41.59874531365912,6,10.0,9354
41.59903508185035,15,1.0,-12110
41.59968506230835,17,4.0,-6804
41.60040768971715,1,2.0,9489
41.60293422925468,5,4.0,0
41.606964406950596,17,2.0,-10129
41.607713883873465,17,2.0,-10618
41.60867059581913,15,1.0,-12148
41.611484735387904,17,16.0,-9263
41.61291319238435,15,1.0,-12112
41.613521884765035,14,3.0,-12214
41.6139859174388,3,10.0,9490
41.614015664042064,5,3.0,0
41.61578532676498,5,10.0,0
41.616929224299255,8,3.0,9385
41.61846984991604,5,2.0,0
41.62238778481847,5,4.0,0
41.62338921667521,17,12.0,-10183
41.62375007318544,5,4.0,0
41.62405865554365,17,3.0,-10333
41.62433622141549,17,4.0,-11141
41.62706056635259,3,49.0,9491
41.629211267757945,5,15.0,0
41.63221920067837,6,22.0,9395
41.63272101953957,6,6.0,9372
41.63725206041316,15,2.0,-12106
41.637482035023574,5,1.0,0
41.63816287895657,5,1.0,0
41.638254448400076,7,3.0,9206
41.638999838480615,16,4.0,8887
41.64184459165906,17,5.0,-11477
41.64258436320596,15,3.0,-12140
41.64524103346985,6,29.0,9478
41.64637070838211,17,1.0,-9291
41.64643975400655,4,6.0,9492
41.65115821852128,17,3.0,-9494
41.65256301615873,5,11.0,0
41.654663839180074,16,3.0,6418
41.654700493217554,5,6.0,0
41.65506310830342,10,25.0,9450
41.657775295436394,5,2.0,0
41.65995020337488,13,1.0,-12215
41.66037944454216,17,3.0,-9674
41.663117830478825,7,6.0,9286
41.66323482587348,12,25.0,9450
41.66933166608687,7,3.0,9216
41.67020132300764,7,5.0,9287
41.67237451341737,17,2.0,-10146
41.675806352426825,13,3.0,-12235
41.677821207352736,15,1.0,-12101
41.68016833843585,7,3.0,9313
41.68077610985737,3,12.0,9493
41.68165978551164,15,1.0,-12104
41.68189937258941,16,1.0,8332
41.68212270909796,1,7.0,9494
41.68243710292925,5,6.0,0
41.68356472441213,17,7.0,-11185
41.6852630760982,17,1.0,-6950
41.68825695260473,17,3.0,-12035
41.689879916542544,5,1.0,0
41.69008387240571,17,7.0,-11017
41.69153897683906,15,3.0,-12126
41.69176575896704,1,6.0,9495
41.69197676334802,16,36.0,2884
41.692618842484656,15,10.0,-12097
41.694329342571564,10,45.0,9281
41.694563872785935,17,3.0,-7068
41.69808961854207,17,1.0,-8082
41.698953736709605,15,1.0,-12109
41.70150301789801,8,1.0,9325
41.70262814743047,14,4.0,-12213
41.70444499466983,5,4.0,0
41.705617274825634,8,2.0,9407
41.70832383676384,16,1.0,8206
41.70881766436801,13,2.0,-12203
41.70995973754286,1,1.0,9496
41.712861116758155,15,7.0,-12144
41.71418276833096,8,1.0,9339
41.71607206903321,17,1.0,-11148
41.71846745044222,15,1.0,-12114
41.72339936760545,5,10.0,0
41.72516328358448,1,7.0,9497
41.72541281314259,13,1.0,-12246
41.72781761040124,13,5.0,-12216
41.731769892325374,13,2.0,-12218
41.73262424148725,3,51.0,9498
41.73588466270685,3,22.0,9499
41.73690318106342,1,7.0,9500
41.745255730158355,10,22.0,9368
41.74589346276093,8,5.0,9349
41.746651665083185,10,11.0,9479
41.748619021661156,17,7.0,-10432
41.750300387366224,11,1.0,9311
41.75389530858712,5,1.0,0
41.75526281526198,6,1.0,9496
41.75670060361977,9,13.0,9292
41.760653956821486,5,7.0,0
41.76465869791151,4,3.0,9501
41.7682171429571,10,4.0,9454
41.77004527571411,5,8.0,0
41.77009639851859,5,4.0,0
41.77545595059428,17,2.0,-11958
41.7758066644383,13,3.0,-12232
41.77640088775895,17,2.0,-8362
41.77729024034196,17,7.0,-10789
41.77837996060461,4,3.0,9502
41.780270450252004,6,6.0,9495
41.78145052345043,17,1.0,-9150
41.78841263612694,15,4.0,-12127
41.79112573795088,6,2.0,9489
41.79422610508497,5,4.0,0
41.794691219905836,13,8.0,-12231
41.79725833722227,10,6.0,9457
41.79914851872432,3,2.0,9503
41.79939672609792,5,7.0,0
41.80333257942955,17,2.0,-10838
41.80688069794878,5,1.0,0
41.808943588375705,5,1.0,0
41.812419663280636,4,3.0,9504
41.81287103276392,17,5.0,-10361
41.81401002625462,1,4.0,9505
41.814738567485435,7,5.0,9382
41.81699275573864,17,1.0,-8676
41.821158029821056,5,3.0,0
41.82441129460415,7,6.0,9406
41.82445928898087,5,2.0,0
41.82953716904451,10,3.0,9504
41.83044647276683,5,2.0,0
41.831694748217984,11,10.0,9233
41.833628743502864,12,47.0,9250
41.8342220132091,10,54.0,9340
41.83503064810623,6,11.0,9439
41.83571836165123,5,2.0,0
41.83818532451175,1,1.0,9506
41.841585397330256,14,3.0,-12219
41.84455639801947,1,1.0,9507
41.84753574923265,13,1.0,-12226
41.84861895735893,5,4.0,0
41.851491878019026,6,3.0,9464
41.85344087235101,6,7.0,9433
41.85346475278776,14,2.0,-12207
41.85481334405416,5,1.0,0
41.85580256382982,15,2.0,-12133
41.85593125909731,5,3.0,0
41.85735534321353,17,1.0,-10384
41.85742977479855,11,56.0,9277
41.85803617859041,10,51.0,9334
41.858437455412,5,1.0,0
41.85875503485245,17,1.0,-5394
41.858845119556605,17,2.0,-3482
41.85978576971746,1,1.0,9508
41.86464477371638,17,13.0,-8572
41.867705029157435,1,1.0,9509
41.869172256349735,17,1.0,-11980
41.87449584714969,7,1.0,9386
41.87573956295457,5,1.0,0
41.876534278433574,5,2.0,0
41.876726503713186,17,10.0,-10582
41.87806715389943,15,1.0,-12130
41.88345556761065,17,16.0,-7235
41.88470656695953,17,3.0,-5966
41.88575829794436,17,3.0,-9302
41.890109281988906,4,2.0,9510
41.89076694293587,4,6.0,9511
41.891342587996505,15,1.0,-12149
41.891456336749975,3,49.0,9512
41.894641692044665,5,11.0,0
41.89575464450589,17,1.0,-12027
41.900683691038104,10,22.0,9499
41.90156232540572,17,2.0,-8498
41.902414331730185,16,33.0,3969
41.90305114932683,16,1.0,8329
41.903150962973726,14,3.0,-12221
41.90459136988414,7,7.0,9356
41.90697163041739,17,2.0,-9462
41.908464330789,1,4.0,9513
41.91566969837163,5,6.0,0
41.91894494853557,3,15.0,9514
41.92120182330669,17,5.0,-5754
41.923297681563504,17,2.0,-8168
41.9279810401002,1,4.0,9515
41.93189737069043,17,7.0,-11065
41.93382679843399,11,8.0,9355
41.935871594316524,17,1.0,-7673
41.93743662283009,15,4.0,-12137
41.94099244059185,17,5.0,-10793
41.943107781664644,5,3.0,0
41.94528618289808,1,3.0,9516
41.945332566547194,11,58.0,9350
41.94635205954086,17,11.0,-8043
41.94692020835064,14,2.0,-12238
41.948150982001714,1,2.0,9517
41.94831597630617,15,4.0,-12102
41.94841185854963,17,2.0,-9275
41.95168875355408,3,53.0,9518
41.95193662997949,6,8.0,9481
41.95551510860126,12,59.0,9307
41.958390150622094,1,3.0,9519
41.958572263277986,17,3.0,-6091
41.95910401725389,17,1.0,-7946
41.95961502026676,1,1.0,9520
41.96033354760696,1,1.0,9521
41.960377315802326,15,8.0,-12135
41.96216850138641,16,4.0,5186
41.96352620999989,17,2.0,-10644
41.96501650956986,17,16.0,-11046
41.96842746862949,15,1.0,-12124
41.97092616446785,17,6.0,-10998
41.97224268348485,1,7.0,9522
41.97428515289859,7,2.0,9343
41.975733853373534,15,3.0,-12111
41.97654174222335,17,1.0,-10757
41.977164937678474,5,2.0,0
41.97899467247102,17,15.0,-7373
41.981810793213015,14,3.0,-12208
41.98218246903431,5,8.0,0
41.98830949385374,6,2.0,9322
41.99045224031419,17,3.0,-11975
41.99174537737121,17,3.0,-9026
41.993539831848175,1,7.0,9523
41.998166690657285,6,5.0,9486
41.99951762935787,10,2.0,9448
42.002061354376266,13,4.0,-12279
42.00440317198296,5,1.0,0
42.011445219427706,7,1.0,9319
42.0145268174778,5,4.0,0
42.01776110251862,10,45.0,9410
42.01901244118539,15,3.0,-12155
42.02028439294158,5,1.0,0
42.020359631043114,13,2.0,-12262
42.024975908190164,14,1.0,-12255
42.02564901432079,8,6.0,9372
42.0257137535702,5,1.0,0
42.026976305509116,1,3.0,9524
42.02721172667454,5,1.0,0
42.029785409223344,1,5.0,9525
42.03045537141917,17,1.0,-10500
42.03343452245112,11,20.0,9352
42.03552634370622,6,1.0,9508
42.036917460865794,5,3.0,0
42.040136268687704,17,1.0,-9004
42.041296453192516,6,3.0,9524
42.04289683586414,10,15.0,9514
42.044359299690875,5,1.0,0
42.047479853171296,17,2.0,-9741
42.048000622342705,15,3.0,-12180
42.04835436328794,1,4.0,9526
42.05103303129335,5,1.0,0
42.05107613032132,4,25.0,9527
42.052440659327544,1,2.0,9528
42.05292297238589,5,1.0,0
42.05693464467165,1,1.0,9529
42.05906859896966,1,1.0,9530
42.05929069937378,6,7.0,9497
42.062125344667976,17,1.0,-10028
42.064611407838726,5,10.0,0
42.06473464269123,6,4.0,9526
42.07042131862246,17,1.0,-7848
42.07600577407337,17,1.0,-9697
42.0790450430292,4,1.0,9531
42.08060492205263,10,7.0,9426
42.08139743248823,17,4.0,-2799
42.08142955897135,13,1.0,-12274
42.0828319042749,5,3.0,0
42.08361432465654,15,9.0,-12191
42.08562788845879,10,49.0,9512
42.087330228783195,17,2.0,-9339
42.09233502403302,5,1.0,0
42.093107511004376,6,1.0,9456
42.097412726539545,4,4.0,9532
42.09875597595307,17,7.0,-9994
42.099654566359256,5,1.0,0
42.10473387911788,11,59.0,9214
42.105247883647365,5,1.0,0
42.10562693845415,3,40.0,9533
42.10682567363864,11,6.0,9384
42.107972700083025,17,2.0,-5775
42.111874676005236,6,6.0,9453
42.119343213021956,4,6.0,9534
42.11986002930662,14,4.0,-12247
42.120808423995925,7,1.0,9290
42.1229842102624,1,2.0,9535
42.123716370109356,17,4.0,-11597
42.12381809792422,4,26.0,9536
42.1247166195093,13,1.0,-12267
42.126217550435015,3,36.0,9537
42.12836268530275,4,8.0,9538
42.13029540743886,17,3.0,-10492
42.13082773995377,5,1.0,0
42.131071522164376,1,7.0,9539
42.13275410377662,113,26.0,-12271
42.13744084172361,5,4.0,0
42.139535987384306,5,1.0,0
42.14290550492927,15,2.0,-12192
42.144893506547106,17,2.0,-10933
42.145632487085045,6,7.0,9539
42.14770973020813,15,1.0,-12166
42.149372070674424,10,7.0,9461
42.15096058823406,17,3.0,-11142
42.154323531420026,14,3.0,-12289
42.15548607419089,10,4.0,9532
42.156392998443565,17,3.0,-10405
42.15673578295322,17,1.0,-1955
42.15737292867032,5,1.0,0
42.159606799900054,6,2.0,9535
42.16571772478099,15,18.0,-12159
42.1694537902513,5,4.0,0
42.16955584524641,6,2.0,9422
42.17033037775528,6,1.0,9521
42.17245339264086,17,10.0,-9530
42.17304443822939,1,4.0,9540
42.17309160037534,5,3.0,0
42.17432408416152,15,3.0,-12160
42.176179668885894,14,1.0,-12285
42.17849989106888,17,2.0,-11298
42.18549284778724,17,2.0,-11410
42.18708088543893,1,2.0,9541
42.187965295539485,15,2.0,-12199
42.190321189550225,5,4.0,0
42.19216086538763,3,50.0,9542
42.192325469827644,17,2.0,-7243
42.19668853293004,13,5.0,-12291
42.19711896005204,13,3.0,-12278
42.20088980698273,17,1.0,-7249
42.20091678585285,15,4.0,-12174
42.20106244140036,5,2.0,0
42.20143996582658,5,7.0,0
42.201507180475495,6,1.0,9507
42.2015630005725,15,1.0,-12178
42.2017257206189,6,4.0,9540
42.20264993759777,1,3.0,9543
42.20277389217311,6,2.0,9517
42.20384199243801,17,1.0,-8800
42.20435541336312,5,1.0,0
42.20461804047289,6,2.0,9449
42.206285501034394,10,3.0,9502
42.21013524949242,3,54.0,9544
42.21122272289189,5,6.0,0
42.211830188086644,11,8.0,9336
42.21207681295242,15,2.0,-12193
42.21207681295242,17,2.0,-12193
42.21395977051427,5,5.0,0
42.21910584388603,14,5.0,-12254
42.22321936180456,10,2.0,9503
42.22456158829548,13,1.0,-12249
42.228016035200795,6,1.0,9443
42.228679729218165,4,2.0,9545
42.22927750138623,12,5.0,9430
42.230196696026994,4,8.0,9546
42.233810772043995,7,1.0,9347
42.23771993360188,5,3.0,0
42.238233812244076,5,4.0,0
42.23939392073965,5,2.0,0
42.23958523483047,15,2.0,-12167
42.241593967696645,17,9.0,-11194
42.24223454806267,15,10.0,-12185
42.24469753930448,17,3.0,-9409
42.25073788902635,9,5.0,9349
42.251201603099204,13,3.0,-12266
42.256277776701275,3,57.0,9547
42.25629869113506,5,15.0,0
42.25684135183344,1,2.0,9548
42.258017081788466,6,1.0,9463
42.26135245894333,13,1.0,-12286
42.26151154061576,17,2.0,-11505
42.262515451468,11,58.0,9460
42.26412381810342,17,4.0,-6872
42.267009015037786,5,10.0,0
42.269720456623425,5,3.0,0
42.2730735647465,5,10.0,0
42.2738853168127,10,44.0,9413
42.276128345228,16,6.0,5960
42.27851309315483,5,1.0,0
42.281139026820966,10,6.0,9511
42.28161976155193,1,3.0,9549
42.2846988540453,10,2.0,9421
42.286342182189834,5,5.0,0
42.28641556959842,4,1.0,9550
42.28649503922975,5,3.0,0
42.286769916654315,5,1.0,0
42.28908324727416,10,12.0,9493
42.289224783924304,7,2.0,9317
42.28982786644609,5,1.0,0
42.2901659957766,6,4.0,9472
42.29044510872398,7,3.0,9378
42.29237980875417,17,2.0,-9181
42.29499760492096,4,7.0,9551
42.29513953691126,3,11.0,9552
42.295523442608314,5,5.0,0
42.29866588348765,5,11.0,0
42.29918903887692,10,50.0,9542
42.29977515258858,17,21.0,-8586
42.30052604701986,5,1.0,0
42.301004593134515,11,11.0,9479
42.30143206736601,11,2.0,9337
42.30219791147954,17,2.0,-9696
42.30755249266173,7,1.0,9326
42.30762432954752,10,3.0,9417
42.314145103412145,17,2.0,-10922
42.31431855098955,10,57.0,9547
42.31745744329078,1,7.0,9553
42.32098278662969,13,2.0,-12272
42.32366875330217,4,3.0,9554
42.32590953846777,9,50.0,9289
42.32723751495608,14,1.0,-12280
42.334334759175974,6,1.0,9506
42.33583472985403,16,57.0,3400
42.33761520993694,13,3.0,-12268
42.337849039048805,5,2.0,0
42.33977181568967,17,2.0,-10216
42.34073135667772,5,13.0,0
42.341922464429075,7,9.0,9387
42.34709759330177,16,2.0,1443
42.3528379294719,17,3.0,-10296
42.35372155437476,6,3.0,9482
42.35389039371483,11,30.0,9346
42.35691033013313,6,4.0,9279
42.35797837901253,7,1.0,9393
42.35825138302626,13,1.0,-12275
42.35850677319188,3,4.0,9555
42.36588871777126,1,2.0,9556
42.369766653399196,1,4.0,9557
42.370878118166424,17,19.0,-11865
42.37582218539065,15,1.0,-12168
42.37792283595839,6,20.0,9411
42.37961434536822,17,2.0,-5850
42.382046941023525,15,5.0,-12198
42.38353483333351,17,4.0,-1540
42.39047269499871,1,6.0,9558
42.39073871855019,17,23.0,-11621
42.392290993042465,9,2.0,9342
42.39412754301459,5,4.0,0
42.394479499878116,14,3.0,-12258
42.39450358858136,17,11.0,-9528
42.397899080534685,4,15.0,9559
42.400478875013455,17,3.0,-9068
42.40099365463426,1,1.0,9560
42.402237363057694,10,7.0,9551
42.40229769927692,4,12.0,9561
42.402461968770325,10,1.0,9550
42.40383321401053,17,3.0,-10068
42.40410231180983,7,1.0,9280
42.40578606717869,11,5.0,9436
42.40847034434368,11,11.0,9452
42.41056314645723,15,5.0,-12195
42.4116494266375,17,4.0,-9373
42.41304774597209,3,55.0,9562
42.41511898323113,11,8.0,9359
42.415479052656956,11,46.0,9438
42.4169029652095,17,1.0,-10867
42.419912097484584,17,5.0,-10249
42.42064726022828,4,57.0,9563
42.42183633709136,10,51.0,9498
42.423450992504314,13,1.0,-12288
42.4246501907316,17,6.0,-8915
42.42487586283709,10,27.0,9446
42.42877870247846,11,11.0,9405
42.42914386156713,3,59.0,9564
42.429530691392934,1,1.0,9565
42.432695714305325,7,2.0,9373
42.4332181182771,16,1.0,4617
42.434952810624,12,10.0,9318
42.438375859375334,7,3.0,9358
42.43858421077279,17,1.0,-1814
42.445101144444415,5,2.0,0
42.44800217104101,6,1.0,9530
42.44862228052738,10,59.0,9564
42.450000770076635,17,2.0,-9993
42.45667793099723,7,24.0,9435
42.45682114790856,13,7.0,-12273
42.46057150911043,4,6.0,9566
42.46066446228794,10,7.0,9420
42.46310599861578,8,5.0,9486
42.46400173401556,5,3.0,0
42.46500537593862,17,4.0,-11178
42.466078645704336,7,3.0,9394
42.46775981026908,1,1.0,9567
42.46827253577483,9,2.0,9263
42.471388747841516,1,3.0,9568
42.473278488919256,6,3.0,9519
42.47532103419491,17,2.0,-12076
42.47617180850309,5,3.0,0
42.478559764906045,5,5.0,0
42.48005140015394,15,3.0,-12173
42.48195594056503,7,7.0,9333
42.48291657627488,5,1.0,0
42.484253652979106,17,16.0,-9995
42.48447129507717,10,6.0,9534
42.4895052013055,6,7.0,9523
42.490176950292984,5,8.0,0
42.491011862234274,11,54.0,9231
42.491330043077404,15,8.0,-12179
42.491330043077404,17,8.0,-12179
42.4923869859304,15,1.0,-12157
42.49278930570881,6,4.0,9557
42.4928695286504,4,2.0,9569
42.493184963129146,3,5.0,9570
42.49611489871795,5,6.0,0
42.49614906431316,7,3.0,9383
42.498823099171275,6,3.0,9516
42.50486146894174,17,1.0,-10185
42.506909012470324,10,10.0,9490
42.50722422242404,7,1.0,9376
42.511323098105315,5,4.0,0
42.51152772814312,13,3.0,-12256
42.51218171867116,11,26.0,9315
42.51296489718363,5,3.0,0
42.51444104741359,7,2.0,9468
42.515893918936925,7,1.0,9469
42.51802806972105,15,2.0,-12187
42.51864954623901,5,2.0,0
42.5201630414631,17,3.0,-10829
42.52316744972586,10,5.0,9429
42.52450104994787,17,2.0,-10989
42.525057945897814,17,12.0,-9516
42.528146719358936,6,5.0,9408
42.53239415493863,8,2.0,9322
42.53266899826191,14,4.0,-12257
42.53526190365753,10,26.0,9536
42.53547200922838,10,6.0,9492
42.5373042869619,5,4.0,0
42.5379147233418,17,2.0,-4757
42.53960828088919,10,53.0,9518
42.54045428307089,15,1.0,-12188
42.54055777580441,15,3.0,-12183
42.54223499562566,13,1.0,-12261
42.545475239000666,5,1.0,0
42.54660794918804,5,4.0,0
42.54677455003923,113,17.0,-12253
42.547257407441556,15,1.0,-12170
42.547590528555254,5,2.0,0
42.54827070722553,17,6.0,-11524
42.548393628421664,5,3.0,0
42.55037057575847,6,1.0,9565
42.5518672604217,1,3.0,9571
42.55269315380873,17,2.0,-4388
42.55629865589322,8,5.0,9408
42.556889884856886,11,49.0,9244
42.557370173782616,17,8.0,-6897
42.557698774953394,15,1.0,-12169
42.55875031848369,17,9.0,-6906
42.559718442952594,13,1.0,-12276
42.56060981185546,7,6.0,9428
42.563657166809776,4,2.0,9572
42.564300780185796,1,2.0,9573
42.567392570709046,17,1.0,-9186
42.569440106536874,5,4.0,0
42.57023664066302,6,7.0,9494
42.575052491684524,9,1.0,9332
42.575377884574436,5,3.0,0
42.57676123725497,16,1.0,5086
42.57706478546233,17,4.0,-10785
42.57771385023604,17,3.0,-9767
42.578474499868136,17,7.0,-8773
42.5806537879194,17,5.0,-8088
42.582486768546815,7,10.0,9357
42.58423151183018,5,1.0,0
42.58438878098027,7,6.0,9252
42.58477019825702,1,1.0,9574
42.58907786422883,17,2.0,-6541
42.58915463054052,13,6.0,-12287
42.59815464625404,17,1.0,-6881
42.600034338391545,7,3.0,9464
42.60336019632326,13,1.0,-12252
42.604196675910465,5,6.0,0
42.604769934892616,6,2.0,9404
42.607155400641695,10,2.0,9466
42.6072025273425,7,22.0,9395
42.60809838871202,6,1.0,9520
42.60860025402297,10,8.0,9546
42.61214321276687,15,1.0,-12196
42.61238395955351,17,7.0,-6448
42.618857598873205,17,14.0,-9671
42.62076975446922,17,2.0,-11038
42.62181715972615,4,6.0,9575
42.62331281495962,1,1.0,9576
42.623346882782656,6,7.0,9553
42.624189715782485,5,9.0,0
42.629504297246214,6,4.0,9515
42.63636850267528,1,6.0,9577
42.63650281077312,7,3.0,9283
42.63833033420132,7,3.0,9275
42.63878246815418,10,6.0,9335
42.64141802153163,3,55.0,9578
42.64358024631845,13,22.0,-12248
42.64569863447609,13,28.0,-12269
42.646457213566435,13,2.0,-12292
42.64768765711937,10,9.0,9381
42.64929306243524,15,3.0,-12189
42.65353580331982,10,5.0,9403
42.65568250025589,5,7.0,0
42.65789290990588,1,2.0,9579
42.65842608502127,1,4.0,9580
42.65921852919812,15,7.0,-12177
42.66100187767212,5,4.0,0
42.66218493487336,4,3.0,9581
42.6627537959143,4,1.0,9582
42.66443512585163,15,3.0,-12184
42.665526989403055,17,3.0,-9661
42.66779687795604,14,1.0,-12259
42.66799306969708,12,15.0,9514
42.668100191122235,17,1.0,-9875
42.66879054659101,17,1.0,-9447
42.66953309742648,3,5.0,9583
42.670380986813676,4,1.0,9584
42.67192170332738,1,6.0,9585
42.67205245462775,17,2.0,-7145
42.6728484765641,4,3.0,9586
42.677695173996995,6,2.0,9409
42.67824611481977,5,5.0,0
42.6787301392464,17,4.0,-5042
42.68664209811206,10,54.0,9544
42.690669313656215,9,1.0,9325
42.69106261167238,13,1.0,-12281
42.69183909118477,8,1.0,9507
42.69337925421049,16,2.0,4310
42.69595572963812,14,1.0,-12283
42.69708805938739,7,2.0,9293
42.69794038521725,13,1.0,-12250
42.70067057064335,15,1.0,-12163
42.70162505663283,17,3.0,-9087
42.70693654632209,17,1.0,-10385
42.7077737562436,5,3.0,0
42.708065780983716,15,6.0,-12194
42.71095158920671,3,14.0,9587
42.71224710560391,17,4.0,-7416
42.71376929162612,7,7.0,9539
42.716230898822495,17,4.0,-9760
42.71882387375262,6,3.0,9549
42.7191932943997,17,8.0,-7530
42.719963108416806,4,2.0,9588
42.72693328568141,1,5.0,9589
42.72971116788247,4,6.0,9590
42.72973005104026,12,2.0,9503
42.73089742937122,9,59.0,9371
42.73190278884091,14,5.0,-12277
42.73270168582033,9,47.0,9250
42.73375625025016,17,3.0,-10011
42.73628261716463,10,5.0,9583
42.736844472243234,17,11.0,-4750
42.73766659900384,17,1.0,-10669
42.7417078187851,17,5.0,-9279
42.74171012031584,5,8.0,0
42.74399740139842,5,3.0,0
42.74472632455019,1,29.0,9591
42.745007271922276,17,1.0,-6891
42.74721075544769,15,2.0,-12175
42.7486696543189,4,2.0,9592
42.74896569191065,1,3.0,9593
42.750905727198194,13,2.0,-12290
42.754331647035805,14,2.0,-12282
42.758752231370046,13,1.0,-12265
42.7594933150782,17,1.0,-9109
42.76293884433252,11,2.0,9421
42.76334379422303,5,4.0,0
42.76813793960209,11,10.0,9353
42.77491681647119,4,5.0,9594
42.775536348281506,17,3.0,-9878
42.77588866237526,5,2.0,0
42.77892072071419,15,2.0,-12197
42.780271321424664,15,4.0,-12172
42.78029057554943,10,3.0,9424
42.782208727150056,1,1.0,9595
42.78232773106134,10,6.0,9590
42.79098793730601,1,8.0,9596
42.79103622290727,17,1.0,-9499
42.79105361894359,17,6.0,-11138
42.794553124713296,14,7.0,-12270
42.80107620821096,15,2.0,-12158
42.801692973682854,5,1.0,0
42.8031408192991,5,2.0,0
42.804350704558445,5,1.0,0
42.80506853430789,10,49.0,9491
42.80626304643683,1,1.0,9597
42.80911197241846,15,2.0,-12200
42.80911197241846,17,2.0,-12200
42.809995383511506,1,5.0,9598
42.810822021026524,16,2.0,8776
42.81178329282662,10,1.0,9465
42.81619266042754,5,4.0,0
42.81821165626122,3,52.0,9599
42.81895556419893,11,5.0,9271
42.82207009199286,1,4.0,9600
42.82316427916628,17,42.0,-2640
42.82510345735931,3,8.0,9601
42.82571176110725,16,13.0,4184
42.82590809733848,5,3.0,0
42.82622150454187,5,1.0,0
42.831712522426265,3,31.0,9602
42.833055665222766,17,2.0,-9315
42.833208507825155,10,53.0,9459
42.83643575397145,5,4.0,0
42.84271216850911,17,4.0,-9041
42.84352524788905,3,53.0,9603
42.84561320068501,6,3.0,9593
42.845929717529614,15,7.0,-12181
42.847197555115564,15,1.0,-12190
42.84942161403657,1,3.0,9604
42.850807619917965,1,3.0,9605
42.85331446222513,1,2.0,9606
42.85370190994617,7,1.0,9288
42.85434456958761,5,1.0,0
42.85533451639258,4,4.0,9607
42.85661611678686,17,2.0,-5632
42.85694091999243,16,4.0,5271
42.85780354996099,17,1.0,-6372
42.85950023486753,6,2.0,9528
42.859763330388205,7,8.0,9363
42.86155387847919,5,1.0,0
42.864534207837785,10,2.0,9510
42.86504469908358,7,3.0,9140
42.866791127407716,13,1.0,-12284
42.86792113853846,5,19.0,0
42.8684184042032,7,2.0,9412
42.86842502501459,7,1.0,9380
42.871494306945394,17,14.0,-9620
42.8737918108193,5,3.0,0
42.87440822748319,15,1.0,-12156
42.87742380182294,7,6.0,9361
42.87902400195682,17,1.0,-7035
42.882216799057275,17,4.0,-9725
42.88298583723021,5,1.0,0
42.88543495207251,1,2.0,9608
42.88788121780867,14,4.0,-12264
42.89145055456729,6,5.0,9525
42.89223184997692,16,2.0,3983
42.89250374493593,10,5.0,9570
42.89267016796349,15,1.0,-12161
42.892733029494956,5,6.0,0
42.89881260644666,4,4.0,9609
42.89914488302917,17,1.0,-8217
42.89915210692705,10,5.0,9441
42.89984146776026,6,3.0,9568
42.902530797869424,5,4.0,0
42.90668019857467,7,4.0,9526
42.90938133748287,5,2.0,0
42.90971368597527,3,33.0,9610
42.91319496027773,15,4.0,-12162
42.918639169059475,17,4.0,-8903
42.91981999113722,16,1.0,9135
42.92051799354301,1,5.0,9611
42.92129425356764,11,2.0,9448
42.92133906784697,4,1.0,9612
42.925092607143206,15,1.0,-12186
42.930682248668404,5,3.0,0
42.93090568221026,5,9.0,0
42.931949966699506,15,6.0,-12176
42.93464034318136,17,9.0,-8244
42.935122138223534,15,1.0,-12182
42.93585738841337,17,4.0,-10449
42.9366503515001,6,1.0,9576
42.93691837394844,4,14.0,9613
42.93755371538538,17,5.0,-11878
42.938691342739624,14,1.0,-12251
42.94075477137062,7,1.0,9508
42.94133751746364,10,5.0,9471
42.94248713478897,1,55.0,9614
42.94487557678389,13,2.0,-12260
42.945713886777895,17,7.0,-4096
42.94783448172001,17,4.0,-948
42.95024324701846,7,3.0,9324
42.9504382799923,17,3.0,-9336
42.951179097752416,5,1.0,0
42.95423578879315,6,5.0,9598
42.95846250621562,5,3.0,0
42.96095819481129,15,1.0,-12171
42.965779442158876,4,16.0,9615
42.965818728520375,14,3.0,-12263
42.96827364605633,5,3.0,0
42.969681423911204,5,2.0,0
42.96982509898338,10,15.0,9559
42.97022797833894,5,4.0,0
42.97338124918795,7,3.0,9245
42.97345350648119,11,12.0,9396
42.97719507475437,6,3.0,9571
42.97769827669715,11,20.0,9389
42.98170870783571,11,44.0,9401
42.98239686078952,5,1.0,0
42.9844209309693,1,4.0,9616
42.98696522049603,17,2.0,-11689
42.98709399190628,17,5.0,-5836
42.987532748442646,6,5.0,9462
42.98765202609144,7,2.0,9276
42.99079794722255,4,1.0,9617
42.99182263232285,15,3.0,-12164
42.993042247851164,10,6.0,9566
42.993764876974744,9,1.0,9339
42.99407320520885,10,2.0,9545
42.994696973627434,3,2.0,9618
42.99579128771543,10,16.0,9615
42.997813139408244,7,3.0,9367
42.99857964589935,5,3.0,0
43.001752649514145,13,1.0,-12320
43.00348784484263,17,2.0,-10750
43.0035921394161,17,5.0,-8681
43.005514216060774,5,3.0,0
43.00555500977378,1,3.0,9619
43.010902946288695,5,5.0,0
43.01384872661106,6,2.0,9556
43.015579307985064,15,1.0,-12215
43.01841449809124,3,8.0,9620
43.019225230246995,10,3.0,9480
43.01983204511217,16,10.0,2456
43.02250876831496,5,1.0,0
43.022649335245454,5,5.0,0
43.02296275294817,5,2.0,0
43.02460684091259,17,1.0,-10041
43.026575760731376,4,18.0,9621
43.02722003897219,4,5.0,9622
43.02924069271569,17,39.0,-8707
43.0292452329212,12,5.0,9429
43.0308196740781,3,9.0,9623
43.03414346025181,17,4.0,-10370
43.03631815720172,4,2.0,9624
43.04003081656143,3,53.0,9625
43.04069337926494,3,41.0,9626
43.04233787533374,1,4.0,9627
43.04290295159833,3,6.0,9628
43.04295014756457,11,8.0,9377
43.04315744995723,5,2.0,0
43.04318916381617,15,2.0,-12205
43.045786732715314,5,4.0,0
43.050058545299024,7,3.0,9519
43.05249877256013,7,2.0,9434
43.05296374753932,5,4.0,0
43.056559775749676,11,4.0,9199
43.05897225908494,6,1.0,9595
43.06260630424767,15,3.0,-12222
43.06276609410474,15,4.0,-12223
43.07076863766003,13,1.0,-12317
43.07203808669034,11,1.0,9299
43.07444485173837,6,3.0,9605
43.07501360755166,11,1.0,9268
43.07761912967689,5,2.0,0
43.0785805200082,6,1.0,9567
43.08179730220826,17,4.0,-7837
43.08429093507069,16,10.0,2343
43.084294145893175,17,2.0,-9331
43.08863643494285,17,3.0,-11366
43.09025968869749,10,4.0,9609
43.09129048041473,17,1.0,-8034
43.09484828075015,7,7.0,9345
43.09487279108721,12,44.0,9447
43.096122511496496,5,1.0,0
43.106706930261865,5,1.0,0
43.10902256018243,6,6.0,9585
43.110814955676766,6,4.0,9627
43.11406840412549,17,1.0,-8829
43.115336132055816,5,10.0,0
43.115939467724075,7,7.0,9328
43.116310336666956,17,1.0,-6987
43.1180671023607,1,1.0,9629
43.12008095965647,5,1.0,0
43.12119861858881,14,1.0,-12312
43.12187109424822,5,4.0,0
43.12380053689811,5,2.0,0
43.12408136672032,5,4.0,0
43.12885679232107,1,2.0,9630
43.131238653428056,5,1.0,0
43.1331762258306,17,2.0,-11232
43.138507244750954,7,7.0,9433
43.14163518812743,17,1.0,-10963
43.142164557077834,17,1.0,-6518
43.14447358066767,12,16.0,9615
43.14877112620364,5,6.0,0
43.14996411425521,15,5.0,-12237
43.15308417753337,7,3.0,9360
43.155244059262166,5,1.0,0
43.156696444640346,11,8.0,9304
43.15706015559793,5,4.0,0
43.15742400822624,16,4.0,7764
43.15801888133392,15,2.0,-12227
43.159950114798455,17,4.0,-11008
43.1607073036717,6,1.0,9309
43.161636739623624,14,2.0,-12324
43.16249389534896,14,1.0,-12307
43.16288396008838,10,42.0,9437
43.163340645146135,6,2.0,9630
43.1635406124656,1,1.0,9631
43.16525033028449,5,26.0,0
43.1656245463007,8,1.0,9463
43.16637982100101,1,2.0,9632
43.17228642892181,14,3.0,-12304
43.172323997309135,17,5.0,-11802
43.17279510519988,11,2.0,9310
43.17639869868252,16,6.0,9047
43.17851437663499,7,6.0,9495
43.17943290896723,16,5.0,9095
43.182100613296825,17,2.0,-11710
43.188446395664904,4,1.0,9633
43.19117187011824,17,1.0,-9758
43.19205890196487,1,9.0,9634
43.1945671946564,16,2.0,5825
43.19579011574101,17,4.0,-10759
43.196022150973015,5,2.0,0
43.19635937099059,15,2.0,-12230
43.196523596277,4,3.0,9635
43.20216957132841,15,8.0,-12231
43.202578697651745,10,18.0,9621
43.20964027197354,13,1.0,-12306
43.21255206718456,15,2.0,-12207
43.21528289917454,3,21.0,9636
43.2167800776935,8,1.0,9496
43.21757338463346,10,14.0,9587
43.21935898141735,9,1.0,9496
43.22258404230862,6,55.0,9614
43.225051041908145,1,6.0,9637
43.22632928429656,7,2.0,9449
43.229957394287155,6,4.0,9488
43.23108956128705,11,13.0,9400
43.23123003428215,15,2.0,-12238
43.232403299957575,17,5.0,-8762
43.23380093392501,14,4.0,-12334
43.2353969628791,6,4.0,9580
43.23992241510439,10,3.0,9501
43.240631660745564,3,42.0,9638
43.24180336857967,14,6.0,-12329
43.24242666311876,6,7.0,9500
43.24726776215095,3,9.0,9639
43.26214330277952,3,3.0,9640
43.264998920641425,17,1.0,-11775
43.26590730596982,11,14.0,9442
43.26626841395286,15,1.0,-12240
43.26762245621151,10,42.0,9638
43.267679546677655,4,6.0,9641
43.26902981984491,17,4.0,-11740
43.26958829559088,1,3.0,9642
43.27521995527872,6,2.0,9608
43.27523045945468,5,1.0,0
43.27653409325389,7,2.0,9517
43.276554453213514,10,31.0,9602
43.27845005723213,11,3.0,9480
43.28111446593918,16,1.0,3924
43.28319773186833,11,8.0,9546
43.28326100090341,16,25.0,983
43.28616352089977,17,6.0,-4069
43.288018757516916,15,2.0,-12210
43.28829413385424,5,3.0,0
43.28855509383936,4,7.0,9643
43.28896742951806,10,2.0,9588
43.29201183385357,1,4.0,9644
43.2927959582307,6,3.0,9476
43.29513804252415,4,1.0,9645
43.30015986308884,17,3.0,-11613
43.300821881571444,8,5.0,9598
43.300945658899096,8,8.0,9481
43.30206085218714,5,1.0,0
43.302383010999776,5,34.0,0
43.30483033758029,1,3.0,9646
43.30641093000012,6,8.0,9596
43.307642676816585,15,4.0,-12209
43.30795847623301,6,1.0,9629
43.30818743900609,17,1.0,-10863
43.30905091496308,4,18.0,9647
43.31139068260243,4,5.0,9648
43.31184443050155,15,3.0,-12241
43.312147229277194,17,1.0,-3774
43.3122137091539,1,2.0,9649
43.312785952412334,11,3.0,9417
43.313349460131676,10,1.0,9612
43.31450351673286,3,18.0,9650
43.315004992958585,4,3.0,9651
43.32057777554233,6,5.0,9589
43.32106789466888,17,2.0,-4078
43.32565796036068,3,24.0,9652
43.3271503282213,6,1.0,9445
43.328786275445815,5,2.0,0
43.333379836339134,9,13.0,9247
43.334508620792796,15,2.0,-12218
43.33670020354456,3,5.0,9653
43.337236013577474,15,1.0,-12225
43.33850773391463,15,3.0,-12245
43.3430123099928,17,2.0,-11989
43.34457775606407,6,1.0,9574
43.34689792721789,11,7.0,9551
43.34818076668283,10,16.0,9390
43.349874521737256,6,3.0,9543
43.35022787803079,5,2.0,0
43.35052958728639,13,3.0,-12318
43.35215482074605,11,4.0,9454
43.35327188035646,15,1.0,-12224
43.354762406956475,7,13.0,9320
43.356717820605716,11,5.0,9467
43.36274730276972,5,14.0,0
43.36674747402856,5,1.0,0
43.37070571748279,5,3.0,0
43.371148101271594,15,2.0,-12203
43.372470347737924,4,14.0,9654
43.37561558468166,1,6.0,9655
43.37598658252597,17,1.0,-4592
43.376356606129754,1,6.0,9656
43.3786039276174,15,3.0,-12208
43.38227593883582,17,3.0,-10788
43.38252158098861,11,7.0,9461
43.385379651443216,11,40.0,9391
43.38592479781326,9,25.0,9450
43.39114219772702,17,6.0,-9257
43.39115957548614,1,4.0,9657
43.391476219594246,15,5.0,-12202
43.39161968035852,17,2.0,-10330
43.39249072716531,1,3.0,9658
43.39290449637265,15,4.0,-12201
43.392962963751295,3,11.0,9659
43.39526798797575,17,2.0,-7811
43.39664766899144,10,5.0,9594
43.39816237140268,7,4.0,9540
43.39898995529581,5,4.0,0
43.399768533227814,10,4.0,9555
43.40232537839021,15,1.0,-12220
43.40241942086425,6,6.0,9577
43.40346995584118,3,54.0,9660
43.40599531597205,16,2.0,8157
43.4062335616062,10,7.0,9643
43.4068489684487,5,15.0,0
43.411365732412044,17,5.0,-11838
43.41155865175399,8,2.0,9556
43.41341208382824,13,3.0,-12336
43.4134179542419,13,2.0,-12331
43.415908753666834,1,3.0,9661
43.418431197808005,3,60.0,9662
43.418544119368306,6,5.0,9611
43.41855751684486,6,1.0,9597
43.418860879305385,4,2.0,9663
43.42356167438589,17,4.0,-9953
43.427255531892584,16,2.0,3935
43.42762858092375,5,4.0,0
43.431856567353805,1,2.0,9664
43.43238284408204,3,2.0,9665
43.4341762828873,1,4.0,9666
43.435450069726826,17,7.0,-5740
43.43655148817093,10,3.0,9635
43.43834181344846,15,13.0,-12204
43.43898924126138,15,3.0,-12214
43.44034980565521,7,1.0,9521
43.44090563913535,17,1.0,-8962
43.44414211033336,7,1.0,9392
43.450890635844985,8,3.0,9543
43.46062570396409,13,2.0,-12338
43.4619052549522,5,4.0,0
43.46324453656601,17,3.0,-11321
43.46481626969231,10,2.0,9592
43.47086590152385,6,3.0,9416
43.47259962170163,11,3.0,9414
43.47425271364145,17,1.0,-6247
43.47487638603249,14,3.0,-12330
43.48151879478053,17,2.0,-8860
43.48312051807645,10,3.0,9554
43.484025516952,5,1.0,0
43.4854010121979,11,22.0,9499
43.48590687327007,17,2.0,-10159
43.486368954317996,17,1.0,-11501
43.4881190460975,5,3.0,0
43.492245422572196,17,12.0,-8305
43.49548502954887,14,4.0,-12303
43.49670965372637,7,4.0,9423
43.501701121850445,4,7.0,9667
43.504184178412196,15,3.0,-12244
43.504760759611976,1,2.0,9668
43.50533808498666,5,9.0,0
43.512689377257836,10,6.0,9575
43.51394060828196,17,1.0,-11041
43.515608412006806,10,2.0,9618
43.51570350273594,17,4.0,-8066
43.519648418338825,6,4.0,9666
43.52747475194148,17,3.0,-5421
43.531008374395256,5,2.0,0
43.53120211506561,12,57.0,9306
43.53210221516504,3,8.0,9669
43.5334903651585,6,9.0,9634
43.53852155932738,17,2.0,-8678
43.53988932927072,11,3.0,9424
43.54157132239042,5,4.0,0
43.54162037054402,11,6.0,9457
43.54333122210608,17,1.0,-10853
43.54346865331399,15,5.0,-12216
43.543858818093035,13,1.0,-12314
43.54740820127485,13,2.0,-12328
43.54792082931588,10,1.0,9582
43.55021690872636,13,1.0,-12327
43.55240034877952,7,4.0,9418
43.55471320569989,1,2.0,9670
43.55587722652246,15,1.0,-12234
43.5562467128041,6,3.0,9604
43.55916027312667,17,5.0,-11057
43.560327950915635,17,4.0,-9469
43.56624439109795,17,10.0,-10839
43.56849478821536,5,3.0,0
43.56948717793457,1,1.0,9671
43.57055816941296,17,3.0,-9437
43.57317304988089,6,2.0,9573
43.57382726478779,17,36.0,-10215
43.5755907507767,14,3.0,-12323
43.57924206804481,1,10.0,9672
43.581277445167515,3,2.0,9673
43.58165707029347,5,4.0,0
43.58175444518605,8,2.0,9282
43.58223214157611,10,8.0,9669
43.586230327573574,5,7.0,0
43.58839554102206,15,1.0,-12236
43.58989666856298,5,3.0,0
43.59563177819746,16,5.0,8846
43.596200092715264,11,3.0,9348
43.60135865647222,17,1.0,-11864
43.60882196512146,10,3.0,9640
43.60907391620007,5,2.0,0
43.61277342200041,11,45.0,9281
43.6135178014752,7,2.0,9489
43.614608972635324,17,4.0,-10772
43.61647191293118,10,6.0,9628
43.616648092024995,17,4.0,-10721
43.617351183922246,1,3.0,9674
43.61944753285034,14,11.0,-12322
43.619894543197105,10,3.0,9298
43.62379641790869,6,7.0,9522
43.6240322739618,17,2.0,-10279
43.62659373395628,1,4.0,9675
43.62660642191491,10,5.0,9653
43.629172090235805,17,1.0,-9103
43.62985465889089,11,3.0,9504
43.63277168754407,1,5.0,9676
43.63312119776039,11,40.0,9419
43.6369199161853,14,1.0,-12302
43.64185910971278,13,3.0,-12325
43.6423070384574,5,16.0,0
43.64518270908145,16,4.0,5140
43.64591177802417,17,4.0,-8288
43.64712471429654,11,18.0,9621
43.64769015386077,4,19.0,9677
43.64998601822594,15,1.0,-12228
43.65039546638479,14,5.0,-12313
43.65052186329878,10,8.0,9538
43.65116737720127,15,1.0,-12229
43.65278845492042,10,1.0,9617
43.65996050960131,10,55.0,9562
43.65999228503435,3,39.0,9678
43.66301053596142,12,51.0,9498
43.66349307695425,17,7.0,-9185
43.66433799320652,10,18.0,9647
43.66677455461836,17,2.0,-9471
43.667807481856336,11,50.0,9374
43.67697596750148,10,7.0,9667
43.67722161764523,17,3.0,-6720
43.68147702520954,5,2.0,0
43.68186052650411,5,2.0,0
43.684947620134494,10,5.0,9316
43.68676812715178,4,6.0,9679
43.68761802308929,13,8.0,-12310
43.6906919051718,17,5.0,-11352
43.693629158357545,7,6.0,9366
43.69382833539997,16,3.0,7899
43.69501640583997,11,27.0,9446
43.69572623009782,7,4.0,9472
43.696425270850135,13,5.0,-12333
43.697791443786954,6,4.0,9513
43.698407359005785,17,1.0,-8700
43.698552865306524,5,8.0,0
43.69961893676817,5,2.0,0
43.69999820933218,1,1.0,9680
43.70197257715595,1,21.0,9681
43.702006561349044,9,59.0,9307
43.704183590817,10,2.0,9569
43.704429146056654,17,9.0,-8897
43.70721132356792,11,2.0,9398
43.707647479612774,3,47.0,9682
43.7090254761024,7,2.0,9321
43.70954731304172,5,7.0,0
43.70963785711619,17,1.0,-5023
43.711196301116985,7,1.0,9565
43.711216757658185,6,6.0,9427
43.712870077811196,13,51.0,-12300
43.714900027104036,13,4.0,-12311
43.7187786681715,4,6.0,9683
43.71892584547305,17,2.0,-7061
43.72197549805256,15,1.0,-12212
43.72411502750032,14,1.0,-12297
43.72477186263502,6,1.0,9529
43.726006221806095,5,1.0,0
43.7260803073014,15,4.0,-12211
43.726838289600956,4,6.0,9684
43.72846639947199,3,9.0,9685
43.72907844986789,6,2.0,9670
43.72986018918352,5,4.0,0
43.73226491204708,5,3.0,0
43.734555426186915,6,3.0,9451
43.73576643583367,10,25.0,9527
43.73610707723348,11,7.0,9420
43.7390031653255,5,7.0,0
43.73912234983911,15,1.0,-12226
43.74104559698153,5,2.0,0
43.741805756555934,1,5.0,9686
43.75022164716205,15,3.0,-12219
43.750877690892,5,8.0,0
43.75088868579939,17,1.0,-7866
43.75133177982021,17,1.0,-11216
43.75143139047488,1,2.0,9687
43.753188889209625,10,3.0,9581
43.756411801013165,14,5.0,-12301
43.75961215083903,5,2.0,0
43.761470139025526,1,1.0,9688
43.76177917210147,1,5.0,9689
43.76649605756572,14,2.0,-12298
43.76656280473033,10,6.0,9679
43.7673553706506,17,1.0,-9942
43.76790178933919,1,3.0,9690
43.76811964339132,15,1.0,-12246
43.769981608808045,6,6.0,9655
43.770059180472145,10,47.0,9682
43.77016351635372,7,3.0,9294
43.77299155471054,4,4.0,9691
43.77780808182112,5,3.0,0
43.77974688632233,15,15.0,-12242
43.77990665269005,17,7.0,-11677
43.782257407759296,10,60.0,9662
43.782659382270865,6,4.0,9600
43.78342397026212,5,7.0,0
43.78586771920116,1,2.0,9692
43.78594548804621,3,33.0,9693
43.78861581533854,5,4.0,0
43.7890857689406,5,3.0,0
43.78932678255658,1,10.0,9694
43.79746430687343,17,1.0,-9709
43.80230448315496,14,1.0,-12295
43.803126908681826,6,6.0,9656
43.80341100022896,6,1.0,9688
43.80521071814134,11,53.0,9459
43.80535048499421,15,6.0,-12217
43.807902707591175,4,18.0,9695
43.808838778371886,17,2.0,-8690
43.80909573335446,14,5.0,-12299
43.81013626203954,1,3.0,9696
43.81060202932387,10,8.0,9620
43.81272683592297,14,2.0,-12308
43.81363758093163,13,5.0,-12296
43.81539438679629,15,4.0,-12213
43.81720941494188,13,14.0,-12294
43.81756418741908,17,14.0,-1772
43.81992024648816,17,5.0,-11143
43.82006010444625,12,8.0,9620
43.821975697421,17,2.0,-11595
43.825006465807505,4,7.0,9697
43.82521087988376,13,2.0,-12293
43.83163110343196,17,1.0,-11086
43.83398765454661,6,3.0,9696
43.83819347154212,8,8.0,9399
43.838294075762434,5,4.0,0
43.838918357256574,15,2.0,-12243
43.83914059327168,14,1.0,-12332
43.83973734768878,17,4.0,-6391
43.84212011681265,11,5.0,9483
43.84565598926787,5,4.0,0
43.845901037277166,11,20.0,9415
43.848262353767495,10,1.0,9633
43.849234512071156,1,4.0,9698
43.84992567467646,5,3.0,0
43.850616108188476,5,8.0,0
43.85146446447931,15,3.0,-12232
43.851465230093794,6,3.0,9619
43.8518216950369,17,3.0,-10516
43.85277684534112,16,9.0,8658
43.85527387570503,5,31.0,0
43.85899963314234,5,8.0,0
43.86147840810089,13,1.0,-12316
43.86315212851931,5,2.0,0
43.863438183059465,10,57.0,9563
43.86796899015972,6,5.0,9676
43.868229648079556,10,2.0,9673
43.874454822473425,9,3.0,9385
43.874993256710546,13,3.0,-12321
43.875148922280815,11,5.0,9471
43.87760347912795,8,2.0,9573
43.87922290379145,15,9.0,-12206
43.87938440666496,11,5.0,9441
43.88151758995356,3,49.0,9699
43.884046855223254,1,2.0,9700
43.886176404238974,5,2.0,0
43.88811704865458,13,1.0,-12315
43.89039220517437,15,3.0,-12221
43.890679937083746,6,6.0,9558
43.8924795207498,12,6.0,9511
43.895941096235056,3,43.0,9701
43.89671680626568,14,3.0,-12335
43.89684086356353,17,2.0,-8235
43.90021905706732,6,2.0,9548
43.9013142789666,5,1.0,0
43.90213348657591,3,53.0,9702
43.90251455501982,11,16.0,9390
43.90291733918377,9,54.0,9397
43.90404113604624,10,41.0,9626
43.90539547761999,6,4.0,9644
43.90588925511724,4,13.0,9703
43.907253493955494,13,1.0,-12319
43.90853595561618,9,44.0,9447
43.910201526767196,17,5.0,-10619
43.91162708745038,12,5.0,9316
43.91299804948135,5,4.0,0
43.91367368938938,10,6.0,9684
43.91429991249658,3,8.0,9704
43.91437680261168,7,8.0,9470
43.916612137563476,17,1.0,-7463
43.9176339508999,3,54.0,9705
43.920263279507445,10,4.0,9691
43.92260930855538,11,50.0,9542
43.92260930855538,16,50.0,9542
43.92373691388183,6,6.0,9364
43.92431047504041,11,8.0,9402
43.926066831642224,10,8.0,9704
43.926489022904555,8,1.0,9338
43.92809623637071,5,1.0,0
43.928829936979284,17,2.0,-10088
43.93062670242368,17,2.0,-8702
43.931251818913175,14,3.0,-12305
43.93455424010018,5,1.0,0
43.934731976738036,17,12.0,-10024
43.936348438156,13,6.0,-12326
43.940506639182445,9,8.0,9399
43.94220185259794,17,1.0,-11378
43.943982752111886,17,5.0,-8627
43.94478812592994,5,1.0,0
43.95074747036449,17,1.0,-4303
43.95192222329992,15,3.0,-12235
43.952224419287255,11,54.0,9340
43.95225291777422,17,6.0,-9601
43.953349999406,5,1.0,0
43.95400881898333,5,1.0,0
43.95500313881844,5,7.0,0
43.96031023270315,10,1.0,9584
43.96119681433173,13,1.0,-12309
43.96375429625597,17,2.0,-10162
43.96745229776444,10,19.0,9677
43.96753273235239,13,2.0,-12337
43.96890596835298,15,2.0,-12239
43.96959523736943,5,5.0,0
43.97050393912287,4,2.0,9706
43.97054616386478,17,1.0,-11168
43.972085197666665,11,57.0,9323
43.97271391434287,1,4.0,9707
43.97322945444123,1,4.0,9708
43.97324902364696,5,2.0,0
43.985469426422085,17,3.0,-8843
43.98626786407758,6,6.0,9637
43.9862725516113,17,4.0,-8221
43.99009578700482,4,2.0,9709
43.99349207048947,1,4.0,9710
43.996912788745554,7,7.0,9523
43.99835293960344,15,1.0,-12233
43.99920510648408,1,2.0,9711
43.99952783868194,11,7.0,9388
44.00078132639267,5,10.0,0
44.00262324888955,4,5.0,9712
44.00424598108932,15,2.0,-12260
44.00595607547702,1,12.0,9713
44.00789979158025,6,4.0,9362
44.011794007892675,10,2.0,9709
44.01408602810166,13,7.0,-12352
44.01435639175297,3,50.0,9714
44.0202233691835,4,8.0,9715
44.020789400008894,17,8.0,-9695
44.02223142476812,9,2.0,9556
44.022623390930306,15,1.0,-12252
44.024075834459325,1,6.0,9716
44.02807229396644,12,6.0,9534
44.03670768989467,3,52.0,9717
44.038895912813636,17,9.0,-10942
44.0400928699051,6,2.0,9541
44.040399666460964,17,2.0,-8262
44.04040649116732,17,5.0,-8923
44.04279464792819,15,1.0,-12267
44.04357257514373,7,2.0,9375
44.04380809304294,17,10.0,-8564
44.04385805422328,5,2.0,0
44.04403712315776,5,1.0,0
44.04725619291987,1,4.0,9718
44.05012972833002,16,5.0,6969
44.05085788199627,7,4.0,9444
44.052403807891196,17,2.0,-9813
44.05264091244963,16,4.0,9129
44.05762570359194,3,16.0,9719
44.05876632442558,15,22.0,-12248
44.05922680131793,4,3.0,9720
44.05941289000163,5,2.0,0
44.064211102056625,12,57.0,9547
44.06598320753931,11,6.0,9492
44.06785397129966,8,1.0,9443
44.06801164209967,9,2.0,9503
44.06986920649386,6,3.0,9690
44.07097076371985,17,13.0,-8949
44.071020870095886,17,4.0,-10202
44.07336489929676,4,3.0,9721
44.07478346942114,11,49.0,9512
44.07686104435312,17,3.0,-11272
44.078594069288016,13,2.0,-12341
44.081591782247536,9,2.0,9407
44.08379864625839,1,2.0,9722
44.088172350942635,7,2.0,9535
44.08885853451081,10,43.0,9701
44.08915851918214,10,5.0,9622
44.090563765919,10,11.0,9659
44.09096507009828,10,7.0,9697
44.09598870911714,17,1.0,-7634
44.09658627421734,10,2.0,9706
44.10149517486359,13,7.0,-12347
44.1019226153275,7,29.0,9478
44.105670258378815,7,1.0,9595
44.10643435443947,7,4.0,9515
44.10850276373385,10,12.0,9561
44.109684350928816,6,2.0,9687
44.11094782490226,5,1.0,0
44.112377918119975,13,2.0,-12364
44.113343191363484,9,16.0,9615
44.11574875867924,5,1.0,0
44.117868540016126,8,1.0,9688
44.11800904645326,5,1.0,0
44.12257940386526,7,7.0,9497
44.123207518180294,15,1.0,-12255
44.12645409974431,5,12.0,0
44.13120569940107,8,5.0,9611
44.136216618400844,10,40.0,9533
44.13731190025444,3,8.0,9723
44.140311611815505,5,5.0,0
44.14679772431785,1,4.0,9724
44.14882204039942,11,4.0,9473
44.149439306662146,10,9.0,9623
44.15424120785711,17,6.0,-8154
44.15833378403212,6,4.0,9675
44.15853699619361,7,4.0,9557
44.161168915651814,11,54.0,9544
44.166527977084456,13,2.0,-12369
44.16698918172487,4,6.0,9725
44.168302649642925,3,19.0,9726
44.169695039470106,4,3.0,9727
44.172159775435034,9,1.0,9443
44.17225251048513,6,2.0,9722
44.17587270559983,17,1.0,-10981
44.178132933245266,7,4.0,9279
44.18241573862118,4,2.0,9728
44.18297089246794,8,3.0,9604
44.183206552242225,3,15.0,9729
44.18377640379124,5,4.0,0
44.18855897695715,15,4.0,-12247
44.1894061625786,11,22.0,9368
44.19395124048977,4,4.0,9730
44.19506377189958,14,1.0,-12356
44.196017327261565,1,5.0,9731
44.198406057082295,11,26.0,9536
44.2028482793406,5,3.0,0
44.20450880544107,5,1.0,0
44.20722485678593,4,50.0,9732
44.20738682034648,11,3.0,9502
44.21677334345585,7,1.0,9576
44.218615466803385,4,46.0,9733
44.22140921733775,10,4.0,9730
44.223958163676876,9,8.0,9481
44.224947638473644,6,5.0,9731
44.227249418131926,17,1.0,-1203
44.23027664626557,17,3.0,-10756
44.23072663092395,11,2.0,9510
44.231878308244056,3,15.0,9734
44.23277276097003,4,22.0,9735
44.233165750075585,14,2.0,-12353
44.2333590130059,8,4.0,9580
44.233928821308815,11,53.0,9518
44.23585947674038,10,14.0,9654
44.237683532422395,16,8.0,6473
44.240098634178324,5,2.0,0
44.24131693932804,8,6.0,9577
44.24144963950326,5,1.0,0
44.24180239095174,10,13.0,9703
44.24667839428087,17,1.0,-11167
44.24711888082012,15,3.0,-12289
44.24766804977872,4,11.0,9736
44.250973211185446,10,2.0,9474
44.25751541941193,17,2.0,-10496
44.25913465709511,4,4.0,9737
44.26156265548852,13,1.0,-12348
44.26391168114446,17,1.0,-8292
44.264997655960485,6,1.0,9560
44.26557128062453,6,3.0,9661
44.26760628637061,6,2.0,9700
44.26789816953157,5,14.0,0
44.27028013197517,1,3.0,9738
44.27272510172237,17,3.0,-8525
44.27324199244913,8,3.0,9451
44.273817163200825,6,2.0,9664
44.275708034401525,4,3.0,9739
44.276207319795645,11,1.0,9465
44.277571094881424,4,2.0,9740
44.27779703038432,113,56.0,-12357
44.28008361662036,15,1.0,-12286
44.281680593887586,7,55.0,9614
44.28230925208348,5,4.0,0
44.28233187090221,5,4.0,0
44.28431449802657,7,3.0,9568
44.28442743819621,7,8.0,9596
44.285352404232576,5,9.0,0
44.2867422416147,17,2.0,-8028
44.28679841655426,10,53.0,9702
44.287050736352114,16,19.0,5717
44.287701473758084,11,6.0,9575
44.29483274493103,5,2.0,0
44.298656013115526,12,6.0,9628
44.29907091676072,16,3.0,9093
44.30020814898992,6,6.0,9716
44.30125587702705,5,8.0,0
44.30189734255864,1,3.0,9741
44.301919816393685,6,3.0,9642
44.30420337164915,9,3.0,9543
44.30429528774901,11,3.0,9365
44.30830507368123,1,2.0,9742
44.30988602234447,7,20.0,9411
44.31018560645293,5,5.0,0
44.31229763592762,11,2.0,9588
44.31231154673064,17,7.0,-11029
44.31410739567804,16,20.0,4413
44.31813767435107,17,2.0,-10920
44.31840767427441,17,4.0,-10591
44.319360095227,10,49.0,9699
44.32315622609387,9,2.0,9282
44.32368897014116,3,44.0,9743
44.325382062522735,17,1.0,-6346
44.325475126206356,14,4.0,-12342
44.3270911872385,4,8.0,9744
44.32809304976582,7,4.0,9269
44.32888145691817,6,2.0,9711
44.33170768645211,7,1.0,9506
44.332749917349766,4,54.0,9745
44.33291788997567,6,21.0,9681
44.337116709687535,15,1.0,-12283
44.33823502289019,5,1.0,0
44.344884621502146,5,3.0,0
44.34559837461513,8,3.0,9416
44.34588054169452,17,2.0,-10594
44.34949442322919,1,3.0,9746
44.35111547281994,4,4.0,9747
44.35622691976169,17,1.0,-10987
44.35625182340047,6,3.0,9746
44.35649035322997,7,4.0,9627
44.361414141888844,10,24.0,9652
44.36365664698365,17,1.0,-9987
44.367770841353995,15,5.0,-12277
44.367770841353995,17,5.0,-12277
44.36803395551437,15,1.0,-12251
44.368438062798525,8,5.0,9731
44.368625112421135,15,1.0,-12275
44.372961505257145,1,2.0,9748
44.37467704557064,3,5.0,9749
44.37476681591842,11,55.0,9562
44.37623802358716,15,2.0,-12282
44.37705164874021,10,4.0,9747
44.37882319279636,15,1.0,-12281
44.380045268531234,5,7.0,0
44.38330739398658,15,3.0,-12258
44.38460034948607,14,3.0,-12366
44.38504023272082,7,10.0,9354
44.39028798837943,6,2.0,9579
44.39105348017601,1,5.0,9750
44.39297151603692,15,2.0,-12290
44.394827992123666,9,6.0,9511
44.39483070569056,13,7.0,-12363
44.395938986109385,4,3.0,9751
44.39680923979893,5,3.0,0
44.39874668529651,6,3.0,9741
44.399125069844246,1,1.0,9752
44.40111689781542,5,10.0,0
44.401656471771275,10,3.0,9651
44.40324977631987,17,6.0,-10960
44.40369842789735,15,1.0,-12276
44.40657098068082,10,6.0,9683
44.40708904172105,1,3.0,9753
44.40712500131918,6,4.0,9710
44.41382978380012,5,5.0,0
44.414561833704,4,8.0,9754
44.415513395677706,17,1.0,-9107
44.417144525369814,1,3.0,9755
44.418897288654065,17,2.0,-9677
44.41894477911108,3,52.0,9756
44.42055891748592,10,52.0,9756
44.42496412674643,10,55.0,9578
44.425399057053916,3,36.0,9757
44.42971040755624,7,3.0,9593
44.43224924050274,17,5.0,-6733
44.43341079422129,5,2.0,0
44.43694206549293,17,3.0,-10823
44.43759037516645,5,1.0,0
44.43879020144329,1,10.0,9758
44.43887415919617,1,4.0,9759
44.44019101419761,10,36.0,9537
44.44326484439569,15,7.0,-12273
44.44655391978487,13,5.0,-12339
44.4471076036306,17,2.0,-10081
44.447162968714856,1,3.0,9760
44.45728256881061,17,2.0,-8925
44.457590968312424,8,3.0,9690
44.459018929628435,15,5.0,-12291
44.459883023326356,3,42.0,9761
44.46044556631373,13,1.0,-12360
44.46581606287401,9,1.0,9507
44.466782577594174,3,11.0,9762
44.46814195281307,16,2.0,8628
44.468294521651266,3,7.0,9763
44.46882814659198,6,2.0,9748
44.47160568774195,10,2.0,9572
44.47407939671081,6,1.0,9671
44.479578137492695,14,3.0,-12365
44.48067423550272,17,1.0,-9433
44.481151109796436,15,6.0,-12287
44.48224435793696,9,6.0,9372
44.4834517545159,17,3.0,-8892
44.48560253992418,15,1.0,-12265
44.488675761694665,5,1.0,0
44.48998014949612,6,2.0,9742
44.49034611114977,17,7.0,-3432
44.490694902431315,5,10.0,0
44.491644503499316,17,2.0,-6424
44.495347939613545,11,10.0,9490
44.496752711217475,15,7.0,-12270
44.49943508898922,11,31.0,9602
44.500777473561875,6,10.0,9672
44.50312295061268,17,9.0,-10682
44.50527119561545,9,3.0,9416
44.50527119561545,16,3.0,9416
44.51146405550019,5,2.0,0
44.51575984066408,10,22.0,9735
44.51593262933454,13,1.0,-12340
44.51638699398271,17,2.0,-7480
44.519516066603124,10,52.0,9717
44.52144690966977,5,1.0,0
44.52354661202636,15,3.0,-12266
44.52531364652663,10,50.0,9732
44.527192985570295,4,6.0,9764
44.52782921762936,17,1.0,-8674
44.52808020860059,15,1.0,-12285
44.52812637021781,11,2.0,9545
44.52943108956997,10,54.0,9745
44.530057867401034,3,7.0,9765
44.53025576745769,10,2.0,9740
44.53190316377823,14,5.0,-12345
44.532668615395686,15,1.0,-12280
44.53918491408212,16,2.0,8223
44.539287279911356,11,42.0,9638
44.5409073465567,3,8.0,9766
44.5418220443388,17,5.0,-8150
44.545613018566,15,1.0,-12261
44.55141168413261,4,7.0,9767
44.55380566298562,16,2.0,3511
44.55680327280766,17,2.0,-10879
44.560571446891124,5,4.0,0
44.56067039916671,6,4.0,9718
44.56220779857544,10,2.0,9665
44.56244068327025,17,1.0,-11395
44.564643118172654,5,4.0,0
44.56538450309455,10,7.0,9763
44.5655766038567,17,4.0,-8637
44.56904153752415,1,3.0,9768
44.5702785364425,10,36.0,9757
44.57045136879967,5,5.0,0
44.57098326724552,9,5.0,9429
44.57354417535624,15,3.0,-12263
44.57373967528148,4,19.0,9769
44.57808591222052,5,1.0,0
44.579158172833715,11,41.0,9626
44.58265248302869,13,1.0,-12358
44.58331220073887,1,3.0,9770
44.58897711483536,7,3.0,9549
44.592345521760194,15,4.0,-12257
44.592345521760194,17,4.0,-12257
44.59308676781453,17,4.0,-11429
44.59613414711709,7,3.0,9605
44.598469862705315,17,28.0,-8295
44.59864627788673,17,3.0,-9730
44.59907839109391,3,36.0,9771
44.60228729377644,5,21.0,0
44.60413645026334,4,19.0,9772
44.60667309924983,11,12.0,9493
44.60756492326499,4,6.0,9773
44.608070038664906,9,6.0,9534
44.60955432689124,17,2.0,-9021
44.61340500530483,17,2.0,-9213
44.61828959527513,3,22.0,9774
44.62191388520139,17,4.0,-9008
44.62378902748161,7,2.0,9404
44.623984329004394,5,5.0,0
44.6270089518067,7,6.0,9427
44.629037220543424,4,51.0,9775
44.631178726762364,16,20.0,8858
44.63134042355678,15,4.0,-12279
44.63312170823539,7,3.0,9524
44.63354574644554,10,15.0,9734
44.64063752252005,17,1.0,-5393
44.644640030857765,7,2.0,9409
44.64470028320334,17,9.0,-10472
44.644721326853734,1,4.0,9776
44.64504617985889,15,1.0,-12274
44.64543959493892,11,6.0,9335
44.64543959493892,16,6.0,9335
44.64594126667601,10,22.0,9774
44.6475029719674,10,54.0,9705
44.652646201343,10,33.0,9693
44.65314095441616,8,3.0,9516
44.65339339924206,11,47.0,9682
44.65352185808415,13,2.0,-12371
44.65466951597434,11,5.0,9583
44.65584605946223,7,1.0,9629
44.656727905417995,1,2.0,9777
44.657067261791326,17,3.0,-9483
44.65763626169783,9,5.0,9408
44.65885950794849,10,19.0,9726
44.659208595370714,9,5.0,9598
44.66071042931151,17,5.0,-6328
44.6616012095556,15,1.0,-12259
44.66212684203685,5,6.0,0
44.6628747597234,10,3.0,9484
44.66290334656095,17,2.0,-8708
44.663491598752856,10,7.0,9765
44.665498945232414,5,4.0,0
44.66579059143912,14,1.0,-12349
44.66786527239749,11,2.0,9592
44.672425661636574,14,5.0,-12355
44.676698306423425,5,1.0,0
44.67872637967416,17,1.0,-10360
44.67950281981506,5,7.0,0
44.687045426227826,1,3.0,9778
44.6871659793788,13,4.0,-12361
44.693050918018315,11,25.0,9527
44.69647827155908,8,1.0,9425
44.69971081612229,4,24.0,9779
44.702248672995346,10,6.0,9764
44.70246512306584,17,3.0,-11925
44.702806596313394,1,2.0,9780
44.70447279904583,10,36.0,9771
44.70472560347936,7,7.0,9522
44.70495240376122,5,1.0,0
44.70580694733455,13,1.0,-12346
44.70615414923441,11,7.0,9379
44.70658626918804,5,3.0,0
44.710252078018286,9,3.0,9516
44.71282628846878,15,2.0,-12262
44.71375609371102,6,2.0,9649
44.71631422186262,17,30.0,-8643
44.717667634837234,17,1.0,-8854
44.72007518679243,17,1.0,-11303
44.72182614168638,4,12.0,9781
44.72486059082347,11,14.0,9587
44.72549045810418,17,1.0,-10096
44.72732258466407,17,2.0,-1330
44.73311303744116,17,4.0,-9716
44.73440374096903,15,2.0,-12292
44.73440374096903,17,2.0,-12292
44.735154875453716,3,57.0,9782
44.737636497254684,7,4.0,9600
44.73769427643435,4,20.0,9783
44.74081415934088,11,7.0,9643
44.74111648473764,10,11.0,9552
44.742509651212536,5,3.0,0
44.743326385849066,1,8.0,9784
44.743517845400206,4,2.0,9785
44.74439321360666,9,2.0,9322
44.74510157475334,1,31.0,9786
44.74665554617912,14,7.0,-12344
44.750132931536015,15,1.0,-12250
44.75182788314946,11,4.0,9609
44.75314374308102,13,1.0,-12343
44.7535323085956,6,10.0,9758
44.75449916755591,5,2.0,0
44.755718298308366,5,4.0,0
44.758562381083564,6,4.0,9505
44.75975405976695,12,7.0,9426
44.76097110380695,6,3.0,9760
44.762126251649754,10,6.0,9641
44.76397496341718,12,60.0,9662
44.76438360287645,17,10.0,-9167
44.76608849509129,1,5.0,9787
44.766867517107684,13,1.0,-12351
44.76693075458625,5,3.0,0
44.770168614841936,4,16.0,9788
44.770820767182016,12,9.0,9623
44.77411868924605,17,2.0,-11135
44.775030208387086,5,2.0,0
44.775939304009036,1,6.0,9789
44.78072409447787,1,29.0,9790
44.78191882531874,9,3.0,9604
44.78215749974331,10,42.0,9761
44.78507371823283,9,1.0,9338
44.78540884858144,9,10.0,9318
44.786383332042625,15,1.0,-12284
44.78745843544001,9,1.0,9463
44.78776086282373,15,5.0,-12254
44.790310463526815,1,10.0,9791
44.79059222975868,17,3.0,-9686
44.79561295199415,13,1.0,-12354
44.79934200828473,1,3.0,9792
44.80705529031561,16,52.0,9109
44.807134375809625,3,48.0,9793
44.8087265987505,10,5.0,9712
44.80952718428082,10,6.0,9725
44.810566385579406,3,5.0,9794
44.8118022209178,17,1.0,-10601
44.81366700688537,3,10.0,9795
44.81420194420018,17,2.0,-9891
44.81675958721296,10,54.0,9660
44.818433010346425,10,53.0,9603
44.819174170723926,17,1.0,-10736
44.82293738955957,7,1.0,9567
44.82305137519667,17,4.0,-8448
44.8240571052005,11,45.0,9410
44.8256321395555,5,3.0,0
44.8258266740468,4,1.0,9796
44.825962576259755,11,9.0,9381
44.825987232672595,6,6.0,9789
44.82943106426475,7,5.0,9462
44.83069982543014,7,3.0,9476
44.834991430005495,5,3.0,0
44.835802618209435,17,4.0,-8960
44.8389627914978,9,2.0,9573
44.8392602317129,17,25.0,-6647
44.840193608870834,8,4.0,9666
44.840504209311796,17,1.0,-11669
44.84730524980017,6,1.0,9752
44.847711946824894,1,1.0,9797
44.84943778931622,5,2.0,0
44.85082579316341,5,2.0,0
44.85258757682549,14,7.0,-12350
44.853912401849655,12,2.0,9665
44.85850798852938,1,5.0,9798
44.85993612099579,7,6.0,9655
44.860767946544556,17,1.0,-10272
44.86118857928223,15,1.0,-12249
44.86118857928223,17,1.0,-12249
44.861488861171416,9,7.0,9426
44.86390924319934,10,2.0,9663
44.86455616785328,7,11.0,9439
44.866365586678725,15,3.0,-12256
44.86690568283765,7,1.0,9520
44.86958127524647,8,7.0,9553
44.870591266552154,17,2.0,-6192
44.872974945422825,14,7.0,-12368
44.87440822748319,17,1.0,-12156
44.87448635956135,6,2.0,9632
44.8756245013047,7,4.0,9488
44.877757380424896,7,6.0,9585
44.87855806719446,6,3.0,9674
44.88378260580741,17,2.0,-4868
44.884901574340496,10,1.0,9531
44.8869293339605,6,3.0,9755
44.8879142724962,1,3.0,9799
44.89090537002253,16,11.0,6801
44.89428785698047,5,2.0,0
44.89496024988119,13,5.0,-12367
44.896345211655074,10,9.0,9639
44.89920401225281,16,1.0,3904
44.899919795943084,4,3.0,9800
44.89998592709062,6,4.0,9616
44.900135835805685,5,14.0,0
44.902134913629034,5,4.0,0
44.903033762358845,10,5.0,9648
44.90984315701256,1,26.0,9801
44.90993356136616,17,6.0,-1027
44.91164992855304,5,9.0,0
44.91234049932542,3,4.0,9802
44.91243847382101,4,5.0,9803
44.91430313737773,15,28.0,-12269
44.91670010849031,17,1.0,-10285
44.91924284577262,15,3.0,-12268
44.92052542974981,12,14.0,9654
44.9207462468173,5,1.0,0
44.922873739743586,11,6.0,9566
44.92332495460408,5,1.0,0
44.92650026470803,17,1.0,-8437
44.92728289843754,13,1.0,-12370
44.928283455570565,13,13.0,-12359
44.92945371603732,6,3.0,9646
44.93426666020265,1,2.0,9804
44.93462716685223,6,8.0,9784
44.937097921153125,15,1.0,-12288
44.93944966013867,1,4.0,9805
44.939617675755244,10,8.0,9744
44.940183281274045,17,3.0,-10419
44.94231287020948,17,3.0,-8546
44.942664469175206,15,4.0,-12264
44.944315120505124,6,3.0,9487
44.94609729814223,6,3.0,9778
44.950766544398036,17,6.0,-7327
44.951750532593465,3,17.0,9806
44.95277666601401,5,3.0,0
44.95520235045284,5,8.0,0
44.95968720939818,17,1.0,-2491
44.960975383828846,5,1.0,0
44.961566174165895,5,2.0,0
44.96351985367361,7,3.0,9482
44.96396088147618,17,1.0,-8176
44.96633674410078,2,4.0,9807
44.96788357626427,5,5.0,0
44.9701093198134,16,2.0,7015
44.97104614128592,10,3.0,9739
44.97345350648119,16,12.0,9396
44.974478830387866,11,4.0,9532
44.97822044442923,7,6.0,9453
44.978453035667975,5,8.0,0
44.97847863423223,15,2.0,-12272
44.97941414792073,9,5.0,9486
44.98450231100571,1,1.0,9808
44.98568840930242,17,3.0,-11982
44.986395074070906,3,8.0,9809
44.98694926118303,17,5.0,-11379
44.98698205607362,5,3.0,0
44.987193346410706,6,4.0,9776
44.98989467374906,17,2.0,-9872
44.9900472182201,10,50.0,9714
44.99073131805002,5,5.0,0
44.991413098899244,4,4.0,9810
44.99305487933179,13,2.0,-12362
44.99397434416386,5,1.0,0
44.994896166664,16,3.0,8914
44.997090096662035,5,14.0,0
44.9978620859362,3,21.0,9811
44.99825990567856,15,3.0,-12278
44.99911689186647,11,13.0,9327
45.00006655723092,15,2.0,-12308
45.001197191958006,5,1.0,0
45.00128523926278,10,24.0,9779
45.00366520458423,3,3.0,9812
45.007720169819734,3,43.0,9813
45.01236691401869,5,6.0,0
45.014601624884264,5,8.0,0
45.01695494405786,1,20.0,9814
45.017119327999964,1,4.0,9815
45.01931268346504,13,7.0,-12391
45.02496216313707,6,2.0,9692
45.02940783834292,10,11.0,9736
45.02985472472372,6,2.0,9777
45.0302218004385,17,1.0,-1452
45.03176072512238,17,2.0,-11830
45.03235099481316,15,1.0,-12309
45.03382786409398,6,20.0,9814
45.03454567209022,9,1.0,9425
45.03546158944612,7,2.0,9687
45.04163970951799,3,58.0,9816
45.04521982160434,8,10.0,9672
45.04776270427095,17,1.0,-7765
45.04819256425888,1,1.0,9817
45.05084536883125,14,5.0,-12388
45.052032089346895,10,15.0,9729
45.05289311322369,16,1.0,4705
45.053734121461545,5,6.0,0
45.0551295864694,5,1.0,0
45.05530330178557,9,57.0,9547
45.05594379359203,4,2.0,9818
45.05677435068058,10,5.0,9803
45.05701753370819,7,1.0,9456
45.05729728640708,9,51.0,9498
45.05780939403591,3,25.0,9819
45.060045196715805,5,4.0,0
45.07413820537812,17,2.0,-8758
45.07653597282075,11,2.0,9709
45.081188823528706,15,4.0,-12334
45.08169964486284,5,2.0,0
45.084458240685684,5,50.0,0
45.085738441172005,1,6.0,9820
45.08624726914296,17,3.0,-4234
45.087353388512376,6,7.0,9455
45.09098192362709,15,6.0,-12329
45.092923921942614,16,39.0,3516
45.09586937230329,1,1.0,9821
45.099051736327695,15,3.0,-12321
45.10238982794151,17,5.0,-10729
45.10361720119197,4,4.0,9822
45.10875969641988,15,3.0,-12304
45.109152961358895,5,4.0,0
45.110724190780154,7,3.0,9571
45.11549833267092,17,3.0,-11056
45.11636125599599,1,6.0,9823
45.11821145437271,1,4.0,9824
45.1183354532675,15,3.0,-12330
45.11837637728548,15,11.0,-12322
45.121041465484645,16,2.0,6986
45.12163558939269,4,4.0,9825
45.12473716070009,14,7.0,-12397
45.12551608188756,5,2.0,0
45.12758101793017,13,36.0,-12387
45.129307586173454,5,3.0,0
45.13041821177723,15,1.0,-12327
45.13058327703777,9,60.0,9662
45.133983618767644,10,6.0,9773
45.13485577517615,9,4.0,9580
45.13573647468097,1,1.0,9826
45.13624211471718,10,43.0,9813
45.13656664617001,7,3.0,9661
45.136893927004046,6,10.0,9791
45.14150752964339,13,1.0,-12374
45.14245346738563,16,48.0,502
45.14521974781241,5,1.0,0
45.147583368517964,11,59.0,9564
45.15090504998524,6,6.0,9820
45.152920774621045,10,17.0,9458
45.15309553196325,4,5.0,9827
45.158574045877465,3,30.0,9828
45.159728130263,5,58.0,0
45.160887946305394,17,8.0,-11248
45.17254919083225,5,4.0,0
45.17550902102574,15,1.0,-12332
45.17800459569082,6,1.0,9821
45.17842398168344,5,1.0,0
45.18070273082647,15,1.0,-12315
45.18109494696112,5,3.0,0
45.181368282743115,4,2.0,9829
45.18403105995228,17,1.0,-10720
45.18675669121092,5,13.0,0
45.192582794951456,13,1.0,-12404
45.19384970961506,15,5.0,-12333
45.19529226619517,15,2.0,-12328
45.19698101921521,6,4.0,9657
45.19919476139028,1,3.0,9830
45.20027176591508,5,2.0,0
45.20193326597927,3,2.0,9831
45.20818245301763,5,4.0,0
45.210999980945765,17,1.0,-11777
45.21117158848281,10,44.0,9743
45.21785796553774,1,7.0,9832
45.219345952692905,1,9.0,9833
45.22106003071061,1,4.0,9834
45.22341735582003,4,3.0,9835
45.22508890266661,5,2.0,0
45.2256679527732,11,7.0,9697
45.231133726133855,5,2.0,0
45.23120362447819,11,5.0,9570
45.23137150157012,7,2.0,9700
45.23137711447711,6,9.0,9833
45.23146002785673,1,1.0,9836
45.23233196688681,4,2.0,9837
45.23295875452974,5,2.0,0
45.23421659417459,11,18.0,9647
45.23497822348669,5,3.0,0
45.24145441604977,4,54.0,9838
45.24553101775049,3,30.0,9839
45.24610751427497,15,3.0,-12323
45.24786053941862,7,4.0,9432
45.24857569919302,15,1.0,-12306
45.24915868978475,11,11.0,9659
45.249469657772785,1,1.0,9840
45.250098224772685,11,3.0,9298
45.25212390553106,15,1.0,-12320
45.25224509136235,5,1.0,0
45.252304323759155,5,5.0,0
45.25242196462008,7,5.0,9525
45.25254942912915,3,6.0,9841
45.25411495517428,10,8.0,9601
45.25786848283587,9,5.0,9430
45.258654094035705,10,53.0,9625
45.25880630415151,6,26.0,9801
45.259670802506875,10,8.0,9754
45.26184693489168,5,1.0,0
45.26445638880125,2,2.0,9842
45.26560028915584,15,2.0,-12298
45.26592309715991,10,21.0,9811
45.26764984002621,6,3.0,9768
45.26808166727447,3,29.0,9843
45.27094644012117,7,2.0,9670
45.271154448010975,3,15.0,9844
45.27404545658009,4,15.0,9845
45.275613436713236,4,6.0,9846
45.27641656326047,9,6.0,9577
45.27653409325389,16,2.0,9517
45.27690391149439,6,1.0,9817
45.28279062709162,11,2.0,9618
45.28497842771501,15,5.0,-12299
45.28521833069992,9,7.0,9553
45.28545589138743,11,51.0,9334
45.28823237169339,5,4.0,0
45.28901230019766,17,1.0,-11026
45.2912301051242,10,12.0,9781
45.29153366147761,15,1.0,-12319
45.292005428270635,12,5.0,9594
45.292484480038766,5,3.0,0
45.29510177930485,10,30.0,9828
45.296711933401475,11,49.0,9491
45.30217564039598,11,5.0,9403
45.30393075604431,1,1.0,9847
45.30447613138999,4,10.0,9848
45.30566214517345,11,4.0,9555
45.31257707522059,12,3.0,9554
45.31309562807616,14,1.0,-12384
45.313937891373,4,2.0,9849
45.31462124182968,4,3.0,9850
45.31476870103141,7,6.0,9558
45.316365335879105,5,7.0,0
45.318949809361705,4,4.0,9851
45.3213108886089,1,2.0,9852
45.32155695115201,6,4.0,9759
45.321834365352444,6,5.0,9689
45.32192507692512,17,2.0,-10287
45.32201919761637,6,3.0,9658
45.32220750933043,15,4.0,-12303
45.325556570953744,6,4.0,9805
45.33420500260029,7,2.0,9630
45.33597916304048,14,2.0,-12376
45.33600983656674,15,3.0,-12336
45.336095923215716,7,3.0,9696
45.33617043063646,17,1.0,-10930
45.33877513420467,6,29.0,9790
45.338906347309795,5,1.0,0
45.33908910960374,6,2.0,9668
45.341446448113864,4,7.0,9853
45.34272054406928,11,2.0,9673
45.34393418085411,10,6.0,9846
45.34640808751196,9,15.0,9514
45.3485363066854,10,2.0,9624
45.34894179265904,4,24.0,9854
45.35064248051055,11,42.0,9761
45.3528659428908,17,32.0,-11819
45.35319730087025,15,5.0,-12313
45.35470147030424,11,6.0,9679
45.35735623324591,6,5.0,9798
45.35872782152204,11,15.0,9559
45.3601161874765,8,2.0,9608
45.36034058714413,10,4.0,9802
45.36111711574345,5,19.0,0
45.3611755220684,5,2.0,0
45.36465956980803,6,1.0,9509
45.36732134524405,15,1.0,-12307
45.371440456834335,11,1.0,9550
45.37253066516,9,3.0,9690
45.372814561095325,1,7.0,9855
45.37325933539135,1,1.0,9856
45.37676821508242,5,1.0,0
45.3810169274654,11,8.0,9704
45.38347943718951,11,49.0,9699
45.383517205937615,4,7.0,9857
45.384335011244026,17,1.0,-9019
45.38733308010147,17,1.0,-9622
45.388147166360646,3,54.0,9858
45.38905105973204,9,14.0,9654
45.38970111567377,4,4.0,9859
45.38994171185202,5,2.0,0
45.39290449637265,17,4.0,-12201
45.394291887479376,11,5.0,9653
45.3945349728085,6,1.0,9847
45.39619418725297,5,3.0,0
45.39703454019846,14,4.0,-12402
45.39708256958751,11,4.0,9730
45.397856345678626,17,2.0,-8604
45.39807859209465,17,1.0,-10337
45.39808365544744,5,2.0,0
45.398302405165495,1,4.0,9860
45.40116413742645,10,2.0,9837
45.401556390079065,17,1.0,-4302
45.40551066358602,4,6.0,9861
45.40777041433681,1,7.0,9862
45.4077724298071,5,2.0,0
45.41974195766239,4,17.0,9863
45.41995302163602,6,5.0,9750
45.420022822190404,10,4.0,9859
45.428998830169725,6,2.0,9780
45.43042398464435,17,5.0,-8636
45.43160505768234,13,1.0,-12393
45.43251136114291,13,1.0,-12401
45.43895145296721,3,55.0,9864
45.44194073780936,7,5.0,9676
45.44657664332913,6,3.0,9770
45.44846493850203,10,3.0,9586
45.44864885850628,17,1.0,-11708
45.450486270743895,1,6.0,9865
45.454034280773485,17,2.0,-10918
45.454390371117086,6,4.0,9698
45.456628214983176,17,4.0,-11588
45.45904635967954,1,3.0,9866
45.462480286061705,3,28.0,9867
45.46296003575103,17,2.0,-11770
45.46365189942453,9,5.0,9316
45.46505713400566,4,7.0,9868
45.467766229521864,10,33.0,9610
45.467835502331724,4,2.0,9869
45.4696923172681,5,8.0,0
45.47019931838293,10,2.0,9869
45.473535343852134,6,3.0,9738
45.47493413424789,5,1.0,0
45.47746611418097,6,29.0,9591
45.480385048126934,5,3.0,0
45.48156343452934,10,4.0,9810
45.48489230469202,17,10.0,-10880
45.4866498915176,16,4.0,8169
45.48809864677725,6,1.0,9840
45.488481338377795,11,12.0,9561
45.49174953929031,6,3.0,9866
45.49293399449446,16,15.0,1001
45.4947876949823,10,5.0,9794
45.49630095488749,17,1.0,-11383
45.49857315918028,6,2.0,9804
45.4986797044882,15,2.0,-12337
45.505591997333866,17,2.0,-7830
45.508299350468405,5,4.0,0
45.50972618316288,8,2.0,9422
45.51218511936287,5,1.0,0
45.51340738146575,4,4.0,9870
45.514114511767986,10,1.0,9645
45.514721588959084,1,2.0,9871
45.51516023622954,7,3.0,9760
45.51516023622954,16,3.0,9760
45.515618211959264,11,22.0,9735
45.51640241042243,1,1.0,9872
45.51845846496906,17,2.0,-11542
45.51983122752144,5,6.0,0
45.52301076065448,3,2.0,9873
45.52585261695054,17,2.0,-7238
45.52744741273276,4,3.0,9874
45.52972283560136,13,2.0,-12390
45.53284697631383,5,4.0,0
45.534203350202816,10,2.0,9785
45.53823740774071,9,2.0,9608
45.54162037054402,16,6.0,9457
45.54191751155433,1,23.0,9875
45.5434958790691,6,10.0,9694
45.54553860433073,7,7.0,9500
45.54750444349303,13,59.0,-12398
45.54761231235161,10,30.0,9839
45.548041325799055,17,4.0,-5152
45.55003369282072,5,3.0,0
45.550863497566155,9,3.0,9554
45.55205379583261,10,19.0,9772
45.55208177656413,6,3.0,9830
45.5537084714767,5,1.0,0
45.55821208161013,5,4.0,0
45.56043158177132,10,8.0,9723
45.56191313083752,5,3.0,0
45.56598536851981,1,4.0,9876
45.57233855162834,14,5.0,-12386
45.578368995214156,17,2.0,-10499
45.581117987276,11,1.0,9584
45.586228269713786,15,6.0,-12326
45.58841046837535,3,8.0,9877
45.59252954082797,10,10.0,9848
45.598079732165985,1,10.0,9878
45.60019765903401,15,1.0,-12312
45.60019765903401,17,1.0,-12312
45.60042263303628,15,1.0,-12317
45.60087908283395,1,4.0,9879
45.60278900207995,14,2.0,-12394
45.60367252473239,17,4.0,-3603
45.60382957028991,7,2.0,9528
45.60419128733609,15,4.0,-12311
45.60701472107554,5,10.0,0
45.609361393934904,113,17.0,-12389
45.61019900467395,5,1.0,0
45.6145361437348,4,11.0,9880
45.61498651467881,15,1.0,-12297
45.61585917950823,6,1.0,9680
45.618974037255846,7,4.0,9776
45.61903924329728,1,1.0,9881
45.62435902283871,15,2.0,-12331
45.625724633157,15,5.0,-12301
45.627935658861496,5,1.0,0
45.628977844688166,14,2.0,-12385
45.62914433688447,4,3.0,9882
45.63297374933376,5,3.0,0
45.63407962438824,4,1.0,9883
45.63588529858256,6,1.0,9881
45.63692709939877,113,60.0,-12379
45.63743954734741,5,5.0,0
45.637674768606864,1,41.0,9884
45.638562834449246,1,5.0,9885
45.63942694388007,1,2.0,9886
45.64139818917019,4,8.0,9887
45.64158563424802,7,4.0,9513
45.64702859601453,13,1.0,-12378
45.649020513877986,3,40.0,9888
45.65272258390796,17,3.0,-5983
45.65618267875181,7,1.0,9309
45.66007812113761,5,3.0,0
45.663244858064935,11,19.0,9677
45.66550958376439,9,2.0,9422
45.67061890790359,7,2.0,9722
45.67072174200638,1,4.0,9889
45.67319982286593,1,3.0,9890
45.673393701991564,7,3.0,9642
45.67381619935761,10,2.0,9873
45.67493073940264,10,6.0,9861
45.67613070601545,10,8.0,9887
45.67761293857598,5,4.0,0
45.67766382685197,15,2.0,-12293
45.67786254111576,6,1.0,9826
45.67800585003916,17,9.0,-11826
45.6792833747099,6,4.0,9707
45.681347160373114,5,3.0,0
45.684213825982525,1,2.0,9891
45.68715434920773,5,1.0,0
45.687375380049986,17,1.0,-11694
45.69001830037398,10,3.0,9835
45.69111218054071,17,1.0,-10248
45.69535385540564,9,4.0,9666
45.69542224427221,9,10.0,9672
45.69557214700856,113,17.0,-12403
45.70554735102944,17,3.0,-6525
45.711648736067126,6,4.0,9889
45.712952567082354,15,1.0,-12316
45.714395059440406,11,2.0,9569
45.71583740676578,17,1.0,-10659
45.71606203802697,10,3.0,9751
45.71819244243563,15,5.0,-12296
45.71867679889735,17,1.0,-9876
45.7196421291457,15,51.0,-12300
45.721352446784074,9,3.0,9451
45.723499102160915,1,5.0,9892
45.72500353677452,8,1.0,9597
45.72921778039249,10,1.0,9796
45.73078783300433,5,2.0,0
45.73203606668788,1,2.0,9893
45.732706760626755,10,11.0,9762
45.73441700409805,6,4.0,9879
45.738917810065125,5,1.0,0
45.74008692692341,10,25.0,9819
45.74082074316198,11,2.0,9474
45.74722977522815,6,5.0,9475
45.748029834367856,13,1.0,-12380
45.748717396805766,17,13.0,-8922
45.750247351152254,17,1.0,-10862
45.751818122106286,5,1.0,0
45.752271805074635,4,29.0,9894
45.75246167539099,10,17.0,9806
45.753197033917665,7,3.0,9619
45.756731437451315,15,3.0,-12305
45.7596179669337,4,1.0,9895
45.76023757410511,16,1.0,8947
45.765000431264774,5,3.0,0
45.765538645931315,4,1.0,9896
45.76618594745295,16,3.0,6208
45.76823050188055,5,22.0,0
45.76988352429374,10,4.0,9822
45.7706139480176,6,1.0,9836
45.77165285392601,13,2.0,-12383
45.77193407228457,4,27.0,9897
45.7724439629843,8,20.0,9814
45.77440407679981,10,8.0,9766
45.77797167189322,10,11.0,9880
45.77893811401843,15,8.0,-12310
45.779212565001444,1,3.0,9898
45.782021256501,5,1.0,0
45.783348979619504,17,1.0,-11260
45.78336474275379,15,1.0,-12314
45.78342314887922,11,1.0,9617
45.783745470142165,15,3.0,-12325
45.787352272756934,11,24.0,9652
45.79273980695413,13,1.0,-12381
45.7933111826881,5,4.0,0
45.79344193791887,16,2.0,4629
45.793702341307885,11,36.0,9757
45.79468777516327,5,10.0,0
45.794857063589475,17,1.0,-8848
45.796146866751805,9,57.0,9306
45.79750890884091,10,48.0,9793
45.79845089063021,1,1.0,9899
45.79860836754997,14,13.0,-12395
45.80026456217462,1,9.0,9900
45.8039919133468,6,23.0,9875
45.80399401612928,11,44.0,9413
45.80514616945549,17,3.0,-11007
45.80780113447548,15,14.0,-12294
45.81036733768836,11,8.0,9669
45.81051791949652,13,1.0,-12392
45.81182963676966,5,2.0,0
45.81303387556229,10,1.0,9895
45.81462991588016,13,2.0,-12375
45.816386592928325,9,5.0,9611
45.81719892221624,4,5.0,9901
45.82278274104942,17,3.0,-4184
45.82291302646134,17,2.0,-11988
45.823565093850746,10,14.0,9613
45.8255457672929,13,1.0,-12372
45.825885917338205,4,10.0,9902
45.82815111409128,11,22.0,9774
45.829059837814114,6,3.0,9890
45.83069982543014,16,3.0,9476
45.83078771510807,16,3.0,3407
45.83161253725514,16,54.0,55
45.83506649985969,3,4.0,9903
45.837731639115226,17,2.0,-9042
45.83947825848929,5,4.0,0
45.842114004315775,4,49.0,9904
45.84504582242641,8,4.0,9805
45.84610860318032,3,4.0,9905
45.84863351760504,11,4.0,9691
45.849484221240616,13,1.0,-12373
45.85273756757235,5,1.0,0
45.854753288611704,1,2.0,9906
45.857580371894095,4,18.0,9907
45.858234861347675,6,1.0,9797
45.865446884659825,10,2.0,9818
45.865582935537134,1,10.0,9908
45.8670092513628,17,2.0,-6040
45.871495342303895,15,1.0,-12302
45.87233315392245,4,9.0,9909
45.87238365443258,16,55.0,9215
45.87337231997834,7,7.0,9494
45.8745937053753,1,10.0,9910
45.87938336725635,5,6.0,0
45.87956811987488,17,13.0,-10590
45.87992041024997,17,21.0,-9556
45.880228116705965,5,6.0,0
45.881072713345205,13,3.0,-12382
45.88149768710713,4,17.0,9911
45.88162606787906,11,15.0,9734
45.881882316256075,4,6.0,9912
45.88246147438105,10,4.0,9905
45.884329202849344,1,3.0,9913
45.88518901363091,5,6.0,0
45.88784878068737,1,7.0,9914
45.889156225077926,11,3.0,9581
45.889388920596126,10,10.0,9795
45.89160324435601,11,52.0,9756
45.891942198317395,5,3.0,0
45.892927338924025,17,1.0,-9398
45.89338865933192,9,1.0,9597
45.89347964546843,10,3.0,9721
45.89437193565761,5,25.0,0
45.89452304188986,17,1.0,-8539
45.89460135617759,15,2.0,-12338
45.89608617818836,5,1.0,0
45.897409600039666,4,15.0,9915
45.89897259068054,10,1.0,9883
45.899548076520226,1,4.0,9916
45.90029632510086,5,3.0,0
45.903651871302756,17,4.0,-9636
45.907405277758876,7,3.0,9755
45.909478326462185,15,3.0,-12318
45.912205900006526,13,1.0,-12399
45.91287980068633,16,2.0,9237
45.91315767475115,1,6.0,9917
45.91514835457719,13,1.0,-12400
45.92169342373576,4,10.0,9918
45.92433697281869,17,8.0,-9390
45.92526090402745,5,1.0,0
45.928692697628094,5,2.0,0
45.92875920853906,17,1.0,-10866
45.93207808959975,1,3.0,9919
45.93675057854941,17,5.0,-11466
45.937978779566464,6,6.0,9823
45.93912344254933,15,3.0,-12335
45.9398021961859,5,3.0,0
45.940121850333334,5,1.0,0
45.94144998988547,10,49.0,9904
45.942107513006114,5,4.0,0
45.943129041599704,15,2.0,-12324
45.94641829165187,9,8.0,9620
45.946588255531076,9,2.0,9665
45.94851535171915,15,1.0,-12295
45.951044429367066,5,1.0,0
45.95106373668224,10,4.0,9851
45.95115158978791,5,7.0,0
45.95199930419256,5,4.0,0
45.95406732174,1,1.0,9920
45.95825741792651,1,4.0,9921
45.95943293022486,1,6.0,9922
45.96184571457016,17,1.0,-8152
45.96385760162486,10,51.0,9775
45.96392160050991,1,1.0,9923
45.966462368142125,16,2.0,7215
45.96942283570415,4,3.0,9924
45.97495867370153,4,14.0,9925
45.97714827764253,11,6.0,9683
45.97924757497846,1,3.0,9926
45.9867583081777,4,10.0,9927
45.98765202609144,16,2.0,9276
45.991705424886234,13,5.0,-12377
45.9927276134541,11,1.0,9633
45.99331603262672,9,5.0,9594
45.996712427099816,7,1.0,9530
45.99729685360628,14,16.0,-12396
45.99816042341136,6,2.0,9893
46.00042379018748,6,10.0,9910
46.00102795411375,7,2.0,9541
46.002851468013944,10,4.0,9870
46.002862072844636,7,6.0,9820
46.00360860956323,1,11.0,9928
46.007108986996755,17,2.0,-11376
46.01038534662054,6,5.0,9885
46.01236480256162,8,4.0,9362
46.01460679139793,13,3.0,-12430
46.01521078671649,6,12.0,9713
46.01791505660182,14,27.0,-12414
46.020775188313465,5,1.0,0
46.02488309573686,5,2.0,0
46.02601520717483,7,1.0,9817
46.026136573316435,5,1.0,0
46.02733657593944,14,4.0,-12415
46.027951791344385,3,17.0,9929
46.031942331462034,1,5.0,9930
46.03354047677905,10,19.0,9769
46.03534823925995,17,7.0,-11809
46.03553576869085,6,7.0,9832
46.035561158390145,5,1.0,0
46.037819332072715,16,3.0,6110
46.040417040430334,17,2.0,-11566
46.045059625340556,11,3.0,9501
46.046293225312056,10,1.0,9896
46.0474645170986,15,1.0,-12370
46.048388770287524,4,4.0,9931
46.04955107343198,6,3.0,9926
46.050814054171134,1,2.0,9932
46.05286975569819,1,6.0,9933
46.05530330178557,16,57.0,9547
46.05568912214699,7,8.0,9369
46.05709451960225,17,9.0,-11817
46.057911349339825,11,35.0,9440
46.060088189947166,13,12.0,-12434
46.06014539948708,4,11.0,9934
46.06652386770081,4,4.0,9935
46.06658292464477,17,2.0,-11179
46.06676606470421,17,1.0,-8663
46.06781818652361,6,10.0,9908
46.068672750528116,1,2.0,9936
46.0698673078062,4,11.0,9937
46.0715538130718,3,46.0,9938
46.07221286327229,4,2.0,9939
46.07563428321253,10,3.0,9850
46.077003417296574,11,54.0,9745
46.07758999819492,17,3.0,-11012
46.0798529224191,1,2.0,9940
46.082307386085205,3,6.0,9941
46.08291498149555,4,8.0,9942
46.08377749130546,10,58.0,9816
46.08426899788959,12,8.0,9754
46.08527139955882,15,2.0,-12353
46.087957685250686,11,7.0,9667
46.088132903570376,11,3.0,9635
46.08929205784733,17,6.0,-11479
46.08959264825416,5,4.0,0
46.08988809747617,6,1.0,9920
46.09508707494566,1,3.0,9943
46.09727125868339,7,3.0,9770
46.09835616352984,5,2.0,0
46.10116195173349,6,4.0,9824
46.10205646293217,5,3.0,0
46.102605968817244,6,1.0,9631
46.103491951860754,3,13.0,9944
46.10353068572114,1,5.0,9945
46.1043579960756,1,2.0,9946
46.10456389896562,5,3.0,0
46.114685510458195,10,15.0,9915
46.11550519841245,11,5.0,9712
46.118289531720485,1,1.0,9947
46.120600503817755,14,1.0,-12432
46.12133648801112,6,3.0,9792
46.121389156387515,15,1.0,-12358
46.12321328212741,6,5.0,9945
46.12416868893855,5,1.0,0
46.12631413646427,6,3.0,9943
46.126371063806715,17,2.0,-11316
46.12722682003205,17,4.0,-9163
46.13639636255058,4,17.0,9948
46.13705551725716,1,2.0,9949
46.13719452693479,11,8.0,9538
46.13807831960836,5,1.0,0
46.13982722287693,10,7.0,9857
46.14266512210165,16,4.0,9169
46.1438072986507,4,9.0,9950
46.146613264497674,11,21.0,9811
46.15108315129778,16,3.0,8013
46.15220182132561,5,9.0,0
46.155620266522185,10,2.0,9831
46.15586233285992,6,9.0,9900
46.158000169732404,6,6.0,9865
46.164651665376866,4,8.0,9951
46.1667196373083,17,10.0,-12070
46.16701672034318,12,7.0,9763
46.167823965313296,1,2.0,9952
46.170699733692636,1,1.0,9953
46.17097885804448,1,5.0,9954
46.17228295461602,7,2.0,9664
46.17480263450716,17,1.0,-11268
46.177512634748474,1,13.0,9955
46.1786522115789,5,2.0,0
46.181148036505476,15,5.0,-12339
46.18419815576734,16,55.0,9066
46.18443149084409,5,2.0,0
46.18555165617324,15,3.0,-12365
46.19070515161421,6,1.0,9923
46.19185439830588,11,15.0,9729
46.19538873078684,6,1.0,9808
46.19713370315308,7,2.0,9748
46.19787493243971,4,1.0,9956
46.200582639731536,15,1.0,-12346
46.20091678585285,17,4.0,-12174
46.20156519340157,11,36.0,9537
46.2030485969481,17,10.0,-11389
46.204047102760775,17,4.0,-12094
46.20458794986004,9,20.0,9814
46.20615070157632,10,18.0,9695
46.207589748568616,7,4.0,9505
46.20791065253754,10,6.0,9941
46.20899004993513,5,1.0,0
46.21239210935025,11,8.0,9601
46.21247214549473,15,2.0,-12364
46.21269699828672,17,1.0,-10655
46.21640984316672,6,10.0,9878
46.21804478000123,10,17.0,9948
46.21935898141735,16,1.0,9496
46.219718886414334,3,12.0,9957
46.21972368829823,3,10.0,9958
46.21983136491341,17,6.0,-9974
46.22190051567305,13,5.0,-12410
46.22822826836296,9,4.0,9362
46.23036103164428,3,56.0,9959
46.23058595519469,15,7.0,-12350
46.23058595519469,17,7.0,-12350
46.23193670463388,5,4.0,0
46.233828611087795,5,2.0,0
46.23466454760062,5,3.0,0
46.234814551444195,3,37.0,9960
46.23554268419697,5,1.0,0
46.23636547186738,10,9.0,9909
46.23639602867268,1,8.0,9961
46.236469291282084,8,1.0,9840
46.23657510321309,14,1.0,-12426
46.240309677788545,10,2.0,9849
46.241782811420315,12,11.0,9762
46.242884871842456,11,43.0,9701
46.243980163773124,1,12.0,9962
46.24691023652319,5,3.0,0
46.24875227161859,5,1.0,0
46.24928365670284,10,9.0,9685
46.25078595507447,5,4.0,0
46.25268782402311,11,11.0,9552
46.25384892000342,16,1.0,7189
46.25466756938547,17,1.0,-11522
46.25584024481098,15,2.0,-12369
46.25765058885019,7,4.0,9616
46.2578088863134,5,8.0,0
46.25936852244202,10,52.0,9599
46.261787799589676,6,2.0,9936
46.26557914439022,6,4.0,9807
46.26694656353743,1,3.0,9963
46.267021745564236,10,20.0,9783
46.26920428032628,5,2.0,0
46.27071006248949,4,24.0,9964
46.27123164225851,17,1.0,-7979
46.271537001731424,13,2.0,-12425
46.27191972861035,17,9.0,-9914
46.27276881287785,15,13.0,-12359
46.27367562262654,6,4.0,9708
46.27566782148796,1,11.0,9965
46.27601104861393,1,4.0,9966
46.27627658906282,11,33.0,9693
46.27738303166099,1,3.0,9967
46.2781778600653,10,54.0,9858
46.28112074426787,15,4.0,-12361
46.28120812973857,17,1.0,-8863
46.286101648340775,17,2.0,-10799
46.28997714973865,10,4.0,9737
46.28998046991812,14,7.0,-12405
46.29136284786056,8,5.0,9945
46.29140107881567,14,1.0,-12437
46.291605878180604,9,9.0,9623
46.29317840776284,15,4.0,-12342
46.295674018418275,17,1.0,-11654
46.29916721439288,5,8.0,0
46.30057379788677,6,41.0,9884
46.30082120984415,9,8.0,9754
46.30362087619929,16,34.0,2267
46.303768958608075,6,3.0,9753
46.307087251820676,5,8.0,0
46.30855862903331,7,2.0,9804
46.308954822080366,1,10.0,9968
46.30900649942079,5,3.0,0
46.30970645297921,5,4.0,0
46.31079573949302,10,18.0,9650
46.31148003302179,1,36.0,9969
46.31304432446628,6,3.0,9898
46.313209755049826,4,3.0,9970
46.32004903235704,10,11.0,9937
46.32274004578679,1,25.0,9971
46.32295975570292,6,5.0,9787
46.322997798396656,15,2.0,-12362
46.323554302873156,1,8.0,9972
46.326899760091706,10,15.0,9844
46.327218429088944,1,7.0,9973
46.328101427973145,13,1.0,-12421
46.3284705152016,11,2.0,9466
46.32873944269798,11,3.0,9739
46.32959054119942,6,1.0,9899
46.339431139330856,7,3.0,9746
46.339994562116196,13,4.0,-12424
46.34136374446993,10,11.0,9934
46.34407292691849,14,1.0,-12408
46.346435644726846,4,4.0,9974
46.35178798950773,5,2.0,0
46.352173064010884,11,57.0,9563
46.35275596252878,17,3.0,-9453
46.35534005109692,8,9.0,9833
46.355427854419275,3,5.0,9975
46.356739614950556,1,8.0,9976
46.35711036300086,7,3.0,9741
46.359722601633756,5,4.0,0
46.361306775988744,11,53.0,9603
46.36369726595489,1,3.0,9977
46.36585904374966,1,3.0,9978
46.36904188820913,17,4.0,-10078
46.36943025839252,10,10.0,9927
46.37739842414629,1,3.0,9979
46.379944140558166,7,2.0,9711
46.38051908201048,15,1.0,-12351
46.38051908201048,17,1.0,-12351
46.3817518662033,5,2.0,0
46.38621035885511,11,5.0,9803
46.38628927075796,11,2.0,9663
46.38632831033659,14,1.0,-12418
46.38741701004557,13,5.0,-12407
46.388088676475235,17,2.0,-9837
46.39118253361179,10,27.0,9897
46.39244333296963,10,12.0,9957
46.39339200219116,7,4.0,9698
46.398201313172066,13,1.0,-12411
46.40125024017541,17,2.0,-12151
46.40249783993939,11,6.0,9641
46.402719510738464,3,18.0,9980
46.40436819376992,5,5.0,0
46.40450363295559,16,46.0,9032
46.40707746478232,3,4.0,9981
46.407813668275814,6,3.0,9919
46.40950175793736,10,15.0,9845
46.410001216996136,17,2.0,-9931
46.411425807604296,7,3.0,9778
46.41192761528452,17,1.0,-10652
46.41312774525416,13,1.0,-12413
46.41458840745045,5,10.0,0
46.41777787189319,3,2.0,9982
46.418955859900514,1,3.0,9983
46.41900504064574,5,4.0,0
46.41994917313992,5,30.0,0
46.42181857302328,17,3.0,-8851
46.42326910967394,17,5.0,-11049
46.4256299464211,17,1.0,-10357
46.426911338936236,17,2.0,-7073
46.42697014829426,16,7.0,8960
46.427889289797264,11,11.0,9736
46.43129519942831,11,44.0,9743
46.432830612222006,10,4.0,9935
46.434930903123295,17,5.0,-11696
46.435932411522266,17,1.0,-12080
46.44404256372524,1,5.0,9984
46.446313664155035,13,3.0,-12422
46.44764331129004,6,4.0,9921
46.447645411155484,17,12.0,-10660
46.44976308707721,6,4.0,9860
46.450679905934045,5,19.0,0
46.45247426840217,7,1.0,9821
46.454671007197696,6,1.0,9947
46.45474906583293,5,3.0,0
46.45486731282935,11,42.0,9437
46.45603529206017,7,10.0,9758
46.45697348706362,16,6.0,9273
46.459192911489154,15,7.0,-12363
46.4610893819716,10,5.0,9749
46.46132683106113,17,2.0,-7646
46.4618092584397,7,9.0,9634
46.46445138722666,4,3.0,9985
46.46478471456659,11,3.0,9651
46.46731101245535,1,2.0,9986
46.46977765371077,10,24.0,9854
46.47273374128797,14,2.0,-12433
46.47289364935169,16,1.0,9065
46.476716612866156,16,4.0,7647
46.47763535170645,10,4.0,9607
46.47797730991336,5,2.0,0
46.47842163262794,5,3.0,0
46.47845799358892,10,29.0,9843
46.48193062411941,1,2.0,9987
46.48248780614816,3,60.0,9988
46.482645623341796,11,4.0,9810
46.484331788674986,10,8.0,9877
46.48599298328769,5,2.0,0
46.48662364747808,11,1.0,9883
46.48952437019344,5,11.0,0
46.49139553976461,17,8.0,-10217
46.49211208706814,5,1.0,0
46.4928415466749,17,2.0,-11816
46.494025093787755,10,8.0,9951
46.495538385689244,1,21.0,9989
46.49851215005217,1,1.0,9990
46.49889194667378,1,11.0,9991
46.50031733326523,11,2.0,9740
46.501595745407606,7,6.0,9656
46.50301590265949,5,4.0,0
46.50351325813742,11,54.0,9660
46.504004888322136,3,33.0,9992
46.50533202969153,17,1.0,-10143
46.50558140278247,13,16.0,-12412
46.509187471546504,10,2.0,9939
46.51094605502828,17,3.0,-11282
46.51112682784136,7,2.0,9579
46.51182625801285,9,7.0,9763
46.51224743054316,15,1.0,-12340
46.51234659051975,10,18.0,9907
46.516359587325994,5,18.0,0
46.51830053721789,7,29.0,9790
46.519936922618584,10,54.0,9838
46.52062514135239,10,1.0,9956
46.521146400809585,5,9.0,0
46.52127703627441,4,4.0,9993
46.52304421870918,17,2.0,-9352
46.5239588745653,15,5.0,-12355
46.52560571172476,11,6.0,9590
46.527533096236866,10,16.0,9719
46.52862313401706,1,3.0,9994
46.5304731448534,11,6.0,9684
46.530790578989084,3,9.0,9995
46.53195144663525,1,5.0,9996
46.532681383282494,15,3.0,-12366
46.53358005173978,8,6.0,9364
46.534728426933825,4,11.0,9997
46.53480265973259,1,3.0,9998
46.53682769565317,12,55.0,9578
46.53946417531759,1,1.0,9999
46.54144114022694,1,2.0,10000
46.54332806534956,5,6.0,0
46.54355981183468,13,1.0,-12409
46.54573952519472,17,3.0,-10596
46.54880854900383,1,2.0,10001
46.552461643860035,7,4.0,9675
46.55525432509782,17,2.0,-10203
46.558431590483,10,16.0,9788
46.561994639698376,9,1.0,9688
46.56216506620067,1,1.0,10002
46.56427739750943,17,1.0,-10206
46.566127926818695,5,2.0,0
46.56807472921835,6,8.0,9961
46.57007066327429,5,5.0,0
46.571497010914285,15,7.0,-12352
46.571810677756,10,4.0,9974
46.57223837741228,4,2.0,10003
46.5739908875757,17,5.0,-11572
46.57427343336491,3,47.0,10004
46.57834738030262,15,5.0,-12367
46.5872574878854,15,1.0,-12343
46.5872574878854,17,1.0,-12343
46.590187610371956,6,5.0,9892
46.59089255230606,17,8.0,-10136
46.59135635766173,17,6.0,-10873
46.59138460237869,12,19.0,9772
46.59243906691185,7,21.0,9681
46.594554516556826,11,2.0,9572
46.5972890610606,5,2.0,0
46.599277796175514,16,6.0,8913
46.60057466967282,15,1.0,-12356
46.602865642984625,6,5.0,9984
46.60378578258612,17,2.0,-10639
46.60599647458248,12,2.0,9869
46.610091737522666,7,6.0,9823
46.61034127706537,5,1.0,0
46.613023694117864,16,4.0,9113
46.614352172744894,15,1.0,-12349
46.61440882770976,11,9.0,9639
46.61663908633517,4,3.0,10005
46.61947646303645,3,2.0,10006
46.61986058491964,1,5.0,10007
46.62130980714188,4,2.0,10008
46.621845913425744,6,6.0,9922
46.62582112010991,7,1.0,9445
46.626842530034686,15,1.0,-12354
46.62789403529567,3,10.0,10009
46.62972175423889,5,4.0,0
46.631062079409226,6,1.0,10002
46.63150167011663,6,5.0,9954
46.63155379543682,6,4.0,9876
46.63282256530581,5,3.0,0
46.634537110852236,7,1.0,9574
46.634537110852236,16,1.0,9574
46.634831783271494,17,1.0,-11011
46.635181729037825,17,4.0,-2055
46.636075275589484,16,16.0,6145
46.63714646291408,1,3.0,10010
46.638383075675456,3,6.0,10011
46.639711531165354,17,1.0,-8898
46.64520287965931,11,3.0,9484
46.65291015839841,4,10.0,10012
46.65733697394882,10,7.0,9767
46.65743908759203,16,5.0,8315
46.65951883797975,16,4.0,4561
46.65966152379637,17,1.0,-10392
46.66135482153504,15,2.0,-12371
46.66275619696567,12,30.0,9828
46.66292046539495,10,3.0,9924
46.665598043207005,1,4.0,10013
46.66649666020837,7,3.0,9487
46.66753785526131,12,6.0,9773
46.66802384180001,16,10.0,6754
46.672368437542175,10,3.0,9800
46.6763292497234,13,3.0,-12431
46.67640473006528,11,1.0,9612
46.682595047856864,5,2.0,0
46.684065800575404,10,10.0,10009
46.68547386530494,17,2.0,-5841
46.685631292095245,4,36.0,10014
46.68833196608158,3,20.0,10015
46.68840399997354,4,1.0,10016
46.6899089002055,1,2.0,10017
46.69085703775777,5,12.0,0
46.690988196764714,17,2.0,-12063
46.691079401713814,11,1.0,9531
46.698264251579545,3,55.0,10018
46.70045211816516,6,4.0,9815
46.70092498607682,4,11.0,10019
46.70191675948493,17,3.0,-10437
46.703179998299326,1,2.0,10020
46.70406044456892,4,6.0,10021
46.70418125331308,5,5.0,0
46.70481201837848,9,2.0,9869
46.70592316549566,17,2.0,-8364
46.70614936629418,10,28.0,9867
46.70661424541192,5,2.0,0
46.70725455647366,7,3.0,9768
46.708065780983716,17,6.0,-12194
46.71054648950969,1,12.0,10022
46.71168846440848,5,3.0,0
46.713227942506805,17,1.0,-9859
46.71528918738431,1,2.0,10023
46.71706883070314,1,6.0,10024
46.717790354924205,3,47.0,10025
46.721109319030916,17,2.0,-10529
46.721421448195876,10,5.0,9901
46.72313604402943,5,2.0,0
46.725545415374015,1,2.0,10026
46.726791343091556,5,3.0,0
46.72935522547105,10,47.0,10004
46.72957619884049,6,2.0,9987
46.73033729903784,7,5.0,9750
46.7315780477802,10,37.0,9960
46.73471807148222,11,1.0,9582
46.73591804566749,10,9.0,9950
46.736797190082115,6,5.0,9996
46.73852104151439,4,21.0,10027
46.74049441977516,15,2.0,-12341
46.74357619365666,3,13.0,10028
46.74674205281299,3,18.0,10029
46.74786347750303,5,1.0,0
46.74942252205288,15,7.0,-12368
46.7526784334404,6,25.0,9971
46.75416194336692,17,2.0,-11650
46.75428368621786,4,24.0,10030
46.75489934233917,6,8.0,9972
46.75652931247188,15,7.0,-12347
46.75661956127349,10,24.0,10030
46.76074390537995,5,7.0,0
46.7616798166875,7,7.0,9832
46.764726298333485,17,4.0,-10093
46.76570501614565,4,1.0,10031
46.76790627947287,6,10.0,9968
46.770217615886736,11,7.0,9765
46.77032056959796,16,4.0,7192
46.772393548802114,5,2.0,0
46.77290443686772,4,38.0,10032
46.77367574891557,1,5.0,10033
46.774064513437736,11,4.0,9747
46.774586517234404,3,10.0,10034
46.77478924213974,14,2.0,-12428
46.77503305330412,6,1.0,9990
46.77985310903088,4,1.0,10035
46.77996942936191,10,57.0,9782
46.780506521924224,10,18.0,9980
46.7806117073048,4,3.0,10036
46.78220526510015,4,5.0,10037
46.782492705333404,14,1.0,-12423
46.783551049006704,1,2.0,10038
46.784511578355186,5,3.0,0
46.78477674816165,3,38.0,10039
46.78701352031167,1,3.0,10040
46.79194716316255,1,3.0,10041
46.79227236641967,4,4.0,10042
46.79452024953768,4,1.0,10043
46.79830698203671,17,1.0,-11422
46.80241058099149,6,2.0,9940
46.806890098363084,1,6.0,10044
46.807770801028745,10,2.0,10003
46.80938699738595,10,10.0,10034
46.81252685815826,10,55.0,9864
46.8132582557729,4,2.0,10045
46.813340427312504,3,24.0,10046
46.81350600664377,9,5.0,9731
46.81547598753732,4,5.0,10047
46.81563237642533,6,4.0,9916
46.81953831889706,10,11.0,9477
46.81956190264223,7,4.0,9707
46.82015293156649,10,38.0,10039
46.82324900725514,11,36.0,9771
46.82340414950254,7,5.0,9589
46.82645308124365,6,3.0,9963
46.82673822069435,10,14.0,9925
46.82676506357627,12,28.0,9867
46.83052713092755,10,4.0,9993
46.83556833987818,4,28.0,10048
46.838511117558966,17,5.0,-9037
46.84136895916015,17,9.0,-10347
46.841961430779754,5,1.0,0
46.842061651918044,8,1.0,9923
46.84330937767736,5,1.0,0
46.843318465956806,11,18.0,9695
46.8453708232297,10,6.0,10011
46.84653153826392,13,7.0,-12435
46.8469765578968,13,4.0,-12416
46.84831903419928,4,4.0,10049
46.8494635643233,1,4.0,10050
46.850678971203806,5,1.0,0
46.85153629786319,3,27.0,10051
46.85252126243247,9,6.0,9628
46.8531885991686,6,3.0,9983
46.859587452129325,17,4.0,-7580
46.85982987289435,14,14.0,-12406
46.8610630296554,1,3.0,10052
46.86231528409812,3,51.0,10053
46.8674098696352,11,19.0,9726
46.86772423660461,3,11.0,10054
46.871585035347195,15,5.0,-12345
46.87261914759207,1,1.0,10055
46.873055868967896,7,4.0,9759
46.88384278831957,6,2.0,9952
46.88573141512866,6,36.0,9969
46.88577805537363,14,8.0,-12427
46.888436213344434,10,3.0,10005
46.89206516733257,11,6.0,9725
46.893242725726154,5,1.0,0
46.89499004444476,10,40.0,9888
46.89503158913068,10,4.0,9931
46.89623998782191,7,2.0,9780
46.89679743352207,12,54.0,9858
46.89689711198863,1,3.0,10056
46.898711754542795,10,21.0,10027
46.9003698976324,10,7.0,9868
46.900732902434676,5,2.0,0
46.90259018182846,10,1.0,10031
46.90263775203358,3,15.0,10057
46.90702719228928,7,4.0,9710
46.90908482082799,13,2.0,-12420
46.91032390490426,1,3.0,10058
46.91272973379359,6,1.0,10055
46.91310386191043,1,4.0,10059
46.91463056845996,3,46.0,10060
46.9150890360114,11,18.0,9650
46.91605883030106,1,5.0,10061
46.91996592882314,4,46.0,10062
46.92218962186764,5,8.0,0
46.92230535248801,6,6.0,9933
46.92431047504041,16,8.0,9402
46.926842708698295,6,4.0,10059
46.928398652330706,7,4.0,9824
46.92869754600205,10,2.0,9829
46.92982786678818,17,2.0,-10573
46.930260115649446,10,3.0,10036
46.93187068448476,17,5.0,-9492
46.9328231249948,6,4.0,9834
46.93347934949766,14,3.0,-12429
46.933824157891166,11,17.0,9806
46.93452253422261,11,54.0,9705
46.93503530373592,15,7.0,-12344
46.93533269813758,1,4.0,10063
46.93614707795767,5,2.0,0
46.9366821310693,6,3.0,10040
46.93757005591773,5,1.0,0
46.93960494593491,15,1.0,-12348
46.93960494593491,17,1.0,-12348
46.94155425777864,1,4.0,10064
46.94405328959409,4,2.0,10065
46.947734840049804,6,16.0,9431
46.95063750289691,17,18.0,-10022
46.95213554960979,1,1.0,10066
46.95581259498509,17,11.0,-11481
46.957142782703784,11,14.0,9613
46.95802030912356,17,3.0,-12091
46.962594690572764,14,4.0,-12417
46.962856146956334,10,9.0,9995
46.96299803389369,7,2.0,9548
46.96300765975035,4,1.0,10067
46.96360497023824,12,17.0,9458
46.963811295810785,16,5.0,9121
46.96505006452426,16,6.0,9196
46.965308163449286,1,3.0,10068
46.96711446486318,1,2.0,10069
46.97083653473088,5,1.0,0
46.974350861314974,5,1.0,0
46.97665672287092,12,1.0,10031
46.9796420646441,1,5.0,10070
46.98013721741639,1,8.0,10071
46.98320789484421,17,2.0,-10674
46.98394663991705,13,2.0,-12419
46.98482055374299,17,7.0,-9377
46.986327295272524,1,2.0,10072
46.9873480252572,15,1.0,-12360
46.99036213045918,7,3.0,9674
46.99166541881496,17,1.0,-11064
46.99174161118404,17,1.0,-10318
46.99198609346571,13,6.0,-12436
46.992604145531566,17,4.0,-11911
46.99273715092473,1,3.0,10073
46.99491568189564,11,52.0,9599
46.99552156051553,10,2.0,9982
46.99770622491663,17,1.0,-7124
46.99787781723214,8,4.0,9834
47.00208316940227,1,6.0,10074
47.00402454871403,10,4.0,9825
47.00485420441937,17,4.0,-11309
47.006587397448556,5,1.0,0
47.0074621028384,11,40.0,9533
47.00974588191579,1,11.0,10075
47.009800434010614,5,3.0,0
47.012319241153826,14,3.0,-12468
47.017662022187345,6,7.0,9855
47.01998546302919,7,2.0,9893
47.020865645197475,15,4.0,-12402
47.02362451233327,13,1.0,-12469
47.02760629464822,17,2.0,-10038
47.028599066295314,12,2.0,9873
47.0288093854689,6,3.0,9998
47.03143308942786,3,11.0,10076
47.03335102287864,4,3.0,10077
47.03454567209022,16,1.0,9425
47.03564579382283,1,3.0,10078
47.03897955996952,7,9.0,9900
47.04568964119285,7,5.0,9689
47.046606757183895,6,2.0,9842
47.04722443935806,17,3.0,-8730
47.04751982089982,1,2.0,10079
47.05022270416414,13,2.0,-12443
47.05128884250963,4,9.0,10080
47.05536323252025,5,1.0,0
47.056037562882565,5,4.0,0
47.05732798779797,6,2.0,10023
47.05820797519931,5,2.0,0
47.05829250819896,5,2.0,0
47.05930453970906,10,17.0,9911
47.06151810568428,4,10.0,10081
47.06181997963332,13,5.0,-12461
47.06260407102048,17,7.0,-9234
47.06413105709986,13,1.0,-12439
47.065080451618265,10,15.0,10057
47.0739323409228,10,11.0,10019
47.07416367319657,13,2.0,-12440
47.07470718496525,12,2.0,9837
47.078408168961836,11,3.0,9586
47.08104014707038,6,1.0,10066
47.08152998046007,12,3.0,9835
47.082453925042024,12,12.0,9781
47.08318543553542,1,2.0,10082
47.08356343185172,10,3.0,9812
47.084119236385924,6,2.0,9606
47.085988493466594,6,7.0,9914
47.09370506604295,17,2.0,-10953
47.096559334949674,4,4.0,10083
47.097554434425746,3,14.0,10084
47.098014042066026,17,4.0,-12113
47.10233709065945,5,4.0,0
47.10395277008709,7,10.0,9791
47.10431784747544,6,2.0,10020
47.104903914010336,1,1.0,10085
47.1050926494475,7,1.0,9881
47.10534759225807,6,11.0,9991
47.10854620284366,3,17.0,10086
47.108746588163015,12,21.0,10027
47.110695508814025,4,6.0,10087
47.11192037531356,15,1.0,-12401
47.11449927291734,4,5.0,10088
47.11615332907685,4,8.0,10089
47.1164611880843,8,4.0,9644
47.11802347037931,11,11.0,9880
47.120454728720325,5,3.0,0
47.12109758385311,1,8.0,10090
47.12284352067364,3,23.0,10091
47.12399233261407,5,1.0,0
47.124651514143714,5,3.0,0
47.12531852333089,11,4.0,9870
47.12559164622389,11,3.0,9850
47.12735129390981,4,4.0,10092
47.13041821177723,17,1.0,-12327
47.13063980970389,6,2.0,10072
47.130755379831875,17,1.0,-11355
47.13211992436689,17,1.0,-5527
47.1322389971277,6,3.0,9967
47.13567229889986,7,5.0,9885
47.13663370610666,14,6.0,-12470
47.13766023528981,5,2.0,0
47.13827622256508,13,2.0,-12446
47.13917442955117,4,8.0,10093
47.140705475089426,9,5.0,9945
47.14312508521147,6,13.0,9955
47.14487661184212,1,3.0,10094
47.14619357755402,6,2.0,9485
47.14689486539244,10,10.0,9902
47.147581791967205,5,7.0,0
47.15066302573222,5,1.0,0
47.152499963734996,17,3.0,-11959
47.15440841525551,10,3.0,9882
47.15491594023666,4,8.0,10095
47.15633819032179,17,1.0,-11241
47.156497953658274,3,18.0,10096
47.15753593614518,11,4.0,9859
47.15840358577981,5,31.0,0
47.16124291321877,4,2.0,10097
47.164528625213535,6,12.0,10022
47.16805340169275,7,5.0,9798
47.172351687717246,1,7.0,10098
47.173309230283714,10,60.0,9988
47.17501827629218,15,2.0,-12385
47.17716398167949,17,1.0,-11043
47.182193015974995,10,17.0,9863
47.183125331700865,17,1.0,-10803
47.18420474941705,17,2.0,-11162
47.18560232505096,10,8.0,10093
47.18612150128355,9,19.0,9772
47.186651966942506,10,55.0,10018
47.18944985904269,15,1.0,-12393
47.18953775678433,7,1.0,9826
47.18998400064808,17,2.0,-10433
47.19130731972226,1,4.0,10099
47.192105609937215,11,50.0,9714
47.19312416526125,17,2.0,-11285
47.1951451045029,4,2.0,10100
47.19625380312007,15,5.0,-12388
47.19689323752979,5,2.0,0
47.19917624283271,1,31.0,10101
47.20136293980913,1,7.0,10102
47.20344124527449,1,10.0,10103
47.20703346486006,6,10.0,10103
47.207798525384554,1,2.0,10104
47.2084430992949,17,3.0,-10752
47.20868338374647,1,1.0,10105
47.212238224107786,3,57.0,10106
47.212755261806805,5,3.0,0
47.2144531548006,16,13.0,2081
47.21601087518938,15,1.0,-12404
47.2161495334434,3,12.0,10107
47.218027823048764,113,44.0,-12447
47.21913344618498,7,2.0,9632
47.2192065620275,14,1.0,-12441
47.21935863616096,11,4.0,9822
47.22219230508351,7,4.0,9860
47.22311894968221,1,4.0,10108
47.22626169082527,7,5.0,9475
47.22791388753387,11,2.0,9624
47.228333032049164,7,1.0,9836
47.22841209873704,1,9.0,10109
47.23253335691856,1,6.0,10110
47.2344447898804,1,10.0,10111
47.2350159195658,5,6.0,0
47.23925170463043,11,52.0,9717
47.240603987094616,7,10.0,9878
47.242701407442624,11,13.0,9703
47.24346344429183,1,6.0,10112
47.24709814756997,5,3.0,0
47.249308935745844,16,1.0,6094
47.249556232233516,1,2.0,10113
47.25634603493677,7,1.0,9529
47.262315636665534,16,10.0,9144
47.26742380336766,15,59.0,-12398
47.27536720394402,6,1.0,9953
47.27609194005481,5,11.0,0
47.28016842460925,4,4.0,10114
47.28157589057304,3,59.0,10115
47.283543569986264,7,3.0,9792
47.28442558219036,4,2.0,10116
47.285475300249615,15,13.0,-12395
47.28763725223603,11,50.0,9732
47.288541134962166,10,1.0,10016
47.288738499166335,10,17.0,9929
47.290428112797784,1,3.0,10117
47.29061857922278,15,1.0,-12378
47.29491630687998,10,3.0,9727
47.303410042256594,5,1.0,0
47.30476133672869,10,8.0,9809
47.307181990463874,10,18.0,10096
47.31339222961057,17,2.0,-4758
47.31415442106746,13,3.0,-12464
47.314161399404156,7,3.0,9866
47.31416950526006,5,1.0,0
47.31463537914105,6,1.0,9856
47.315545721409734,4,52.0,10118
47.31587548982691,5,5.0,0
47.31646979872788,5,4.0,0
47.31707583050079,15,1.0,-12384
47.318748319688204,5,1.0,0
47.32224955886024,6,2.0,10038
47.32333572115556,1,1.0,10119
47.335690107311514,1,7.0,10120
47.33926257403628,17,8.0,-7276
47.340021534621265,15,7.0,-12397
47.34130454571743,10,9.0,10080
47.343170557358214,15,16.0,-12396
47.3451389031499,6,1.0,9999
47.347799769798954,3,16.0,10121
47.348029745048436,17,2.0,-11900
47.34864962153742,16,5.0,7017
47.353893278986305,17,1.0,-9965
47.35487397741189,17,4.0,-11278
47.35599278493374,13,3.0,-12458
47.35792604198998,11,7.0,9857
47.36159012362849,17,1.0,-9839
47.36374148392783,17,2.0,-11712
47.364293346881034,3,7.0,10122
47.36685111564403,10,36.0,10014
47.36721317397564,17,3.0,-12100
47.368278334299355,11,5.0,9794
47.37110034930861,6,8.0,9976
47.37154269160142,7,6.0,9637
47.374471966503776,6,2.0,10017
47.37515655811989,7,4.0,9815
47.37536578585005,11,5.0,9622
47.3758843874445,6,1.0,10119
47.37739728075942,5,3.0,0
47.37888656035266,5,2.0,0
47.38037520347235,12,18.0,9980
47.38112302530957,6,2.0,9932
47.381124294219255,8,4.0,9879
47.382750698803974,6,2.0,9891
47.387806606359355,6,4.0,10050
47.38798818529703,7,3.0,9658
47.38819405659843,17,2.0,-11692
47.39297176896413,13,2.0,-12465
47.39316909642593,3,9.0,10123
47.394082099309735,3,35.0,10124
47.39429578450407,11,5.0,9901
47.39485561668728,6,2.0,10113
47.395081724823285,7,23.0,9875
47.39550773429867,1,9.0,10125
47.40294294646677,5,9.0,0
47.4032912758263,8,3.0,9926
47.40537623222984,1,4.0,10126
47.409956022160685,6,2.0,10104
47.4109589899279,17,6.0,-8908
47.4120986451984,5,3.0,0
47.413588594579466,5,5.0,0
47.41390208820177,1,3.0,10127
47.41500413640576,11,54.0,9838
47.4193041565537,14,8.0,-12453
47.421204740321535,4,22.0,10128
47.42129071689869,5,6.0,0
47.42318467940351,15,1.0,-12392
47.423904735465335,7,2.0,9668
47.424839733752336,4,4.0,10129
47.43141288908525,7,2.0,9936
47.43141288908525,16,2.0,9936
47.43432559666948,12,4.0,9802
47.43447541397807,11,9.0,9995
47.4358584143014,10,2.0,10065
47.43665410713951,17,1.0,-8642
47.43737724719282,5,21.0,0
47.44196816780038,10,5.0,10088
47.44239650009814,8,2.0,10113
47.4435065110102,6,2.0,10001
47.44561635789652,10,2.0,10006
47.44632009599479,6,2.0,9852
47.4479604125738,3,2.0,10130
47.44799254050184,5,3.0,0
47.448375574892694,10,18.0,10029
47.44981251309135,3,57.0,10131
47.45168975492621,15,1.0,-12373
47.45221177577715,5,8.0,0
47.455713577712764,17,1.0,-9798
47.45796946946328,17,1.0,-10077
47.459280398866376,4,7.0,10132
47.460634855357384,17,6.0,-11249
47.462560211231825,4,9.0,10133
47.463553148710176,11,53.0,9702
47.46363140430505,6,3.0,10078
47.46382419449451,10,7.0,9853
47.46886398764004,9,12.0,9781
47.46907910717375,12,3.0,9640
47.46981262927417,13,5.0,-12442
47.46981625643363,7,1.0,9509
47.47024299830866,17,1.0,-8587
47.47192795365439,15,2.0,-12383
47.478874302545286,1,1.0,10134
47.48071346380327,1,1.0,10135
47.48092259656382,5,10.0,0
47.48325086624573,6,5.0,10070
47.484852397650116,11,11.0,9934
47.485040091921114,14,5.0,-12449
47.49023270022303,10,4.0,10049
47.49285403216107,10,1.0,10067
47.493449139903646,13,1.0,-12452
47.495411649296344,12,3.0,9721
47.497692980736645,17,2.0,-9128
47.50195756327157,1,9.0,10136
47.50206329305345,6,2.0,9871
47.5024432104808,4,2.0,10137
47.50307455675337,14,2.0,-12459
47.50403120928957,13,1.0,-12467
47.505808436684546,1,7.0,10138
47.506282428059926,4,3.0,10139
47.508274434586085,3,4.0,10140
47.509075971125654,1,2.0,10141
47.510765819833125,11,2.0,9831
47.512324855251194,17,5.0,-9542
47.51485614070798,11,10.0,9795
47.515385990590765,6,3.0,9977
47.52666155799245,4,7.0,10142
47.52707850420451,17,2.0,-10265
47.53275484584072,4,10.0,10143
47.53373002843363,5,1.0,0
47.53465290550629,17,1.0,-9791
47.536421682197876,9,1.0,9923
47.53670160130845,10,6.0,10087
47.53728933549067,5,2.0,0
47.541606785076425,9,6.0,9364
47.54187388929078,6,3.0,10068
47.54563314705392,17,1.0,-8263
47.546850129032386,11,4.0,9851
47.5472465211796,11,51.0,9775
47.55020136925097,15,2.0,-12375
47.552761727533266,6,7.0,10120
47.556664163358064,1,2.0,10144
47.55701798076704,11,53.0,9625
47.557913719892994,10,3.0,9970
47.5589360639222,3,51.0,10145
47.55895195300858,17,2.0,-7192
47.56008148655575,4,6.0,10146
47.560490621597374,4,8.0,10147
47.561157740304516,11,15.0,9844
47.56233163767086,10,3.0,10139
47.5631681126578,6,6.0,10112
47.56350930436041,5,2.0,0
47.56682954902153,17,16.0,-11985
47.56705225796371,10,16.0,10121
47.5671647324454,7,1.0,9560
47.57554626310958,10,7.0,10132
47.57930250308474,11,43.0,9813
47.579694330118166,7,4.0,9876
47.57976100099719,15,1.0,-12374
47.58052439996043,5,3.0,0
47.5824257307432,16,4.0,9305
47.58687666462438,15,36.0,-12387
47.5871645154883,6,1.0,10135
47.58733526413097,17,4.0,-10507
47.59029076918307,1,1.0,10148
47.59055191003242,10,5.0,10037
47.593092397954756,11,27.0,9897
47.59391309573638,15,2.0,-12394
47.594217348731206,10,7.0,10122
47.5960869413403,10,46.0,9733
47.59653908123668,17,3.0,-11201
47.597570866864686,11,2.0,9818
47.598074657540025,17,5.0,-9028
47.59818514065003,15,2.0,-12390
47.59822919482453,14,7.0,-12444
47.599099838557365,17,4.0,-10595
47.60492022681292,13,2.0,-12445
47.605217352957446,3,46.0,10149
47.605813927613966,5,4.0,0
47.60650379605871,3,34.0,10150
47.606659970928156,7,4.0,9718
47.60745481741889,3,11.0,10151
47.60745792479381,6,1.0,10085
47.6075377244867,15,7.0,-12391
47.607941164444284,3,4.0,10152
47.608663761768774,11,4.0,9905
47.61162425901986,5,1.0,0
47.61397306820083,13,1.0,-12456
47.61533645874737,7,2.0,9940
47.616266488983165,4,5.0,10153
47.61646297056161,6,11.0,9965
47.61913840784378,10,2.0,10045
47.61955367744557,7,3.0,9646
47.62107324688546,4,16.0,10154
47.62253631216183,10,3.0,10077
47.62318779830664,5,4.0,0
47.624253510326135,11,2.0,9706
47.62552098794965,12,5.0,10088
47.62891746750581,17,2.0,-7749
47.62919246022362,1,1.0,10155
47.629763324780015,15,1.0,-12400
47.63659978614895,6,2.0,9946
47.638672334764074,4,11.0,10156
47.64089857476752,3,10.0,10157
47.6430921234272,7,1.0,9752
47.643803397028165,11,24.0,9779
47.64464138473502,10,10.0,10012
47.64614132376022,10,6.0,9841
47.64763384958736,113,17.0,-12463
47.64796592055881,11,33.0,9610
47.65672704484512,14,2.0,-12462
47.65901146368334,13,1.0,-12455
47.66030705432023,5,4.0,0
47.660355749044896,10,10.0,10157
47.660805728806764,17,1.0,-10817
47.66584617388599,1,4.0,10158
47.66594942879299,6,6.0,10110
47.66629155017655,11,8.0,9723
47.66719279363555,15,3.0,-12382
47.669049443623756,1,3.0,10159
47.67063496246854,12,4.0,9935
47.67720502868651,1,8.0,10160
47.67776540046028,1,4.0,10161
47.68204904300561,6,11.0,9928
47.68343906445202,9,3.0,9835
47.684154749588906,9,1.0,9840
47.69930867652302,113,40.0,-12460
47.70012713610543,17,1.0,-9487
47.70438308194879,17,4.0,-10712
47.708692021199035,11,47.0,10004
47.71728635962727,6,6.0,10074
47.725052633768065,8,5.0,9787
47.72581446888827,14,1.0,-12450
47.72869096611997,10,51.0,10053
47.72976069546965,10,5.0,9975
47.73067136366312,10,6.0,9912
47.73183091215372,17,14.0,-12042
47.732373840764176,10,39.0,9678
47.73521803550031,10,2.0,10130
47.739256725582976,1,2.0,10162
47.73959701734844,4,13.0,10163
47.740313897554906,13,4.0,-12451
47.74089203173553,10,4.0,10152
47.74935626944042,12,8.0,9887
47.75212855181051,10,16.0,10154
47.75308716555427,9,11.0,9762
47.75750755622538,5,5.0,0
47.75763116842193,10,8.0,10089
47.75842754014762,11,49.0,9904
47.7586926523957,11,8.0,9766
47.759762101727304,10,3.0,9985
47.76014641948815,10,9.0,10133
47.76037403078587,10,34.0,10150
47.760746585255156,17,1.0,-10608
47.76076947560147,7,5.0,9996
47.76403217578624,17,5.0,-11569
47.76964316674534,7,1.0,9847
47.77397963703168,6,21.0,9989
47.7773679542265,1,1.0,10164
47.77744620751409,15,1.0,-12372
47.78153331475422,1,3.0,10165
47.78803676575087,4,24.0,10166
47.78931816423239,1,6.0,10167
47.78954624491785,9,3.0,9926
47.79214115617016,5,1.0,0
47.792406279436264,4,7.0,10168
47.79266680641908,6,5.0,10061
47.7933648974887,11,10.0,9927
47.79376309485913,11,6.0,10011
47.79443614873752,7,6.0,9922
47.80004633844028,7,4.0,9708
47.801470741113334,17,1.0,-11231
47.80174439841913,5,3.0,0
47.802146356202094,6,5.0,10007
47.80755967792009,1,1.0,10169
47.80892302725974,15,5.0,-12386
47.80948802444166,17,1.0,-9093
47.80975787962062,7,8.0,9784
47.809776526932325,5,5.0,0
47.81201676701935,11,3.0,9751
47.81322279958876,7,3.0,9967
47.81485802110588,17,1.0,-10314
47.81613458879996,6,9.0,10136
47.81814733751169,17,1.0,-9771
47.81847127771561,17,1.0,-11100
47.826320598523694,10,4.0,10083
47.82644789761989,13,1.0,-12448
47.828211339819646,7,2.0,9952
47.828262564486124,16,5.0,9128
47.829365369628775,4,9.0,10170
47.830015292008554,17,1.0,-3708
47.831568593379934,17,2.0,-9964
47.834139206906606,1,5.0,10171
47.834457467424485,16,6.0,8471
47.83551190051208,17,1.0,-11849
47.83800018707304,5,9.0,0
47.8397491547787,5,4.0,0
47.84257730109352,7,11.0,9965
47.843841959852334,6,8.0,10071
47.84465051439677,11,1.0,9645
47.84578084889144,11,5.0,9648
47.847098140355605,5,4.0,0
47.85065586162009,10,3.0,9720
47.85170301482883,16,2.0,9189
47.85225652630048,6,1.0,10148
47.85290661896211,6,1.0,10134
47.85491091557997,10,33.0,9992
47.85713915356809,14,2.0,-12466
47.85887255425402,10,9.0,10123
47.85954303610974,5,7.0,0
47.86365099933524,3,50.0,10172
47.86634419181603,10,1.0,10043
47.870618563198924,11,1.0,9956
47.87202170231494,6,5.0,9930
47.87666565067299,15,1.0,-12399
47.87778018709299,4,7.0,10173
47.87801419062438,10,27.0,10051
47.87807353770304,17,1.0,-10064
47.878282233939466,11,1.0,9796
47.881033285033254,10,57.0,10131
47.88510382723292,15,1.0,-12381
47.88523368101717,17,1.0,-11359
47.88879133281706,11,17.0,9948
47.89141233957668,7,1.0,9797
47.8927833125199,6,2.0,10026
47.893583840422245,1,12.0,10174
47.89486787454656,6,4.0,9966
47.8963335476167,6,6.0,10167
47.89740068099343,1,3.0,10175
47.90325069228503,7,3.0,10040
47.90383804553592,1,1.0,10176
47.908808631484995,9,4.0,9802
47.91190280006815,7,3.0,9890
47.9134961954721,5,5.0,0
47.91361541948474,5,4.0,0
47.920478230157585,6,2.0,10082
47.92093805531376,5,2.0,0
47.921047905958844,10,4.0,9981
47.923743462159194,17,12.0,-4142
47.92489990039206,17,4.0,-11628
47.9256257705339,10,1.0,10035
47.92671759896113,8,2.0,9946
47.9283274212805,17,11.0,-10597
47.93020972909876,5,3.0,0
47.93145079289322,6,7.0,9862
47.93293977064665,4,3.0,10177
47.933165750682036,10,7.0,10168
47.934593192597866,9,2.0,9837
47.93486582958767,11,2.0,10003
47.936131625364595,7,12.0,9713
47.9395756237105,5,1.0,0
47.93972395698243,10,23.0,10091
47.942468128292596,1,4.0,10178
47.94352671140836,11,19.0,9769
47.94448380151057,17,3.0,-11835
47.94521243982362,1,1.0,10179
47.94989778214952,10,6.0,10021
47.95172003890431,5,1.0,0
47.951913060792435,14,5.0,-12457
47.95247900651885,13,12.0,-12454
47.95329755704136,5,1.0,0
47.95844711636043,11,25.0,9819
47.959824167504024,1,1.0,10180
47.96034875875108,1,4.0,10181
47.96177196381494,15,1.0,-12380
47.965588304653195,15,2.0,-12376
47.9663508559442,16,1.0,4360
47.967261602196004,1,1.0,10182
47.96747852765603,1,2.0,10183
47.971802841168945,5,3.0,0
47.97524141973786,1,6.0,10184
47.975932377137404,10,29.0,9894
47.97870996755873,5,2.0,0
47.978924330959735,5,4.0,0
47.97916748584372,10,47.0,10025
47.9840567904962,11,8.0,9744
47.984470862321245,14,2.0,-12438
47.98586634857983,7,5.0,9984
47.98595477485305,15,5.0,-12377
47.98913761009476,6,3.0,10165
47.99491901174108,7,2.0,9649
47.996049308508326,1,4.0,10185
47.99842098554594,5,4.0,0
47.99980540464335,7,10.0,9968
48.00051239146957,4,7.0,10186
48.00382697821707,6,1.0,10176
48.00475901106086,11,3.0,9882
48.00572027271516,1,5.0,10187
48.00647981818469,5,3.0,0
48.009610867056054,13,1.0,-12477
48.01017477640339,11,3.0,9812
48.0110685326631,13,3.0,-12479
48.013490667072034,5,2.0,0
48.01400767418369,6,2.0,9986
48.01597984575494,9,2.0,9873
48.017530465540716,1,2.0,10188
48.01792383735754,17,8.0,-10553
48.0217712097797,11,30.0,9839
48.0218334016027,17,3.0,-10809
48.02303583110469,4,1.0,10189
48.024135669589896,9,9.0,9833
48.0264403087513,6,7.0,10138
48.0310985728016,8,7.0,10120
48.031795069605,12,2.0,10065
48.03403384912078,1,2.0,10190
48.0362375297265,1,5.0,10191
48.03662955063233,5,8.0,0
48.03699060272523,5,3.0,0
48.03748966943509,11,5.0,9749
48.039622853089504,10,2.0,10097
48.03995356110393,4,4.0,10192
48.04563324722092,3,33.0,10193
48.04595402974432,5,5.0,0
48.04645556690129,7,10.0,9910
48.053095693973304,6,2.0,10000
48.05396886534837,6,4.0,10108
48.05415541826518,17,2.0,-8790
48.05534404146129,3,6.0,10194
48.057237683845734,17,5.0,-10026
48.06270091380039,14,7.0,-12476
48.06486311819155,5,1.0,0
48.0654856104833,10,7.0,10186
48.06691727189686,10,4.0,10192
48.068062982305605,5,3.0,0
48.069018679027096,17,3.0,-10564
48.07233479167874,5,1.0,0
48.07282716477981,5,1.0,0
48.07309895394199,10,13.0,9944
48.073934684633784,17,5.0,-8260
48.075490525403204,17,4.0,-7048
48.07753551399792,17,1.0,-10579
48.08032214132509,15,27.0,-12414
48.08100753787386,5,1.0,0
48.081188823528706,17,4.0,-12334
48.08285072276714,12,18.0,10096
48.08539757615872,1,4.0,10195
48.08746489324255,11,16.0,9719
48.09216883830507,1,10.0,10196
48.0931755241628,17,1.0,-11181
48.09328696894181,10,24.0,9964
48.09727125868339,16,3.0,9770
48.09970439732578,6,4.0,10064
48.1006350975136,17,6.0,-7529
48.10443583652071,8,2.0,10104
48.10656136374513,7,1.0,9920
48.109750676117486,7,6.0,9716
48.110547758800806,6,3.0,10056
48.1121952319146,7,4.0,9921
48.112379095563085,17,1.0,-11509
48.11260643617917,3,4.0,10197
48.11495444993767,11,55.0,9864
48.116704809339005,1,5.0,10198
48.11724761998457,3,33.0,10199
48.118677851952874,1,11.0,10200
48.119901562698125,10,5.0,10153
48.120010028300044,17,3.0,-11095
48.12428336853107,5,3.0,0
48.12436885171718,7,7.0,9455
48.12541195986988,7,4.0,9889
48.12611168468637,1,3.0,10201
48.12664143350574,17,6.0,-7034
48.12720051628634,17,1.0,-8838
48.127474885252646,4,5.0,10202
48.12836180570964,6,3.0,9994
48.13074015883722,4,6.0,10203
48.13186718983583,17,2.0,-9856
48.131948013226726,14,1.0,-12482
48.13320521927163,5,2.0,0
48.13489715414732,11,11.0,9937
48.13537438688779,9,17.0,9458
48.13675683251466,15,3.0,-12430
48.13926852514423,8,2.0,9987
48.140280585962785,10,56.0,9959
48.141092903349104,1,5.0,10204
48.14359700008871,10,46.0,10062
48.14584682476305,15,2.0,-12433
48.14700556708837,5,1.0,0
48.14731871785394,17,1.0,-8743
48.14966597501979,10,7.0,10142
48.15471164500969,6,3.0,10159
48.16138033069545,1,1.0,10205
48.16277278375274,7,4.0,9657
48.166518299626034,17,2.0,-6489
48.16683537741656,1,2.0,10206
48.16859496952018,1,9.0,10207
48.16947004632215,17,6.0,-6580
48.169908221208594,6,4.0,10161
48.172248788418656,3,11.0,10208
48.17289715414894,5,2.0,0
48.17645875169588,4,3.0,10209
48.17727951414598,3,20.0,10210
48.17810753571533,6,3.0,10117
48.17917063796348,15,2.0,-12425
48.179749955470655,10,10.0,10081
48.18222905468443,5,5.0,0
48.18460997296538,11,10.0,9848
48.1859563569456,11,9.0,9909
48.186025696863254,4,3.0,10211
48.187965295539485,17,2.0,-12199
48.190803361198036,5,1.0,0
48.190819487481015,11,60.0,9988
48.19143234441396,17,1.0,-12125
48.19890411204811,17,4.0,-11125
48.20050838643939,9,1.0,10031
48.200757522479904,17,1.0,-10947
48.20172568054665,11,2.0,9939
48.20372647268944,10,10.0,9918
48.20987797382944,1,8.0,10212
48.214063871651334,15,14.0,-12406
48.21413366034053,6,2.0,10144
48.21677334345585,16,1.0,9576
48.219446125540365,5,3.0,0
48.22258352542519,3,23.0,10213
48.223004898180875,3,10.0,10214
48.22516270374561,7,3.0,9943
48.22604139756122,7,25.0,9971
48.2273434558223,10,57.0,10106
48.227854384651806,5,2.0,0
48.22962475261576,5,4.0,0
48.23161248716081,5,9.0,0
48.23235629743697,1,4.0,10215
48.23279782808235,10,9.0,10170
48.23287515133476,14,3.0,-12481
48.234662784134,17,4.0,-9397
48.23534737797563,10,6.0,10194
48.23561355640432,6,6.0,10184
48.23726799771984,5,11.0,0
48.23766775300455,3,15.0,10216
48.239591978591875,13,2.0,-12474
48.23997387650986,1,2.0,10217
48.24023774658714,10,33.0,10193
48.24371046931686,17,3.0,-8205
48.24479167276748,16,4.0,8486
48.24682387852482,6,6.0,9917
48.24768236063521,7,1.0,9953
48.24772044798478,6,4.0,10013
48.25016779504522,9,4.0,9935
48.25415100538479,17,1.0,-10626
48.25649485719061,1,9.0,10218
48.25749808149176,3,34.0,10219
48.2579435245969,6,3.0,10041
48.25829274404607,9,3.0,9721
48.25842880187626,17,4.0,-11797
48.26026279730709,14,2.0,-12483
48.26031528213723,4,14.0,10220
48.263191621043305,11,4.0,9825
48.26343763451518,1,5.0,10221
48.263649972125926,17,9.0,-12105
48.26468039405892,15,16.0,-12412
48.26556740975417,17,6.0,-7842
48.26898384603999,5,2.0,0
48.271222023363826,5,6.0,0
48.274361165648045,5,9.0,0
48.274954907190356,17,3.0,-3476
48.27504769231276,1,6.0,10222
48.275460710470696,17,4.0,-10907
48.27602704059315,11,3.0,9800
48.2766062598477,4,2.0,10223
48.277265621285025,10,15.0,10216
48.277874184633035,9,5.0,9787
48.278730171110645,6,3.0,9978
48.282150989526684,7,29.0,9591
48.283058451724166,15,1.0,-12423
48.28430098656514,5,6.0,0
48.29122147266173,17,3.0,-11393
48.29218002669813,6,4.0,10099
48.293341980587925,4,8.0,10224
48.29437619281407,4,2.0,10225
48.29580187313161,10,2.0,9728
48.29714080192397,15,7.0,-12435
48.29912259513161,6,1.0,10205
48.299737894489695,6,10.0,10196
48.299872954319305,3,7.0,10226
48.303738746034774,10,2.0,10116
48.304342826377805,7,3.0,9963
48.30492886495201,10,23.0,10213
48.30578954906571,6,5.0,10191
48.306332051975986,8,4.0,10099
48.30684304072864,4,4.0,10227
48.307371635245154,7,26.0,9801
48.311563381628225,10,5.0,10047
48.3134475718989,8,21.0,9989
48.314496516259375,4,2.0,10228
48.315415568719565,5,1.0,0
48.31547914268882,7,11.0,9991
48.32038090310379,16,2.0,8239
48.32039268859157,6,2.0,10141
48.32209847506463,1,4.0,10229
48.32384864702448,11,6.0,9846
48.32460972172186,17,28.0,-8650
48.32848379997906,5,59.0,0
48.3287202672574,5,16.0,0
48.330493585207634,7,2.0,10001
48.330493585207634,16,2.0,10001
48.33221909708122,1,1.0,10230
48.333393823705,3,3.0,10231
48.3361020781254,1,2.0,10232
48.33746727339146,1,2.0,10233
48.3378319641025,3,23.0,10234
48.33803063320742,6,2.0,10188
48.338167766914204,10,8.0,10095
48.338258808822985,1,2.0,10235
48.34002656298527,12,2.0,9728
48.34056535806321,1,58.0,10236
48.34062672240866,5,2.0,0
48.340894100047905,5,1.0,0
48.34278504646018,15,12.0,-12434
48.34489641699365,10,11.0,10156
48.34880485431408,10,7.0,10173
48.34960628993843,11,9.0,9685
48.35011149441965,17,1.0,-12026
48.35084592370089,13,2.0,-12472
48.35137426792583,5,1.0,0
48.35348780196456,12,3.0,10139
48.35355383909164,1,1.0,10237
48.355766348324835,5,9.0,0
48.360409542477264,17,1.0,-11006
48.361584158660015,11,6.0,9861
48.36190999948517,12,7.0,10186
48.36199222488213,5,4.0,0
48.363474297710475,11,16.0,9788
48.36389124736322,14,1.0,-12485
48.36502592102234,11,11.0,10019
48.36752736453367,6,5.0,10221
48.368947960454825,5,2.0,0
48.37056928536212,11,8.0,9951
48.370792543468376,1,6.0,10238
48.372485268728255,12,1.0,9896
48.37281400805611,10,4.0,10042
48.37365257624195,10,3.0,9874
48.37587144209166,15,1.0,-12421
48.378267186332764,10,52.0,10118
48.38002022340293,5,15.0,0
48.38112255958169,17,1.0,-11581
48.38467622916659,10,1.0,10189
48.387810951975986,4,4.0,10239
48.388153830155964,6,4.0,10229
48.38966612161,17,2.0,-12009
48.392290993042465,16,2.0,9342
48.39255814305199,11,20.0,9783
48.39526377499817,1,8.0,10240
48.39535988153462,10,23.0,10234
48.39551180420354,6,31.0,9786
48.39590551475281,17,6.0,-5231
48.39946621197845,11,2.0,9785
48.40140561063072,11,11.0,9477
48.402107066285936,11,2.0,9829
48.40229232000189,17,1.0,-4428
48.40242692472475,8,3.0,9977
48.409112997767586,17,6.0,-8918
48.41424349173192,15,1.0,-12426
48.41768970379557,6,4.0,10178
48.41830201989379,17,50.0,-3975
48.42040666572904,12,46.0,10062
48.42126512147053,8,12.0,10022
48.424969719284405,11,57.0,9782
48.426661350016595,1,4.0,10241
48.42668778428377,17,5.0,-10260
48.429956918648884,7,1.0,10055
48.43238478566616,17,2.0,-11074
48.43285281277808,6,9.0,10125
48.43350476213406,7,1.0,9947
48.43500369758257,5,2.0,0
48.4371328763617,5,1.0,0
48.43858093708452,1,6.0,10242
48.44023300624244,7,8.0,9972
48.44171214848818,8,5.0,10061
48.44252903155025,17,3.0,-4512
48.442724799182315,6,1.0,10105
48.4432550076549,10,21.0,9636
48.443786991118984,6,2.0,9949
48.44401082107372,11,10.0,10157
48.44545319488022,4,1.0,10243
48.44680191049759,1,7.0,10244
48.44749211644212,1,2.0,10245
48.448333210841255,12,3.0,10005
48.44877504952671,12,29.0,9894
48.4507982610751,5,2.0,0
48.45205837228009,6,6.0,10238
48.454919468311935,5,4.0,0
48.456164615067266,7,3.0,9898
48.45867964825086,6,5.0,10198
48.45993216024999,11,15.0,9845
48.46053082343362,5,6.0,0
48.46523230766254,6,11.0,10200
48.47062645066788,4,5.0,10246
48.47416180706266,11,1.0,10016
48.474912509822154,6,11.0,10075
48.47513477168511,17,1.0,-11484
48.476915816932625,3,40.0,10247
48.47745034700182,11,38.0,10039
48.48129810290559,6,10.0,10111
48.482917580183084,10,46.0,9938
48.4849894448385,6,8.0,10240
48.48764386588165,6,2.0,10069
48.49583103244849,5,2.0,0
48.49589006897664,1,7.0,10248
48.49968372282174,8,2.0,9742
48.50157404998587,9,30.0,9828
48.50570625442532,15,1.0,-12432
48.51108567717158,17,1.0,-11214
48.51432537573552,15,7.0,-12405
48.5167616586339,10,4.0,10197
48.51702178981145,13,2.0,-12489
48.5186519277338,10,4.0,10239
48.521854040109154,11,37.0,9960
48.52369548945011,7,2.0,9692
48.524205933378006,10,3.0,10211
48.525886237500146,15,1.0,-12411
48.52682016349135,17,8.0,-11380
48.53466618239498,7,5.0,9954
48.53544287800641,10,3.0,10177
48.53571616754451,6,3.0,10073
48.538059169271676,10,3.0,10209
48.539392091848335,4,20.0,10249
48.54122418543503,13,4.0,-12484
48.54404505904381,1,1.0,10250
48.54629500429144,17,1.0,-4193
48.547362115401185,7,3.0,9830
48.54946077437159,3,6.0,10251
48.55213845866142,1,4.0,10252
48.55269838604678,4,10.0,10253
48.55496523249443,6,2.0,9886
48.5564786881128,17,2.0,-11258
48.56146981646746,17,16.0,-9570
48.56198332214087,11,12.0,9957
48.56334235464334,4,4.0,10254
48.565965475597736,10,6.0,10203
48.56691571537474,17,2.0,-9426
48.57626365308878,6,4.0,10195
48.57669537217572,16,11.0,283
48.57678987079635,5,10.0,0
48.57691848314431,17,2.0,-10934
48.577368104337644,15,4.0,-12417
48.579744823927925,8,4.0,10195
48.58259853074711,11,17.0,9911
48.58946093321977,11,24.0,10030
48.59143763550976,9,2.0,9987
48.59221757165631,9,7.0,10120
48.59557551175734,15,8.0,-12427
48.600894793525576,7,3.0,10078
48.60182643230389,1,10.0,10255
48.605667492529285,15,4.0,-12415
48.60567354392302,6,12.0,10174
48.60671240039723,11,39.0,9678
48.60749133634078,1,1.0,10256
48.613008333162526,6,3.0,9913
48.61360607145194,1,3.0,10257
48.617165854299465,10,20.0,10210
48.619007623689846,15,3.0,-12431
48.619771688533746,5,5.0,0
48.62075767442077,17,1.0,-9894
48.62328826233691,6,5.0,10033
48.623979203117635,6,6.0,10222
48.62817417143341,5,8.0,0
48.628866884060415,7,4.0,10050
48.63094087699535,6,1.0,10237
48.63316966882579,1,1.0,10258
48.63495651415737,6,3.0,10052
48.63523618780804,4,15.0,10259
48.63631739376322,7,10.0,9908
48.637154061794874,13,1.0,-12478
48.63746379011204,5,4.0,0
48.63953650987611,17,6.0,-7443
48.64213402428816,7,41.0,9884
48.645523078663004,15,2.0,-12428
48.64691524299081,11,4.0,9993
48.64693585842987,17,3.0,-2390
48.64770765936183,15,4.0,-12416
48.64967917336021,10,7.0,10226
48.65049053757959,12,15.0,10057
48.65119291059478,11,7.0,10132
48.65122626716641,5,3.0,0
48.65306227361558,6,6.0,10044
48.65466951597434,16,5.0,9583
48.65715255358956,10,28.0,10048
48.65833278464614,6,1.0,10230
48.65870234199222,10,11.0,10054
48.66310061928183,11,14.0,9925
48.663900666851625,11,6.0,9941
48.66407281989428,5,18.0,0
48.66562850820197,6,2.0,10235
48.66659136353492,1,2.0,10260
48.669779485649784,7,1.0,10002
48.670860838560834,5,4.0,0
48.67177424241389,17,1.0,-9693
48.67527595115749,12,10.0,9918
48.675772580324285,1,1.0,10261
48.67594880993807,8,2.0,9606
48.67723903718479,11,3.0,10077
48.67821255553508,17,1.0,-11448
48.68037926068305,10,11.0,9997
48.68226845345366,11,4.0,10083
48.68251735651483,13,13.0,-12486
48.68573571170091,4,2.0,10262
48.68753807052851,4,19.0,10263
48.69071269731643,9,2.0,9742
48.69340720347647,7,10.0,9694
48.6934073225252,6,2.0,10260
48.69368045869388,5,3.0,0
48.694177053749584,5,2.0,0
48.69478617124259,7,3.0,9919
48.696929009000726,10,24.0,10166
48.69850515390421,11,4.0,9931
48.70193939230472,7,1.0,9856
48.70316692739778,11,9.0,10123
48.704567293618354,11,48.0,9793
48.70481177918429,15,2.0,-12420
48.705723502257044,16,58.0,84
48.707040643294334,4,4.0,10264
48.70881716852341,6,2.0,10162
48.708985800126015,16,1.0,7766
48.70900463251649,6,9.0,10109
48.71073321050077,6,9.0,10218
48.71198191604982,17,6.0,-11889
48.71221573305403,17,1.0,-9344
48.71247989203387,5,1.0,0
48.713854208299416,5,1.0,0
48.71647597606657,1,10.0,10265
48.71816511933443,17,8.0,-7348
48.71902104963825,1,1.0,10266
48.72018087914884,10,12.0,10107
48.72113979501969,11,18.0,9907
48.72174709443036,11,3.0,9924
48.725533566275494,5,2.0,0
48.72632473085813,15,4.0,-12424
48.72832673528551,7,2.0,9485
48.73148663420469,4,1.0,10267
48.733598084862535,10,1.0,10243
48.73366115576738,17,2.0,-11623
48.73642898181546,15,3.0,-12429
48.73969621747132,11,6.0,9764
48.74382042894094,8,2.0,9891
48.744786019579614,13,1.0,-12480
48.74606009106753,6,1.0,10261
48.747133358020164,10,14.0,10220
48.74715265976128,17,2.0,-10505
48.74896092801209,1,9.0,10268
48.75040649772645,15,3.0,-12422
48.75040649772645,17,3.0,-12422
48.75181761215777,4,37.0,10269
48.75404154104375,17,1.0,-11949
48.75416307286285,17,1.0,-11121
48.757442729054524,9,2.0,10104
48.75812066139712,10,2.0,10137
48.76212271802546,17,9.0,-11923
48.76344681165149,10,20.0,10015
48.76644957389188,5,4.0,0
48.76747178575697,7,3.0,9753
48.7692248195746,15,1.0,-12413
48.771695610338455,6,10.0,10265
48.77338650377815,5,2.0,0
48.77420394419619,1,2.0,10270
48.778095115342936,6,9.0,10207
48.77877402486034,10,8.0,10224
48.779480510033444,7,6.0,10112
48.781353749335295,11,9.0,10170
48.781742444848305,6,1.0,10169
48.78248468976518,7,1.0,9990
48.78378092528696,1,3.0,10271
48.7838226182353,17,1.0,-7627
48.79010474633866,7,10.0,10103
48.79064282118527,15,1.0,-12437
48.79430023668397,1,1.0,10272
48.795945823463256,17,1.0,-12020
48.79625790921699,6,4.0,10215
48.79776737876787,13,1.0,-12475
48.7993326664902,1,7.0,10273
48.80032793156009,9,3.0,9640
48.80082753698768,5,1.0,0
48.80122800301153,17,2.0,-10422
48.80355900856629,1,3.0,10274
48.80687256931378,1,1.0,10275
48.80691200485852,5,2.0,0
48.80704151284679,15,1.0,-12408
48.80910577617612,15,6.0,-12436
48.813480683149606,13,1.0,-12471
48.814850268375125,6,3.0,10271
48.81720922795477,1,3.0,10276
48.81773904979898,13,1.0,-12487
48.81985384287137,3,14.0,10277
48.820489995741355,6,1.0,10250
48.822673717352195,1,1.0,10278
48.823540843619384,7,2.0,10017
48.823557549278625,11,10.0,10034
48.82420347617201,7,3.0,9738
48.82506115659302,15,5.0,-12410
48.82568608059686,11,34.0,10150
48.82586839064041,1,4.0,10279
48.825904845656375,4,11.0,10280
48.828557865097586,5,3.0,0
48.82937594684932,10,14.0,10277
48.83125771277171,10,4.0,10254
48.83186777426355,15,2.0,-12419
48.83673375740127,1,3.0,10281
48.83749225640304,5,1.0,0
48.84058416748414,17,3.0,-10444
48.84168441982981,4,7.0,10282
48.844486914347954,9,54.0,9858
48.84448695632842,10,10.0,10143
48.84530263677758,5,1.0,0
48.84556899847004,6,1.0,10278
48.845889565481,17,1.0,-10900
48.846758357808795,17,2.0,-8533
48.847991038120995,6,4.0,10279
48.851789505871096,10,8.0,9715
48.85569633664532,8,1.0,10134
48.85691259879263,1,4.0,10283
48.85931782701346,11,33.0,10193
48.86003158141929,1,5.0,10284
48.86072150467839,1,3.0,10285
48.86076165383772,10,7.0,10282
48.86367183966523,9,4.0,9644
48.86412298836938,6,4.0,10063
48.867392572133035,5,2.0,0
48.86956164930057,5,3.0,0
48.8704173774464,11,36.0,10014
48.87370702038537,3,45.0,10286
48.875441189379934,6,3.0,10285
48.877197479394844,5,4.0,0
48.87871488495456,7,3.0,9998
48.88030871507328,1,7.0,10287
48.88041987804414,6,1.0,10272
48.8812091236961,5,3.0,0
48.88279276244359,5,1.0,0
48.88313933616333,5,4.0,0
48.88759725879365,6,2.0,10245
48.888557523564735,11,2.0,9849
48.89244638364736,8,5.0,10191
48.89378984622645,4,5.0,10288
48.89556927447399,3,17.0,10289
48.898775420338126,17,1.0,-10420
48.89897460512741,17,2.0,-11995
48.899890999201055,6,5.0,9686
48.90048977685116,6,7.0,10273
48.90127593437321,5,17.0,0
48.90291733918377,16,54.0,9397
48.90296793169024,17,2.0,-5600
48.90740493933328,5,2.0,0
48.90760874221144,5,5.0,0
48.910442851970735,5,2.0,0
48.91242557170866,5,22.0,0
48.92063394145517,11,8.0,10093
48.92284177874409,6,2.0,10217
48.92417486045562,17,5.0,-10957
48.92719266388099,17,3.0,-10741
48.92888286698405,7,1.0,9808
48.93371342486016,3,25.0,10290
48.93669636281389,9,55.0,9578
48.93669967394241,10,22.0,10128
48.937673280901144,12,20.0,10210
48.93771183497563,1,2.0,10291
48.93914467364504,4,2.0,10292
48.93975317250596,10,8.0,9942
48.9400787806093,11,7.0,9868
48.94303163228181,1,5.0,10293
48.94461373831166,17,3.0,-10641
48.944997846083965,17,1.0,-10154
48.94663346527736,6,2.0,10232
48.948482604901265,6,3.0,10175
48.94851142528481,15,1.0,-12409
48.95119010317723,3,52.0,10294
48.95224338597159,17,1.0,-11318
48.95468639848816,5,1.0,0
48.95739353889995,5,8.0,0
48.95812542191818,7,3.0,10165
48.95890614795521,6,1.0,10155
48.96145191195555,10,4.0,10227
48.96318573931049,13,3.0,-12473
48.963983279114665,6,4.0,10283
48.97540275699359,10,51.0,10145
48.976078730351894,5,1.0,0
48.97675141380246,6,5.0,10204
48.982677311554625,14,1.0,-12488
48.98589840797305,15,5.0,-12407
48.987426423548236,1,1.0,10295
48.98868485694334,6,3.0,9979
48.99123262636755,4,9.0,10296
48.99623854517773,15,1.0,-12418
48.99744225476409,10,8.0,10147
48.99758467356155,1,5.0,10297
48.998151869891274,9,6.0,9773
48.9990294064971,17,1.0,-11028
48.999608004399185,17,2.0,-12023
49.00290848230166,10,9.0,10296
49.00365132996985,6,5.0,10187
49.004283521219385,5,7.0,0
49.00468649995309,12,29.0,9843
49.00494343250435,5,3.0,0
49.00590467780228,17,5.0,-8180
49.00601691516431,7,1.0,10205
49.009155221028216,5,4.0,0
49.00998042314423,6,2.0,10291
49.010200659538505,3,42.0,10298
49.01104806503243,10,11.0,10151
49.01407284078032,6,7.0,10244
49.0150803520107,16,46.0,9067
49.015565793247326,3,4.0,10299
49.015709910784196,7,6.0,10110
49.01707614218861,17,4.0,-12131
49.02217748608221,6,2.0,10206
49.022322793788426,12,6.0,10021
49.0235745663085,16,4.0,9297
49.02509346045822,5,7.0,0
49.02677287511316,10,24.0,10046
49.02725331915195,11,10.0,10009
49.02793250985752,3,18.0,10300
49.02919046208448,1,1.0,10301
49.03207313080008,7,5.0,10070
49.03437632403221,4,1.0,10302
49.03572861718841,6,5.0,10284
49.04052242215154,11,16.0,10121
49.040888723822505,10,2.0,10100
49.043010845657975,11,6.0,10203
49.04507397778828,10,4.0,9903
49.0463760803307,1,4.0,10303
49.04760798435537,17,1.0,-10436
49.04890203010511,1,5.0,10304
49.04921309923102,14,1.0,-12495
49.05133692541207,1,3.0,10305
49.05312192024231,7,8.0,10071
49.05660926944187,10,4.0,10140
49.056679701074316,17,1.0,-8561
49.05729104167169,1,9.0,10306
49.057609690858335,11,6.0,10087
49.060329011962466,17,3.0,-7268
49.060384779879946,10,18.0,10300
49.06355104179177,6,7.0,10098
49.064712447107674,11,4.0,9981
49.06552583326132,15,1.0,-12456
49.07105383736974,17,2.0,-11846
49.07123928675282,10,42.0,10298
49.07150033819441,10,2.0,10262
49.07831159921935,11,10.0,10012
49.08062213618642,11,58.0,9816
49.08082833793768,15,1.0,-12469
49.08629758871097,1,8.0,10307
49.08804761188361,10,14.0,10084
49.088124355182075,10,10.0,10214
49.09098192362709,17,6.0,-12329
49.09663446341553,17,1.0,-10267
49.09785783061306,6,9.0,10306
49.10139012168133,1,3.0,10308
49.10317373504927,10,5.0,10246
49.10317916835366,7,2.0,9871
49.103317510032156,17,5.0,-7328
49.10361023347763,15,8.0,-12453
49.10380712551542,11,10.0,10081
49.107348345171545,11,23.0,10213
49.10955495183436,1,1.0,10309
49.113070971364024,10,3.0,10231
49.1149762861717,7,1.0,10148
49.11655275453587,11,7.0,9767
49.11701958286616,5,2.0,0
49.11948503438924,7,3.0,10068
49.12093917210479,7,1.0,10135
49.122265529543085,7,6.0,9865
49.12774987996836,5,3.0,0
49.13038006117092,7,1.0,9631
49.131934710864854,16,4.0,2438
49.13362312289546,6,1.0,10266
49.13632497475561,10,10.0,10253
49.136339056298034,5,1.0,0
49.13634319282076,6,7.0,9973
49.13708224225085,3,27.0,10310
49.140067396824364,8,8.0,9961
49.14028431952708,11,18.0,10029
49.14288996912386,15,3.0,-12468
49.1456481594455,15,2.0,-12459
49.1456481594455,17,2.0,-12459
49.14983019560844,5,8.0,0
49.15032256879813,9,18.0,10096
49.152180845745065,17,16.0,-11888
49.154950861657746,5,1.0,0
49.16010886247581,15,6.0,-12470
49.16331467709801,5,2.0,0
49.163870169460786,17,2.0,-11841
49.165265065508656,10,5.0,10288
49.1660184677984,10,20.0,10249
49.16838358824225,5,3.0,0
49.16950185823097,9,18.0,9980
49.17168755807276,9,15.0,10057
49.17640896026414,11,55.0,10018
49.176912669701814,5,2.0,0
49.17698008615296,10,4.0,10092
49.180722133993484,6,1.0,10164
49.18612150128355,16,19.0,9772
49.18882237777312,7,2.0,10072
49.189910034429396,10,13.0,10028
49.19139554434376,9,1.0,10134
49.195864527329505,12,28.0,10048
49.19875467596495,9,2.0,10113
49.19948180511824,9,5.0,10061
49.200061435024814,9,2.0,10065
49.20068963951938,5,3.0,0
49.20615556256845,7,1.0,9671
49.206427766368904,17,2.0,-10431
49.208311832389,3,24.0,10311
49.21061284800217,6,7.0,10102
49.212953508416355,13,1.0,-12507
49.21405527565708,5,1.0,0
49.223912387093755,10,35.0,10124
49.226269003029344,10,4.0,10299
49.226765607064635,5,2.0,0
49.228399269833524,17,1.0,-10875
49.22961520350581,1,1.0,10312
49.229793702045086,5,2.0,0
49.2302957410077,17,43.0,-10324
49.23302431255211,1,2.0,10313
49.23367014890238,11,8.0,10089
49.2361241857949,9,2.0,9891
49.239439001587954,4,28.0,10314
49.23952490683689,13,1.0,-12505
49.239827529911736,3,4.0,10315
49.23999304271614,4,2.0,10316
49.2411872480226,15,1.0,-12441
49.24214815272977,10,59.0,10115
49.242262946426415,15,2.0,-12466
49.242262946426415,17,2.0,-12466
49.242539225024295,17,2.0,-10912
49.24751766488459,5,2.0,0
49.247940012154366,5,1.0,0
49.2515946813824,3,35.0,10317
49.253553769076724,13,4.0,-12499
49.25534475583298,9,8.0,9961
49.25729266954376,11,6.0,9841
49.257949783510746,9,3.0,9977
49.258725192437836,6,2.0,10183
49.258936846054795,1,1.0,10318
49.26318287016655,4,4.0,10319
49.264012245851504,17,3.0,-11510
49.264548173290585,14,1.0,-12496
49.265046099396834,10,15.0,10259
49.27859328456654,1,5.0,10320
49.279536629985174,10,11.0,10280
49.280452108714094,11,17.0,9863
49.286175340611535,4,4.0,10321
49.30062053508945,5,1.0,0
49.30113693958513,7,1.0,9899
49.30370932782532,1,1.0,10322
49.30476138234489,6,3.0,10308
49.31254020489211,5,4.0,0
49.31264624770928,3,29.0,10323
49.31484147688796,11,17.0,9929
49.31735115546481,5,4.0,0
49.32424414707518,6,3.0,10281
49.324269575150176,6,9.0,10268
49.32532843381695,9,29.0,9843
49.32587338594546,5,1.0,0
49.33096284441002,5,8.0,0
49.33193793544847,6,8.0,10307
49.33810506557826,11,51.0,10053
49.33817147057342,10,13.0,10163
49.338885131845565,17,2.0,-11324
49.3408303036221,9,2.0,9606
49.34250432751621,1,4.0,10324
49.34580730826608,17,4.0,-12048
49.34670829572056,17,2.0,-7545
49.34805424738616,5,3.0,0
49.34854156404442,5,1.0,0
49.34874943992898,11,9.0,10133
49.34938236862983,15,1.0,-12448
49.34996072252935,5,1.0,0
49.35237528406803,11,4.0,10042
49.35305224000573,3,36.0,10325
49.35390752089565,17,1.0,-11507
49.355626682892364,11,46.0,9733
49.359579383207645,7,4.0,10059
49.3623993097208,17,2.0,-6578
49.367082656019775,11,1.0,9895
49.36829399686261,7,2.0,9777
49.37329733751689,6,3.0,9799
49.37458508628463,4,42.0,10326
49.375507772184534,6,8.0,10160
49.376162000854,9,4.0,9879
49.378435985867796,11,9.0,9950
49.38068704799022,1,9.0,10327
49.38369132606144,11,4.0,9974
49.3841851540919,15,5.0,-12461
49.38502526646901,5,4.0,0
49.38695051029686,17,1.0,-6644
49.38821511677005,10,4.0,10129
49.38902440203308,5,4.0,0
49.39165945226031,1,3.0,10328
49.39350984237873,11,4.0,10049
49.397203175889736,17,1.0,-9676
49.39720833642114,7,4.0,9916
49.40000616375794,6,4.0,10126
49.40091432329122,11,24.0,9854
49.40100231733656,7,1.0,10066
49.40145673525316,11,3.0,10211
49.40366199940496,9,12.0,10022
49.40421055728743,13,2.0,-12494
49.40494232803317,4,4.0,10329
49.40662876731701,5,1.0,0
49.40977072800867,9,3.0,10005
49.410274982903054,15,5.0,-12457
49.41141807217012,7,1.0,9680
49.4122719716258,9,4.0,10099
49.41281250522285,4,2.0,10330
49.41647505865874,17,5.0,-11764
49.420066348902104,6,3.0,10276
49.42183593451864,17,3.0,-10375
49.422510150421274,5,4.0,0
49.423908160262116,5,1.0,0
49.424122566939246,17,3.0,-12123
49.42540190961712,3,4.0,10331
49.42563143923289,11,23.0,10091
49.42625862321089,10,33.0,10199
49.42635679226017,10,2.0,10223
49.42828508656237,10,6.0,10251
49.42830628064428,3,26.0,10332
49.431034862404736,14,3.0,-12503
49.43232783878795,15,3.0,-12458
49.43371839400578,15,1.0,-12467
49.4343363309918,1,2.0,10333
49.43484542425724,1,2.0,10334
49.44101844379298,1,6.0,10335
49.441815161162204,1,6.0,10336
49.442544738510215,6,1.0,10179
49.447882736843404,6,9.0,10327
49.45190784289102,1,1.0,10337
49.45257102774234,11,57.0,10131
49.452916777708865,6,2.0,10313
49.45666885084564,4,7.0,10338
49.4590410697946,17,2.0,-5631
49.46092888524572,17,1.0,-10694
49.46124689231438,6,5.0,10320
49.46534822102542,17,3.0,-8544
49.46827639299753,11,2.0,10097
49.47082179520483,17,11.0,-87
49.47197375859922,3,8.0,10339
49.47468217706163,10,42.0,10326
49.47487608141472,11,3.0,9985
49.47521942772819,15,12.0,-12454
49.475318517262835,6,12.0,9962
49.47611242342395,1,5.0,10340
49.476871789599784,1,5.0,10341
49.48224435793696,16,6.0,9372
49.48247513094864,10,38.0,10032
49.482995813436034,3,10.0,10342
49.483549326784015,17,1.0,-9707
49.488315023285466,7,5.0,9930
49.49144182827686,1,1.0,10343
49.49296878571032,1,1.0,10344
49.495993022247156,5,1.0,0
49.49737688662117,7,1.0,10085
49.49760529225849,7,3.0,9978
49.500168406953314,13,1.0,-12504
49.501311370514316,4,6.0,10345
49.50209403172071,11,7.0,10142
49.50572124941324,5,5.0,0
49.508176880131565,5,3.0,0
49.508181664802564,9,1.0,9896
49.51203608322527,15,5.0,-12442
49.515930282188435,3,2.0,10346
49.517344941606666,17,1.0,-12118
49.51799871014104,17,7.0,-9064
49.51916903853209,14,3.0,-12502
49.523560969329836,15,4.0,-12451
49.52460073218815,1,3.0,10347
49.525466293191165,6,1.0,10256
49.526819555866815,7,4.0,10279
49.52800616076618,10,46.0,10149
49.52834991768519,10,50.0,10172
49.53093356890311,17,11.0,-966
49.53336382851182,6,1.0,10275
49.5356877930141,11,27.0,10051
49.53575644580636,12,59.0,10115
49.539057534408244,15,2.0,-12446
49.539720584540675,7,1.0,10176
49.541436454931045,11,3.0,10231
49.5422910488506,17,1.0,-4869
49.542292999257306,5,2.0,0
49.542662923982064,11,5.0,10153
49.54393811350284,11,2.0,10130
49.54405110467873,5,6.0,0
49.54577897070478,5,30.0,0
49.547451211956556,13,2.0,-12493
49.54840049981437,1,29.0,10348
49.54963717401159,7,4.0,10013
49.55013858083103,11,5.0,10037
49.55034987372633,5,2.0,0
49.550977690245695,13,3.0,-12490
49.55389808499265,11,8.0,9942
49.55416112911892,17,2.0,-11561
49.55473623711141,15,2.0,-12438
49.55622019329754,8,4.0,10108
49.556444242574514,6,6.0,10242
49.55718201618822,7,1.0,10119
49.5575751208724,16,3.0,5712
49.5586704636875,17,9.0,-11344
49.559438701187865,4,12.0,10349
49.561297609207465,6,5.0,10171
49.5615436623789,6,2.0,10079
49.56774285210129,7,3.0,10159
49.570646673760166,5,7.0,0
49.57232541503033,6,29.0,10348
49.57244712638191,4,1.0,10350
49.577754269950645,13,1.0,-12498
49.57812100306682,3,3.0,10351
49.57846042901538,4,16.0,10352
49.57967053831266,6,5.0,10340
49.58015419581906,9,8.0,9887
49.580408455703854,13,16.0,-12492
49.580674360572935,17,7.0,-8449
49.580944764751315,7,2.0,10020
49.58192396449147,17,28.0,-8665
49.582010463269384,7,1.0,10272
49.582303775050256,1,1.0,10353
49.58292706913683,10,2.0,10225
49.58711643826418,10,6.0,10345
49.59172294380543,1,1.0,10354
49.59193437555604,10,2.0,10008
49.5934897236286,4,5.0,10355
49.59483738608083,5,2.0,0
49.59562425469891,11,4.0,9737
49.596101448166095,7,3.0,9994
49.59743277381149,13,2.0,-12500
49.600715764852815,5,1.0,0
49.601868036456295,6,2.0,9906
49.60191999002384,15,2.0,-12443
49.60680609772396,17,1.0,-11052
49.61354007849606,7,2.0,9932
49.614352172744894,17,1.0,-12349
49.615537264107616,11,5.0,9975
49.6180749909838,1,7.0,10356
49.619950397884494,10,5.0,10202
49.620150257663894,1,2.0,10357
49.62373309044941,15,7.0,-12444
49.62818225145214,13,1.0,-12501
49.62835095943373,8,7.0,9973
49.628866884060415,16,4.0,10050
49.62925868363146,5,5.0,0
49.630136942169315,5,1.0,0
49.63249456332181,7,6.0,9789
49.633066601117974,7,2.0,10188
49.640527886783794,17,1.0,-10932
49.64164412880976,10,5.0,10355
49.642313904438275,17,1.0,-11898
49.64325650963002,17,3.0,-11573
49.644226395522885,3,2.0,10358
49.644750962945395,4,12.0,10359
49.644851809287815,7,1.0,10105
49.64587220884027,11,8.0,9877
49.64712471429654,16,18.0,9621
49.64772180505679,11,15.0,9915
49.64852419830882,3,4.0,10360
49.64967441876926,5,1.0,0
49.650261866449384,10,3.0,10351
49.650721570488656,10,37.0,10269
49.652522981633346,17,1.0,-9552
49.652671231448124,7,6.0,10238
49.65360992869581,15,2.0,-12445
49.65400504237974,6,3.0,10058
49.655464292754516,11,2.0,10006
49.659486429483806,1,4.0,10361
49.66198950052983,12,56.0,9959
49.66280250040304,5,1.0,0
49.663668474328844,5,3.0,0
49.665689609460074,9,46.0,10062
49.66640717784216,6,1.0,10344
49.66651177008813,5,4.0,0
49.66926929424052,1,10.0,10362
49.672926199093595,17,6.0,-11103
49.67439731520997,10,1.0,10302
49.67636728832554,4,8.0,10363
49.68018835010357,7,6.0,10074
49.68165408084202,5,3.0,0
49.684533704598906,6,5.0,10304
49.68570762107054,1,10.0,10364
49.685760818993856,5,45.0,0
49.68683632975253,7,2.0,9852
49.68857211479091,5,2.0,0
49.689577128558305,7,9.0,10125
49.69212567826958,15,5.0,-12449
49.69212567826958,17,5.0,-12449
49.6924817398822,9,2.0,9946
49.6929884892296,5,5.0,0
49.69312605101455,1,7.0,10365
49.694823725557185,4,13.0,10366
49.69543958135077,5,4.0,0
49.69655108891553,11,7.0,10122
49.698953736709605,17,1.0,-12109
49.70358449737139,1,3.0,10367
49.70525819280042,11,1.0,10043
49.70571127661618,6,4.0,10252
49.70636688385836,15,1.0,-12439
49.71108696287892,10,34.0,10219
49.713033589346104,3,29.0,10368
49.7142161161635,6,58.0,10236
49.71590557568115,17,2.0,-5103
49.71996962856561,3,5.0,10369
49.72339060370332,11,40.0,9888
49.7260803073014,17,4.0,-12211
49.72618025781823,5,4.0,0
49.72660402692302,5,3.0,0
49.72895355618253,6,5.0,10297
49.7354917539138,10,52.0,10294
49.73591808393019,9,3.0,10139
49.74176916233346,17,1.0,-10705
49.74223568634678,7,11.0,9928
49.74223568634678,16,11.0,9928
49.746448596863644,5,1.0,0
49.747112617177635,17,1.0,-6678
49.74898229812622,11,4.0,10152
49.74997041154102,4,3.0,10370
49.75000890328807,6,2.0,10334
49.750577999361205,10,46.0,10060
49.75577576158622,7,2.0,10069
49.75861301720944,17,21.0,-11124
49.76275722596091,1,5.0,10371
49.763351600483304,5,3.0,0
49.77051458783952,11,3.0,9874
49.771615599022944,3,21.0,10372
49.77235953672995,15,1.0,-12452
49.77708360724094,1,1.0,10373
49.77743859592846,10,4.0,10360
49.777784545823984,1,4.0,10374
49.77897441091284,17,5.0,-9306
49.781062737228865,6,8.0,10090
49.784855363910296,5,4.0,0
49.78590841598996,1,9.0,10375
49.7863866255386,6,3.0,10127
49.787398584527715,17,4.0,-9753
49.7921344778275,12,47.0,10025
49.79776015623621,3,48.0,10376
49.798442359609766,5,3.0,0
49.79963057238588,9,4.0,10195
49.80030219526718,5,1.0,0
49.8015325573339,1,2.0,10377
49.806128811159944,7,10.0,10265
49.80768653391248,1,15.0,10378
49.809964559998384,6,2.0,10377
49.81702354232691,17,2.0,-7813
49.82366431357833,11,3.0,9727
49.825689450613645,4,25.0,10379
49.82617748461693,13,1.0,-12506
49.82973429181135,11,3.0,10209
49.83074840256029,5,6.0,0
49.83265764765153,6,3.0,10010
49.83354635582452,6,2.0,10270
49.83613955590181,3,7.0,10380
49.83690298307819,1,4.0,10381
49.83911577343121,6,3.0,10367
49.84440962642926,9,21.0,9989
49.845745515430956,7,2.0,10206
49.84632051151867,7,7.0,9914
49.846951216886325,10,17.0,10289
49.85686866056463,1,4.0,10382
49.85828681267484,7,6.0,10167
49.85894826020866,7,11.0,10200
49.86042469960342,11,24.0,10166
49.870764224431966,6,4.0,10158
49.87277587092518,10,2.0,10316
49.874143834490994,17,7.0,-1446
49.87811771324299,5,3.0,0
49.879622618318855,7,7.0,9862
49.880275707603474,15,1.0,-12455
49.88113163217576,15,2.0,-12440
49.882078226669634,17,9.0,-11115
49.88301044145416,13,2.0,-12497
49.88370709383052,7,5.0,10007
49.885913554698384,17,1.0,-11863
49.88752942934447,10,12.0,10349
49.887533928538325,5,2.0,0
49.8879445438836,6,4.0,10361
49.88980127064454,5,2.0,0
49.89297992138377,6,4.0,10241
49.893790269146336,7,6.0,9917
49.895468232461376,6,4.0,10185
49.896291398141344,17,10.0,-10819
49.89635297972001,12,24.0,10046
49.89648914012771,7,2.0,10026
49.89836711914134,10,36.0,10325
49.90227662255887,6,4.0,10324
49.90386110752268,10,11.0,10208
49.90579126986576,10,35.0,10317
49.907735200100234,5,3.0,0
49.9080477461312,4,14.0,10383
49.909683949225524,13,1.0,-12508
49.91555847156275,15,2.0,-12465
49.917953184166876,8,2.0,9906
49.918525908382826,15,2.0,-12462
49.918776130439404,1,9.0,10384
49.92081430769225,4,2.0,10385
49.923285459996364,1,7.0,10386
49.92409404682531,15,3.0,-12464
49.93086249295474,5,2.0,0
49.93284816276726,6,10.0,10255
49.934516002365164,1,1.0,10387
49.93705371594362,5,9.0,0
49.9380301663998,17,5.0,-11275
49.93807096649352,5,5.0,0
49.93818189091854,7,2.0,9842
49.94173343449341,7,36.0,9969
49.942664469175206,17,4.0,-12264
49.94299584033056,1,1.0,10388
49.94377622136159,1,2.0,10389
49.94510614510595,1,2.0,10390
49.94536127657726,2,5.0,10391
49.947828927644316,6,3.0,10257
49.94901442217686,11,2.0,9982
49.94948531137682,1,1.0,10392
49.950517731041025,7,4.0,10229
49.95072107070811,10,12.0,10359
49.95525299709458,113,56.0,-12491
49.95767183222655,4,8.0,10393
49.95774302698781,6,1.0,10295
49.96185896492975,7,5.0,9892
49.96289076152404,11,4.0,9607
49.96450176740798,4,5.0,10394
49.965253257543424,10,29.0,10323
49.96585074998609,12,7.0,10168
49.970407429234335,4,24.0,10395
49.97080514230065,7,2.0,10144
49.97094194319767,17,1.0,-10462
49.972245143319704,7,2.0,9949
49.97297174641577,6,1.0,10301
49.97552836987405,15,1.0,-12450
49.976606502362216,3,31.0,10396
49.987331618512506,1,3.0,10397
49.988091662335705,9,7.0,10186
49.99004563136924,4,1.0,10398
49.990468128093696,5,4.0,0
49.996922180372614,5,2.0,0
49.998529440568774,1,5.0,10399
49.99989412280599,6,3.0,10347
50.002776522931576,9,47.0,10025
50.00644481431677,1,2.0,10400
50.006854004249504,7,2.0,10038
50.00739711641198,11,5.0,10047
50.00917566287815,16,5.0,3206
50.01017477640339,16,3.0,9812
50.01073361439724,7,3.0,10056
50.01288907574572,5,3.0,0
50.01293813096596,12,14.0,10277
50.01547446821462,6,8.0,10212
50.01752763718984,5,2.0,0
50.01814125863702,5,1.0,0
50.02912340972181,5,3.0,0
50.02915610631643,6,1.0,10318
50.03356273647167,5,4.0,0
50.03703544868698,5,7.0,0
50.037223307372955,6,4.0,10303
50.03767856267054,12,51.0,10145
50.0377074714362,6,1.0,10353
50.03884747425817,10,1.0,10398
50.041522035406686,1,1.0,10401
50.04327746361288,11,8.0,10147
50.043683583927674,7,2.0,10291
50.04375322745449,10,4.0,10315
50.04477737718343,5,2.0,0
50.0452687261025,11,10.0,9902
50.046560939245346,7,3.0,10073
50.05028061244994,17,17.0,-4541
50.051333978710815,9,4.0,10108
50.05265520145273,4,7.0,10402
50.05327394879159,7,10.0,10111
50.05440448511864,8,7.0,10098
50.057058966785284,7,2.0,10023
50.0577200491957,7,4.0,10064
50.060389202891436,5,5.0,0
50.061126122509606,4,3.0,10403
50.06136001541604,5,5.0,0
50.061828531240124,7,1.0,10261
50.06223748626342,6,10.0,10362
50.06276609410474,17,4.0,-12223
50.06379163366191,5,1.0,0
50.064595053292386,17,14.0,-12141
50.064624074627645,1,10.0,10404
50.06631579102552,10,2.0,10292
50.06783773128724,11,10.0,10143
50.068828064054514,5,1.0,0
50.07042372045898,5,5.0,0
50.07173832550211,1,3.0,10405
50.07204827479517,5,2.0,0
50.07260040687262,3,52.0,10406
50.075612036856334,10,25.0,10379
50.076689815824935,6,3.0,10328
50.078130722771974,17,6.0,-9351
50.078431157271915,5,5.0,0
50.08362383753826,9,28.0,9867
50.0857976805635,5,1.0,0
50.087766870203595,7,2.0,10000
50.091938345943795,6,2.0,10190
50.094113942177515,1,16.0,10407
50.09685579529388,7,1.0,9999
50.09875758784974,10,24.0,10395
50.09891356697829,8,2.0,10217
50.099733995451594,8,2.0,9886
50.106457873658805,6,1.0,10180
50.106948078792236,5,1.0,0
50.108103245091726,1,4.0,10408
50.10994834136375,11,24.0,9964
50.11416615743086,16,42.0,5054
50.11416837108623,7,1.0,10250
50.115428691139904,17,21.0,-7500
50.116047459010964,10,1.0,10350
50.11622736473326,5,4.0,0
50.11757610930483,6,2.0,10389
50.12012251937634,6,7.0,10365
50.12096160157923,7,6.0,10184
50.12354180983769,7,16.0,9431
50.12737776827441,3,4.0,10409
50.12759836744523,10,45.0,10286
50.13016066447285,1,2.0,10410
50.13066244276111,4,8.0,10411
50.13149005767791,6,3.0,10201
50.13216224264301,8,9.0,10218
50.133360788234675,5,6.0,0
50.14421860862769,4,1.0,10412
50.14550296536709,16,9.0,9235
50.14568481455535,10,8.0,10363
50.146889157961944,10,2.0,10358
50.15163246525247,11,3.0,9720
50.151726621589475,15,3.0,-12481
50.152840319031185,9,6.0,10021
50.15443057285933,7,3.0,10271
50.15633818055674,7,3.0,10175
50.162196892962456,5,2.0,0
50.165280655540315,10,4.0,10331
50.167585244236584,11,6.0,9912
50.169224213564355,14,2.0,-12524
50.170929264883384,12,15.0,10259
50.176689017792356,7,4.0,10215
50.17861756883937,17,1.0,-10976
50.181173038974286,3,25.0,10413
50.18177806574302,4,4.0,10414
50.18903289027613,1,2.0,10415
50.19330007061694,4,4.0,10416
50.1940255069468,9,28.0,10048
50.19490336259292,1,7.0,10417
50.19529226619517,17,2.0,-12328
50.19638027215185,6,7.0,10386
50.19753543390559,11,1.0,10035
50.19753543390559,16,1.0,10035
50.197800566361884,7,7.0,9855
50.19803952908738,4,1.0,10418
50.20134743487412,16,5.0,8831
50.20164199300417,1,3.0,10419
50.20267699526084,7,10.0,10196
50.20300913547473,11,4.0,10197
50.203113436090945,9,20.0,10210
50.20481946851474,12,46.0,10060
50.205673876599334,1,12.0,10420
50.20595148977776,6,1.0,10322
50.2070300495705,15,1.0,-12471
50.20762294623361,17,1.0,-8684
50.21895017661629,13,3.0,-12525
50.21967321163218,10,2.0,10228
50.22240301188876,3,12.0,10421
50.22453939478391,6,4.0,10374
50.22566669624962,7,8.0,10240
50.22584646406078,9,21.0,10027
50.22870038546638,1,9.0,10422
50.22938550865722,5,2.0,0
50.23369118314539,10,31.0,10396
50.23381051383957,11,2.0,10116
50.23444747779056,17,2.0,-10939
50.234458468736086,11,2.0,10137
50.23736625469893,7,8.0,9976
50.238409606798506,17,3.0,-10425
50.24195893388469,1,3.0,10423
50.242199995463714,8,1.0,10256
50.24225292669113,1,5.0,10424
50.24311512931591,17,2.0,-2810
50.245272595872315,4,26.0,10425
50.24672132316008,4,18.0,10426
50.24794982434639,16,2.0,7952
50.250130302015236,3,28.0,10427
50.251235159649795,4,1.0,10428
50.2527843838797,3,57.0,10429
50.25346119650746,5,2.0,0
50.260379384255245,1,3.0,10430
50.262608777212904,11,15.0,10216
50.26520375216062,6,1.0,10401
50.26606344523979,7,3.0,10052
50.268111270404454,10,4.0,10409
50.26903457854019,4,59.0,10431
50.27116293547002,3,3.0,10432
50.27191135118551,17,2.0,-8102
50.27561694778175,1,1.0,10433
50.27619771537786,3,7.0,10434
50.27627658906282,16,33.0,9693
50.276323289377586,1,6.0,10435
50.27722851610557,11,4.0,10192
50.2779600599353,15,2.0,-12489
50.27838820877842,17,4.0,-10220
50.28244534495677,4,15.0,10436
50.28277596268963,4,14.0,10437
50.28336133506085,11,1.0,10067
50.284890939903356,1,1.0,10438
50.28552864950477,17,3.0,-12072
50.28571188185617,5,44.0,0
50.288160586367155,17,1.0,-9902
50.2950005718203,4,7.0,10439
50.29561291893797,17,5.0,-11699
50.297126654382254,9,5.0,10191
50.29889320746542,1,10.0,10440
50.299932152606004,1,4.0,10441
50.30044015407085,1,2.0,10442
50.30172145006224,1,2.0,10443
50.30389039943446,6,9.0,10384
50.306469226751304,6,3.0,10423
50.30655946884085,11,5.0,10246
50.31311650724503,17,2.0,-2891
50.31468321217697,8,4.0,10063
50.31818661150913,1,3.0,10444
50.32065137329089,10,1.0,10267
50.32215564728986,17,2.0,-11398
50.32259070855705,4,20.0,10445
50.323954818388884,6,2.0,10390
50.32455868189065,11,33.0,10199
50.328066089837705,5,2.0,0
50.33006048892327,11,9.0,10080
50.33524206074161,1,1.0,10446
50.33605448809073,12,1.0,10350
50.33605691085895,14,7.0,-12519
50.33823194847405,6,7.0,10287
50.34057028864767,3,8.0,10447
50.341057272485436,17,1.0,-11060
50.34201107157483,16,1.0,7672
50.34343565721791,11,14.0,10084
50.3435756905601,10,57.0,10429
50.34632390211901,12,4.0,10092
50.35040335712106,6,1.0,10343
50.3524626801552,17,4.0,-987
50.35467429977828,7,9.0,10136
50.358728782445645,6,1.0,10438
50.36794172427455,14,25.0,-12509
50.36795724855152,10,4.0,10114
50.37430098423091,17,1.0,-11695
50.377537039882576,4,6.0,10448
50.378207604351864,11,10.0,10214
50.37834889660671,10,21.0,10372
50.380962822552284,1,3.0,10449
50.381280679503114,9,24.0,10046
50.38140096881183,1,1.0,10450
50.381955568751074,8,11.0,10075
50.38287313817487,7,5.0,10284
50.38313292255281,5,1.0,0
50.38371958135797,4,9.0,10451
50.385507394827876,9,4.0,9805
50.386121034394336,6,1.0,10387
50.38726803141558,11,2.0,10045
50.39104604199847,5,5.0,0
50.391288030609395,11,33.0,9992
50.39397039615135,10,4.0,10416
50.39785251888599,4,6.0,10452
50.39827210454894,11,2.0,10100
50.40352270212372,4,7.0,10453
50.40572475940057,10,16.0,10352
50.407428473751814,6,9.0,10375
50.40772595437855,7,5.0,10204
50.4080937762273,8,1.0,10353
50.40945116029989,1,3.0,10454
50.4094560833283,10,6.0,10448
50.40984794722125,10,7.0,10380
50.41622891209532,3,46.0,10455
50.41802592605699,5,4.0,0
50.4192054845932,5,3.0,0
50.419924060242096,5,5.0,0
50.42167884642642,5,3.0,0
50.421768705593976,113,46.0,-12517
50.42531643993522,5,8.0,0
50.4255348909124,1,10.0,10456
50.42673377209396,11,16.0,10154
50.426882005223675,10,52.0,10406
50.428621054740795,17,1.0,-5089
50.43161060732636,1,4.0,10457
50.434759345881524,6,1.0,10433
50.43545970254845,6,1.0,10450
50.43746598019148,15,1.0,-12488
50.438809376385166,15,1.0,-12482
50.44242578518889,1,1.0,10458
50.45207602614999,10,9.0,10451
50.45217213148636,14,2.0,-12514
50.4530769117961,11,35.0,10124
50.45408044190697,6,2.0,10357
50.45486731282935,16,42.0,9437
50.455633071350576,13,5.0,-12522
50.45800958126222,13,6.0,-12520
50.4631112367318,17,1.0,-9506
50.4635962126579,5,1.0,0
50.464416343902116,7,1.0,10179
50.464495204090696,14,6.0,-12510
50.46787798573447,16,6.0,8982
50.47205003840241,3,4.0,10459
50.47350782998215,17,2.0,-11842
50.47367634009128,11,3.0,9970
50.47497062645392,6,3.0,10274
50.475973380859294,10,4.0,10321
50.4823713673294,15,1.0,-12480
50.482990233212824,5,1.0,0
50.483339752755924,15,2.0,-12474
50.48463278946462,5,7.0,0
50.4859157462338,17,1.0,-12120
50.48729045490264,10,2.0,10346
50.48767311521714,3,5.0,10460
50.49084930906104,11,7.0,9853
50.49084930906104,16,7.0,9853
50.49267530631959,10,15.0,10436
50.49368437314257,11,3.0,10177
50.49553185892591,10,4.0,10319
50.499312490078765,1,1.0,10461
50.50105109407147,15,3.0,-12479
50.50233783082217,1,2.0,10462
50.503831408278344,12,12.0,10107
50.505939925970246,9,2.0,9728
50.510383558555255,15,2.0,-12483
50.51077093858878,13,2.0,-12516
50.510817277985254,5,4.0,0
50.510956197155465,15,7.0,-12476
50.51221373047124,17,26.0,-11700
50.51292074651007,3,5.0,10463
50.51616838907445,10,1.0,10412
50.51709108663153,1,5.0,10464
50.518777422735035,17,2.0,-11161
50.520811529550386,5,1.0,0
50.521970250257674,6,5.0,10391
50.52337156606521,5,4.0,0
50.523636540279085,6,5.0,10341
50.52494993636886,10,2.0,10385
50.52649473409623,11,4.0,10315
50.52911881057559,6,2.0,10410
50.53110701258691,11,8.0,10224
50.53504689270706,4,14.0,10465
50.540066401509854,5,4.0,0
50.54173519844713,10,20.0,10445
50.542296154003445,11,13.0,10028
50.55449736247408,9,2.0,9886
50.56044881243097,17,4.0,-11768
50.563703096981996,5,4.0,0
50.5642720336331,1,1.0,10466
50.5679261960687,17,1.0,-8738
50.56908166651586,3,22.0,10467
50.569697070435026,6,4.0,10382
50.57078291296915,3,31.0,10468
50.57464537856711,5,4.0,0
50.575052491684524,16,1.0,9332
50.57579206219608,4,6.0,10469
50.5769519161411,6,4.0,10381
50.57848178182278,14,3.0,-12513
50.57850713212977,11,7.0,10173
50.57982009534285,7,5.0,10221
50.58470863173368,7,13.0,9955
50.585678009505735,17,1.0,-11672
50.586480170312754,11,2.0,10262
50.587865648688435,7,5.0,10171
50.58942907087111,5,6.0,0
50.59164318238,17,5.0,-6641
50.59196263187368,16,5.0,4613
50.59243906691185,16,21.0,9681
50.593775864624945,6,1.0,10392
50.59388791280898,6,15.0,10378
50.59446117587607,6,6.0,10024
50.5976118865382,4,8.0,10470
50.5976173542808,10,27.0,10310
50.597778597999515,4,1.0,10471
50.60080826959059,15,3.0,-12473
50.607061691429024,7,5.0,9686
50.608475581835194,1,6.0,10472
50.60909147449387,1,5.0,10473
50.613776990162926,10,6.0,10146
50.61426329779944,6,6.0,10335
50.61557925318439,10,3.0,10432
50.61614406626605,1,4.0,10474
50.61843047025208,10,28.0,10427
50.62133418184759,6,1.0,10461
50.62185483115662,17,2.0,-9434
50.63191281162709,6,7.0,10356
50.63297997459754,6,1.0,10309
50.63323012228277,15,4.0,-12484
50.63331525560784,6,1.0,10258
50.63462372867016,8,1.0,10344
50.63628849859423,11,1.0,10398
50.63849581609723,1,4.0,10475
50.640115684836246,3,6.0,10476
50.64161031933304,7,4.0,9807
50.644322985989,7,1.0,10278
50.64641465922408,10,19.0,10263
50.64918587252085,11,4.0,9903
50.651682036794426,1,7.0,10477
50.65667534913676,8,2.0,10260
50.65674140074206,15,1.0,-12487
50.657185801082825,11,18.0,10300
50.65929824015811,11,6.0,10194
50.66451359385407,1,5.0,10478
50.66522565339365,10,22.0,10467
50.67607753222429,5,5.0,0
50.67807580670148,15,13.0,-12486
50.678379873585584,5,5.0,0
50.67930124861905,10,1.0,10471
50.682684242604076,1,1.0,10479
50.68479037130739,4,4.0,10480
50.68839614528195,10,3.0,10403
50.689632768505035,4,2.0,10481
50.68999191648909,17,3.0,-5301
50.69076250054204,5,2.0,0
50.693629158357545,16,6.0,9366
50.69410212831095,15,1.0,-12478
50.69499866717399,4,1.0,10482
50.695941346116406,1,4.0,10483
50.69682434756578,6,1.0,10312
50.69873358300739,1,1.0,10484
50.699355169034064,9,2.0,10217
50.70005644237614,6,4.0,10457
50.70290252923454,9,4.0,10063
50.70516254906112,6,2.0,10443
50.70613269010957,6,1.0,10182
50.70952968280979,11,8.0,10095
50.710195826178456,10,7.0,10434
50.71334175914383,5,1.0,0
50.71948704133641,17,2.0,-8630
50.71972760783188,15,1.0,-12477
50.72113901695384,4,2.0,10485
50.7225389395125,7,1.0,10266
50.72302296913733,6,5.0,10371
50.72868229867756,1,6.0,10486
50.72934790615636,4,2.0,10487
50.73187367374676,4,1.0,10488
50.73260793709499,5,9.0,0
50.73347938341092,11,3.0,10351
50.73358729034005,3,45.0,10489
50.735578989377366,5,1.0,0
50.73734783078911,10,26.0,10332
50.73900888547679,4,8.0,10490
50.73974340111284,11,11.0,9997
50.73998676102324,5,2.0,0
50.74320555019646,5,3.0,0
50.74744311261996,7,7.0,10138
50.74820879595023,4,3.0,10491
50.75015970797279,5,4.0,0
50.75081709680576,10,1.0,10428
50.753197033917665,16,3.0,9619
50.75328526208634,7,9.0,10207
50.75794924051742,1,2.0,10492
50.75866065939159,7,9.0,10268
50.760934606589295,11,9.0,10296
50.76099080289985,5,5.0,0
50.761170610626,12,4.0,10227
50.76513049142597,1,6.0,10493
50.76596379060221,6,12.0,10420
50.77271075704282,6,1.0,10373
50.77663563205904,10,29.0,10368
50.777337843072125,8,6.0,10335
50.7799363816966,14,4.0,-12526
50.780939998314544,3,55.0,10494
50.781117236550905,11,1.0,10189
50.78135190000991,1,2.0,10495
50.781833968474245,4,11.0,10496
50.78584371357979,6,2.0,10333
50.78723805508373,10,1.0,10488
50.78731095854163,14,4.0,-12511
50.79204395297629,11,11.0,10151
50.79521206451408,11,52.0,10294
50.79573323678567,7,3.0,10117
50.79588271892502,6,1.0,10466
50.79698704756515,12,2.0,10292
50.797376808928426,15,1.0,-12475
50.7980258475558,5,4.0,0
50.80061904464534,15,1.0,-12485
50.80448601814372,5,1.0,0
50.80538443389972,11,21.0,10372
50.80692323181971,17,2.0,-9832
50.80704243525861,3,52.0,10497
50.81196359845893,5,2.0,0
50.81443142823908,6,2.0,10400
50.81676717052303,7,3.0,10423
50.818922451949945,6,5.0,10293
50.82336215701261,7,4.0,9966
50.82396177141937,10,1.0,10418
50.82804309211352,9,7.0,10168
50.831758443850525,1,6.0,10498
50.83206850392407,5,4.0,0
50.832494535297165,10,4.0,10480
50.833138111499046,14,1.0,-12521
50.834020565720344,10,14.0,10465
50.8347719072417,4,27.0,10499
50.83757709596033,1,36.0,10500
50.83823089364993,7,3.0,10276
50.839627376986336,7,12.0,9962
50.83992294203143,7,4.0,10361
50.84141744727049,5,32.0,0
50.84176891212756,7,2.0,9986
50.84195424432172,11,7.0,10226
50.84340665193812,7,2.0,10313
50.84402358668482,5,10.0,0
50.84694767758767,15,2.0,-12472
50.84750307291646,4,1.0,10501
50.85248441578306,1,7.0,10502
50.85517317307503,13,1.0,-12527
50.85673793482405,16,2.0,7849
50.85940313523387,1,7.0,10503
50.8636566436701,10,28.0,10314
50.86413007173488,17,1.0,-9382
50.86470967951338,11,46.0,9938
50.86693280568124,1,6.0,10504
50.873104949984565,7,2.0,10389
50.873254615632156,11,24.0,10395
50.875251283333604,8,7.0,10386
50.87601245833839,3,25.0,10505
50.8765472951078,17,1.0,-6638
50.877814481393465,7,8.0,10160
50.88149498017121,10,7.0,10402
50.884066293602906,10,8.0,10447
50.88678876524735,10,12.0,10421
50.889156225077926,16,3.0,9581
50.89025720548887,5,2.0,0
50.891083183058406,14,6.0,-12518
50.891222750311094,7,6.0,9933
50.89459623940235,16,3.0,5046
50.89479536086389,5,3.0,0
50.89558610103016,8,4.0,10161
50.8957186550305,9,29.0,9894
50.89773947593608,9,4.0,10161
50.8993227820591,13,5.0,-12512
50.901811372885255,10,11.0,10076
50.90689477683022,1,3.0,10506
50.90699698017878,8,1.0,10312
50.90885640240374,1,4.0,10507
50.90886367647922,9,10.0,9918
50.90956462971819,5,1.0,0
50.91577860979508,5,6.0,0
50.9173174276849,4,8.0,10508
50.91789900586344,4,1.0,10509
50.918196195443294,6,10.0,10364
50.918325218867906,10,2.0,10330
50.91997868999417,6,3.0,10444
50.92362180299064,7,2.0,10082
50.92808799478178,1,3.0,10510
50.930254763485934,6,3.0,10397
50.93576461009899,10,8.0,10339
50.93846471212261,6,3.0,10405
50.94418214461068,17,2.0,-11062
50.94436213408579,10,8.0,10411
50.946348197826076,6,6.0,10504
50.946873834656046,9,15.0,10259
50.94997660473446,1,3.0,10511
50.952961433369694,17,6.0,-12084
50.953238707029634,1,10.0,10512
50.95533699204791,14,4.0,-12523
50.95697975425408,3,41.0,10513
50.961926379727885,11,50.0,10172
50.96251884169502,1,3.0,10514
50.964193825293094,10,7.0,10453
50.96730166950872,7,6.0,10222
50.96789029553938,6,5.0,10473
50.96792397310691,5,5.0,0
50.97124183481478,1,3.0,10515
50.97502790862025,17,1.0,-8445
50.975733853373534,17,3.0,-12111
50.97656050202797,13,2.0,-12515
50.97817630529593,10,48.0,10376
50.98170870783571,16,44.0,9401
50.982654508559555,17,19.0,-10904
50.987975574049294,11,52.0,10118
50.99011093120698,7,9.0,10327
50.99125089164026,7,3.0,9799
50.991868620225496,8,10.0,10364
50.99199161719337,6,5.0,10399
50.99288210924196,1,1.0,10516
50.99452906544835,1,3.0,10517
50.99537222961917,17,4.0,-11560
50.99541121639689,4,18.0,10518
50.996026319603814,6,6.0,10435
50.997096820888636,5,3.0,0
50.997927660403946,6,7.0,10503
50.99809039612187,3,5.0,10519
50.99991979763643,3,8.0,10520
51.001474646290404,15,1.0,-12495
51.001826777852635,9,56.0,9959
51.007532664711945,1,4.0,10521
51.008808584516295,11,4.0,10254
51.01213154922027,3,54.0,10522
51.013032904139,17,4.0,-11932
51.013955956404466,10,4.0,10329
51.014814695837785,10,17.0,10086
51.015736383525365,4,9.0,10523
51.0167863085769,11,22.0,10128
51.01901244118539,17,3.0,-12155
51.021335339401894,7,3.0,10041
51.0226119760118,5,4.0,0
51.02424507475889,17,1.0,-6507
51.024570391686254,6,6.0,10336
51.02511533730653,1,3.0,10524
51.02545840981123,10,26.0,10425
51.02610432519052,11,5.0,10355
51.026359179696016,17,3.0,-11671
51.04112719348553,11,46.0,10149
51.041596882740855,17,4.0,-10464
51.04292352498365,5,7.0,0
51.04336261900107,10,2.0,10485
51.04390844842735,16,2.0,9025
51.04522112404409,6,10.0,10440
51.0454507565762,9,4.0,10227
51.04726735426937,3,18.0,10525
51.04902830597958,14,4.0,-12533
51.05388992155302,17,4.0,-12098
51.058605089783974,10,1.0,10509
51.0597944091469,9,4.0,9834
51.06224401447138,10,1.0,10501
51.06231186156506,4,3.0,10526
51.06260630424767,17,3.0,-12222
51.063195765800174,5,2.0,0
51.06639078073135,4,42.0,10527
51.067581672558546,1,3.0,10528
51.06912928366209,17,2.0,-11433
51.07175454461198,10,27.0,10499
51.07284398867913,10,6.0,10476
51.07555771886159,13,2.0,-12535
51.075712885693946,3,30.0,10529
51.07859989449982,7,1.0,10230
51.08014487180522,17,1.0,-11301
51.08089275464866,10,14.0,10437
51.08116591467265,1,2.0,10530
51.082925522490015,6,4.0,9724
51.08410232658795,7,12.0,10174
51.0914118122764,7,5.0,10187
51.09284882438176,11,23.0,10234
51.100022313424795,17,1.0,-11747
51.1001240761931,17,9.0,-11432
51.10356973694744,5,2.0,0
51.10670465646028,1,2.0,10531
51.10842210951298,9,5.0,10088
51.108946554671114,10,45.0,10489
51.110213992718236,6,3.0,10517
51.11045312893266,17,8.0,-10945
51.11482254401926,4,4.0,10532
51.115942853419774,5,1.0,0
51.116071621522366,6,4.0,10474
51.11730366027676,10,5.0,10463
51.12062836478916,17,4.0,-11848
51.12660560548298,8,4.0,10283
51.12977505973562,6,4.0,10483
51.13431817119353,10,8.0,10393
51.136970438722045,5,2.0,0
51.13838030305286,4,15.0,10533
51.14077275517219,17,2.0,-11291
51.14239797815767,4,1.0,10534
51.14301240421693,7,9.0,10109
51.144442137399814,11,10.0,10253
51.1456471972171,7,2.0,10190
51.14616428134471,16,19.0,1303
51.146927463597905,17,3.0,-9036
51.14774163610107,7,4.0,10241
51.15223168752052,7,5.0,10297
51.15741982025198,1,4.0,10535
51.16096532868336,17,1.0,-9724
51.163093684085055,7,2.0,10183
51.16581240875133,7,2.0,10390
51.1662356207673,7,15.0,10378
51.16871716609937,11,57.0,10106
51.17260141604261,10,9.0,10523
51.17362403219634,1,9.0,10536
51.174881204638005,17,5.0,-11607
51.17820625976566,4,5.0,10537
51.182144839448796,8,1.0,10392
51.18574165931594,17,1.0,-11340
51.18670340716849,15,1.0,-12506
51.18851505552978,11,11.0,10054
51.190327232084265,1,4.0,10538
51.192869707661785,12,16.0,10352
51.19296174865824,1,4.0,10539
51.19679317780932,3,33.0,10540
51.19744829922573,5,1.0,0
51.20003194578555,10,14.0,10383
51.200342214006646,10,41.0,10513
51.20625293740489,6,3.0,10515
51.20705131052896,7,1.0,10318
51.20719047143129,6,3.0,10430
51.211430428711026,16,1.0,7486
51.21285162148626,1,3.0,10541
51.21343860623842,7,1.0,10169
51.21726254247859,8,1.0,10182
51.22591160307461,5,1.0,0
51.228324389295594,7,3.0,10201
51.23443841340657,17,1.0,-11353
51.2357367792469,1,1.0,10542
51.2405428815344,1,4.0,10543
51.24662761627426,7,9.0,10306
51.250814548588615,12,7.0,10380
51.25204521404871,7,3.0,9983
51.25333050172631,15,1.0,-12505
51.25434608251131,6,3.0,10528
51.25625465802053,7,6.0,10044
51.25749978885238,1,3.0,10544
51.25774880896129,5,1.0,0
51.25778439469191,1,8.0,10545
51.25807003077397,6,1.0,10354
51.259026598366866,15,3.0,-12502
51.25993060477235,17,2.0,-11722
51.26670683721884,17,2.0,-10671
51.26863951244375,1,2.0,10546
51.26889133865174,10,5.0,10519
51.272151742724276,11,38.0,10032
51.27266332652497,6,4.0,10475
51.27294049953648,1,2.0,10547
51.27372809133066,6,2.0,10531
51.274688808217,6,1.0,10516
51.27537608196952,5,8.0,0
51.27756871967271,6,1.0,10479
51.27780090515931,6,2.0,10462
51.2780306119977,17,2.0,-11332
51.27998377971959,6,4.0,10181
51.283543569986264,16,3.0,9792
51.28497842771501,17,5.0,-12299
51.28542272935161,7,3.0,10308
51.28577901828889,7,7.0,10273
51.28642013343763,3,51.0,10548
51.28702004870848,4,6.0,10549
51.29021859847154,6,1.0,10388
51.294319196963784,5,7.0,0
51.297532969852014,10,7.0,10338
51.29759935238843,1,3.0,10550
51.29843396864826,1,3.0,10551
51.30083757705719,7,1.0,10155
51.30599166223526,15,1.0,-12504
51.30776801135083,11,11.0,10156
51.310678467735286,10,10.0,10342
51.310868087726504,9,59.0,10115
51.31152730888815,5,1.0,0
51.31276069968581,6,4.0,10441
51.32186458647929,3,7.0,10552
51.3235039988854,9,12.0,10107
51.323990958099316,17,2.0,-8577
51.324292829055516,10,5.0,10460
51.32999652159796,8,3.0,10285
51.33036833147089,6,6.0,10486
51.33445312397086,6,2.0,10546
51.337036371010974,17,1.0,-9706
51.337116709687535,17,1.0,-12283
51.33937340088326,6,3.0,10551
51.341508472094134,15,3.0,-12490
51.341508472094134,17,3.0,-12490
51.34362619620351,15,3.0,-12503
51.34392766294667,6,1.0,10337
51.34598040440775,11,4.0,10239
51.35095518988782,3,4.0,10553
51.35194442932227,3,25.0,10554
51.356079751411215,1,1.0,10555
51.35953299879907,3,17.0,10556
51.36078134250929,1,2.0,10557
51.360838698850095,9,9.0,10218
51.36288952551405,1,5.0,10558
51.36630200897467,11,4.0,10140
51.36686559618863,7,1.0,10295
51.36742246754305,5,3.0,0
51.36815998254359,17,2.0,-11736
51.369913836377826,5,2.0,0
51.373197332610566,7,1.0,10275
51.374912574769425,1,2.0,10559
51.375060304982476,11,20.0,10249
51.375060304982476,16,20.0,10249
51.37588310843309,6,5.0,10478
51.37626724693278,5,1.0,0
51.37803184387521,7,4.0,10303
51.3786039276174,17,3.0,-12208
51.37929191688251,6,3.0,10541
51.38102247357515,6,2.0,10530
51.38303146939346,17,1.0,-9963
51.38387761341746,17,1.0,-8585
51.38434542094797,17,3.0,-11616
51.38678144035885,13,1.0,-12537
51.38695050489221,6,5.0,10424
51.39262665996153,1,3.0,10560
51.39428778850907,17,4.0,-11742
51.3964962118271,7,8.0,10212
51.398607768726436,17,3.0,-10609
51.39928205534491,5,1.0,0
51.399525247131415,1,5.0,10561
51.40058642621516,5,6.0,0
51.4007841176818,6,3.0,10419
51.402437818593334,15,2.0,-12500
51.40283026222453,11,1.0,10302
51.403781227864755,17,2.0,-8040
51.40619965054069,8,3.0,10347
51.407458788603755,3,25.0,10562
51.41174959880701,11,8.0,10363
51.41272531261563,5,8.0,0
51.414858846667286,5,5.0,0
51.4160457184397,9,3.0,10347
51.416371279602885,3,5.0,10563
51.41768452286536,9,51.0,10145
51.417914466906716,17,2.0,-10098
51.419189321804105,17,15.0,-10910
51.42143914350311,7,31.0,9786
51.42150387805346,3,57.0,10564
51.42304111191375,17,1.0,-11559
51.42390724266662,8,1.0,10438
51.42436971965021,17,1.0,-11655
51.4257859973098,17,1.0,-10261
51.4279885862186,1,1.0,10565
51.428810899889484,5,3.0,0
51.43074879370431,4,1.0,10566
51.43076329755072,10,7.0,10552
51.43340913177474,6,9.0,10536
51.43500699328709,17,3.0,-376
51.43501550532141,17,2.0,-11664
51.43606133683356,5,2.0,0
51.4364741286879,7,5.0,10304
51.437681790120635,8,3.0,10257
51.438219277846336,5,17.0,0
51.440476121799165,9,4.0,10092
51.4463591521534,5,2.0,0
51.448049953756616,5,2.0,0
51.45272033206986,13,1.0,-12540
51.453542872346496,1,2.0,10567
51.454053951395366,12,1.0,10267
51.45466299768614,11,7.0,10282
51.457840429795354,3,41.0,10568
51.46024512429623,4,3.0,10569
51.46311605739693,6,2.0,10547
51.46387495587339,6,5.0,10561
51.46455274385155,10,18.0,10426
51.46666831697734,6,2.0,10415
51.466930246551875,16,6.0,8832
51.46723660354131,17,1.0,-8433
51.470421370926424,3,39.0,10570
51.47568907473288,11,8.0,9715
51.47876955761998,4,3.0,10571
51.48105172296314,4,3.0,10572
51.481524056981826,11,4.0,10331
51.48498007473126,17,2.0,-10982
51.48685487306078,15,1.0,-12507
51.493221144003826,14,2.0,-12544
51.49376675228891,10,30.0,10529
51.49746409193446,1,1.0,10573
51.49833956945803,6,3.0,10544
51.498704117695304,5,2.0,0
51.4992406397603,9,2.0,10260
51.50058752015045,1,4.0,10574
51.50215309542715,13,2.0,-12528
51.50351325813742,16,54.0,9660
51.50453320587344,13,1.0,-12531
51.505957526089794,5,20.0,0
51.50650383917618,5,4.0,0
51.50682517871805,5,1.0,0
51.50869280576489,10,18.0,10518
51.51057453668624,3,34.0,10575
51.5154013951495,1,7.0,10576
51.51955067270282,1,10.0,10577
51.520337626623835,5,7.0,0
51.525123617174216,1,1.0,10578
51.525992550681366,7,1.0,10164
51.52759167191088,5,11.0,0
51.53016737374838,3,1.0,10579
51.53283870917692,7,2.0,10377
51.53295502401207,1,3.0,10580
51.53459829537908,10,17.0,10556
51.536081669345876,10,4.0,10264
51.536421682197876,16,1.0,9923
51.536791896321176,17,1.0,-11707
51.53835674333617,1,1.0,10581
51.53857018642512,4,11.0,10582
51.54053972532778,10,8.0,10470
51.541227518735965,6,2.0,10442
51.541436454931045,16,3.0,10231
51.544733711030425,7,7.0,10356
51.54796839484777,1,2.0,10583
51.548625594252066,4,6.0,10584
51.549248422028725,10,5.0,10563
51.549453361865844,1,1.0,10585
51.55236202911851,15,4.0,-12499
51.55357050074942,10,54.0,10522
51.568763241120834,14,11.0,-12534
51.571542656404226,11,21.0,9636
51.57250998088955,17,3.0,-11957
51.574024209453796,17,2.0,-10558
51.575360629208454,6,8.0,10545
51.57806505765803,17,1.0,-450
51.57850713212977,16,7.0,10173
51.58506430602912,12,5.0,10463
51.58867960234953,9,7.0,10386
51.588724726524035,9,4.0,10283
51.59104023717046,4,3.0,10586
51.59762209431625,5,3.0,0
51.59772620948774,8,5.0,10478
51.597797659649196,5,11.0,0
51.601375608081845,10,11.0,10496
51.603051944216304,16,5.0,9152
51.603732444779006,5,2.0,0
51.604704990954346,12,13.0,9944
51.60521446268746,15,2.0,-12497
51.605711885587326,5,4.0,0
51.61204371807565,5,4.0,0
51.61479648436777,6,1.0,10581
51.61604048995316,4,5.0,10587
51.61773494826856,10,10.0,9958
51.61831882316164,17,2.0,-11813
51.619072320711304,1,7.0,10588
51.622242622916524,5,1.0,0
51.62375142034985,7,2.0,10270
51.62648535562994,17,2.0,-9812
51.627825069171124,6,1.0,10565
51.628566978315,10,59.0,10431
51.62894262212416,7,2.0,10235
51.629034005450855,1,1.0,10589
51.63312170823539,16,3.0,9524
51.63393153516159,3,14.0,10590
51.633959252473474,17,7.0,-11237
51.63638628415458,11,4.0,10321
51.636742342378106,13,5.0,-12545
51.639168783653346,11,11.0,10208
51.63991201263329,16,2.0,4601
51.641005464518614,4,6.0,10591
51.641849055522506,6,4.0,10538
51.64268247327653,5,37.0,0
51.64369129866904,4,11.0,10592
51.64372890674836,6,3.0,10510
51.646000677763475,10,31.0,10468
51.6499615111226,3,46.0,10593
51.6556244065318,1,5.0,10594
51.659425744075534,1,3.0,10595
51.6598747166961,13,3.0,-12546
51.66077896836146,6,2.0,10233
51.663280512913474,11,3.0,10432
51.66383418168182,7,5.0,10340
51.66386648224707,9,7.0,10380
51.66472985403282,1,2.0,10596
51.667073862930685,15,1.0,-12501
51.6674660471935,17,3.0,-7309
51.673701513397134,13,1.0,-12541
51.67452284407553,5,2.0,0
51.67779444127765,4,6.0,10597
51.679514863088265,4,5.0,10598
51.68123544315673,11,1.0,10243
51.681688519494614,10,1.0,10482
51.68173588767446,11,2.0,10358
51.68173588767446,16,2.0,10358
51.683266396757496,1,9.0,10599
51.68378830538228,4,4.0,10600
51.683866683705794,8,4.0,10474
51.68621922054794,7,2.0,10334
51.68708784504176,17,1.0,-11972
51.6886562044332,3,4.0,10601
51.68928095649621,11,34.0,10219
51.69159132628349,7,4.0,10457
51.69293561706677,15,16.0,-12492
51.69316778451406,16,2.0,9104
51.69622697417873,1,2.0,10602
51.6983005314338,5,1.0,0
51.700112273811236,16,1.0,8075
51.70156971028898,1,1.0,10603
51.702233222681606,3,24.0,10604
51.70384211063858,7,1.0,10433
51.70657890365119,1,1.0,10605
51.706634570058455,1,3.0,10606
51.70686962558419,3,15.0,10607
51.70916987471132,6,6.0,10498
51.70982227268812,12,4.0,10480
51.70991247060527,9,1.0,10256
51.71078099241812,10,52.0,10497
51.713222017070024,1,5.0,10608
51.7139656152598,9,1.0,10182
51.71538497904751,11,42.0,10298
51.716407850260644,7,8.0,10307
51.716721228535434,6,3.0,10595
51.721149428781736,6,1.0,10542
51.72174709443036,16,3.0,9924
51.72392301558605,5,3.0,0
51.733161993682664,7,4.0,10252
51.73441153154225,10,33.0,10540
51.741481033301525,11,25.0,10379
51.7424267042234,6,4.0,10408
51.7442163217358,11,14.0,10220
51.74505784848071,11,5.0,10202
51.74598048331136,17,4.0,-8742
51.75069123978656,1,2.0,10609
51.751939891431334,4,8.0,10610
51.752908505836764,5,1.0,0
51.75298462786394,5,1.0,0
51.757592203177865,1,8.0,10611
51.757702255278275,1,2.0,10612
51.758049809123236,17,2.0,-9538
51.76089405080122,11,26.0,10332
51.760975296949404,1,6.0,10613
51.76729226117331,10,1.0,10579
51.767791396592614,9,7.0,10098
51.768666971995195,7,1.0,10301
51.769395664087554,16,36.0,915
51.77235953672995,17,1.0,-12452
51.77340154531903,6,3.0,10524
51.77541809383391,3,9.0,10614
51.77803503837653,17,4.0,-3775
51.77854907491838,10,40.0,10247
51.779171801924804,10,5.0,10587
51.78422948002812,5,1.0,0
51.784398954144045,15,1.0,-12496
51.789237991983825,15,1.0,-12508
51.789594113728384,10,7.0,10439
51.79078152298162,9,1.0,10267
51.791843082619295,13,5.0,-12542
51.79447931173858,14,5.0,-12538
51.7945023969718,4,31.0,10615
51.7947488642413,10,3.0,10526
51.79621558655878,4,3.0,10616
51.798097840458986,6,6.0,10613
51.798612245506064,7,58.0,10236
51.80086192147816,13,1.0,-12529
51.80254052712713,6,1.0,10578
51.804031158822326,6,9.0,10599
51.80594429009547,6,3.0,10511
51.806873333431135,4,7.0,10617
51.80945097864316,5,2.0,0
51.81024899562167,14,1.0,-12543
51.81468874072415,3,7.0,10618
51.81505367090428,10,46.0,10593
51.8157266614217,5,3.0,0
51.817306894078556,13,1.0,-12539
51.82105977837317,3,9.0,10619
51.82162347366831,5,13.0,0
51.82421952152174,15,2.0,-12493
51.82479709965068,13,8.0,-12530
51.830886128646284,6,1.0,10555
51.831252305598355,3,25.0,10620
51.83336618229026,9,46.0,10060
51.834248298734146,6,2.0,10557
51.8370278402432,6,6.0,10472
51.83914669801834,9,1.0,10438
51.83925726194148,17,2.0,-6588
51.84039170807388,4,5.0,10621
51.84120201049311,5,2.0,0
51.84554521510457,11,1.0,10501
51.84814363867871,1,4.0,10622
51.849639244635355,1,5.0,10623
51.85003128365913,5,3.0,0
51.854712443481695,12,8.0,10411
51.857993470375234,15,2.0,-12494
51.85949036227354,5,12.0,0
51.85992232684243,10,6.0,10597
51.86087917430009,5,2.0,0
51.86339805166159,1,3.0,10624
51.865289847679364,6,2.0,10492
51.866365586678725,17,3.0,-12256
51.8674098696352,16,19.0,9726
51.87393716991317,4,3.0,10625
51.874060703902515,10,3.0,10571
51.8756245013047,16,4.0,9488
51.876214839111725,7,1.0,10450
51.876517302254605,4,5.0,10626
51.87759314005102,6,1.0,10603
51.878621876019416,11,4.0,10319
51.878932613082355,5,8.0,0
51.87965784578086,1,2.0,10627
51.88399585929022,4,29.0,10628
51.888102094453366,7,2.0,10232
51.88825400569066,5,1.0,0
51.89114866633287,6,7.0,10248
51.895933364370286,7,4.0,10381
51.896653696045504,17,2.0,-11083
51.89743045589993,6,5.0,10558
51.90231935448837,10,25.0,10290
51.90332139108833,11,11.0,10280
51.90818972811532,6,1.0,10573
51.91232799557269,1,3.0,10629
51.913157086659126,7,8.0,10090
51.914430593850966,10,3.0,10625
51.91589453003342,17,5.0,-11190
51.918171167388934,15,1.0,-12498
51.92376133888579,1,1.0,10630
51.92804670736365,5,7.0,0
51.92845322356978,10,3.0,10586
51.929482120742236,7,4.0,10158
51.929956407592194,6,10.0,10404
51.930661102898725,4,4.0,10631
51.933612330276475,1,13.0,10632
51.934105552423304,17,2.0,-6173
51.93450968047521,10,29.0,10628
51.93488172912926,7,3.0,10281
51.93533514030269,11,9.0,10451
51.93846051550608,3,9.0,10633
51.939066221691434,12,59.0,10431
51.94001218707196,7,3.0,9979
51.940851262817105,17,1.0,-11308
51.94153098065959,13,1.0,-12536
51.9437387086267,5,4.0,0
51.95235761858513,10,39.0,10570
51.95365651160561,3,22.0,10634
51.95757196348298,7,4.0,10382
51.957891520956395,17,5.0,-9580
51.95955799254135,8,1.0,10258
51.96104474964031,11,36.0,10325
51.96107234663526,9,1.0,10344
51.96232949604522,9,7.0,9973
51.96959306320828,10,24.0,10311
51.972085197666665,16,57.0,9323
51.97552549733466,6,7.0,10477
51.97625317401464,16,1.0,9008
51.977726326401815,6,1.0,10458
51.97910435604055,4,49.0,10635
51.98060419430736,5,3.0,0
51.981552885165364,16,1.0,9211
51.98204352694945,7,2.0,10547
51.982143499879584,11,17.0,10086
51.98361146942161,6,3.0,10624
51.98363156373267,1,4.0,10636
51.98474150110487,13,2.0,-12532
51.985135437204384,5,18.0,0
51.985137414405074,10,25.0,10620
51.9855787333229,7,4.0,10126
51.98582802470348,7,1.0,10343
51.988566557679064,17,1.0,-10717
51.988764006596504,5,4.0,0
51.98920792460885,5,2.0,0
51.99137581727579,1,1.0,10637
51.99183085819348,11,6.0,10448
51.992157607839644,11,4.0,10299
51.99457555568312,6,2.0,10627
51.995496385180694,11,2.0,10225
51.99559884552901,8,3.0,10511
51.99722461955857,4,5.0,10638
51.9979606858479,17,6.0,-5649
51.99854644307234,10,5.0,10638
51.9989203437151,9,1.0,10350
52.00035769511477,7,5.0,10198
52.003799154611265,8,7.0,10102
52.00764770624595,7,4.0,10178
52.00814631689621,17,1.0,-11369
52.00962394919089,7,7.0,10244
52.01081319060332,1,47.0,10639
52.014820307332734,9,6.0,10335
52.015406928368215,6,3.0,10560
52.01774455591085,11,1.0,10471
52.02136281592753,7,3.0,10328
52.021464290949865,16,10.0,9146
52.022623390930306,17,1.0,-12252
52.02589896935048,17,1.0,-11854
52.0260000927492,17,1.0,-12011
52.026744542568984,6,7.0,10417
52.02930007529953,10,8.0,10508
52.03050398188238,7,1.0,10180
52.033550851961735,17,1.0,-8737
52.03806249436894,17,2.0,-10991
52.044378387465926,113,60.0,-12556
52.044389706365564,11,29.0,10323
52.045892395839594,7,6.0,10504
52.04955712776193,15,2.0,-12524
52.049958151503034,1,13.0,10640
52.05064784464875,6,1.0,10637
52.05140405018182,3,8.0,10641
52.052769113134545,11,2.0,10228
52.05327265861254,1,2.0,10642
52.05408449462124,7,3.0,10058
52.05425914155384,17,4.0,-10342
52.054349978085995,1,2.0,10643
52.05526823319817,6,10.0,10577
52.05549255602797,1,1.0,10644
52.05906552486634,5,1.0,0
52.06009544060521,10,25.0,10505
52.06079185446535,8,4.0,10408
52.0629900608463,7,5.0,10371
52.06627850525904,6,4.0,10636
52.068968246074974,17,1.0,-10118
52.07045162253037,11,1.0,10418
52.073677328680574,11,19.0,10263
52.07522078864585,17,1.0,-10468
52.07987732590152,7,5.0,10320
52.080899489875975,5,1.0,0
52.083622418707584,11,20.0,10445
52.084494548806724,10,5.0,10598
52.09181006331524,1,13.0,10645
52.09318979325781,7,10.0,10362
52.09359982325441,8,2.0,10546
52.09419440394416,7,3.0,9913
52.09672117217122,7,1.0,10461
52.101381115302416,17,5.0,-10967
52.10160212472249,10,5.0,10626
52.1025881903382,3,11.0,10646
52.10283675648187,4,5.0,10647
52.109103511419534,6,5.0,10608
52.109742349464646,8,4.0,10181
52.109853919447694,5,1.0,0
52.11079933939499,7,3.0,10274
52.11263945823536,8,5.0,10561
52.11592046141889,11,2.0,10008
52.11683087084465,6,2.0,10559
52.11702974901881,15,4.0,-12511
52.1189428611663,5,2.0,0
52.12482330988621,16,2.0,7043
52.124936892852666,3,11.0,10648
52.12570932326141,7,2.0,10415
52.1275875872499,5,1.0,0
52.12840145051872,10,11.0,10648
52.12916319350849,6,7.0,10576
52.12943556781386,3,53.0,10649
52.137433807312526,5,4.0,0
52.139213307838524,11,27.0,10310
52.147867832195985,13,1.0,-12548
52.15393432470356,9,11.0,10075
52.15492505574571,5,3.0,0
52.15582739211963,4,7.0,10650
52.15891887459485,6,3.0,10454
52.1644809994281,10,4.0,10459
52.165163335268105,11,37.0,10269
52.16762250723057,5,2.0,0
52.171307278695686,11,8.0,10339
52.172306383273984,17,1.0,-3567
52.17239902905313,1,2.0,10651
52.172433384556314,5,4.0,0
52.17249878528508,5,2.0,0
52.17862251075555,10,49.0,10635
52.18434203395098,11,4.0,10409
52.18508911587124,10,42.0,10527
52.18772041667821,4,2.0,10652
52.18821892511294,6,3.0,10506
52.193289330403715,7,3.0,10544
52.194874745868816,7,10.0,10255
52.19650279016053,10,57.0,10564
52.196795525679285,5,3.0,0
52.19798369796277,8,1.0,10322
52.203799966464985,113,39.0,-12555
52.205161873661716,11,22.0,10467
52.20523700231949,10,8.0,10610
52.20782257719457,1,11.0,10653
52.20994398589144,16,2.0,5572
52.213369156140566,7,2.0,10079
52.21362617362394,6,2.0,10567
52.21441904633986,9,14.0,10277
52.220844499170205,5,1.0,0
52.221259937320106,17,2.0,-8535
52.22489444051531,11,7.0,10338
52.22618802413552,15,2.0,-12516
52.22641002906863,11,20.0,10015
52.22653344225138,5,4.0,0
52.22807768236402,7,2.0,10141
52.2289939326622,5,4.0,0
52.23268480829783,3,8.0,10654
52.23308627712944,4,6.0,10655
52.233760155431284,3,52.0,10656
52.23500696620983,1,20.0,10657
52.23511506960373,7,2.0,10245
52.24013679338864,10,3.0,10370
52.24165705570893,9,1.0,10353
52.24626209711785,15,3.0,-12525
52.24704993319822,5,10.0,0
52.24711888082012,17,3.0,-12289
52.24792942673632,13,1.0,-12564
52.2516818187769,7,3.0,10551
52.25217533696924,11,42.0,10326
52.25217533696924,16,42.0,10326
52.25510829562481,3,36.0,10658
52.25626064205857,10,4.0,10414
52.26049579232339,4,15.0,10659
52.260657464866554,17,5.0,-11807
52.26100522867722,4,8.0,10660
52.262858287060446,5,6.0,0
52.26875151830884,3,11.0,10661
52.27299161120736,4,2.0,10662
52.27656339042151,1,1.0,10663
52.278201235312,8,5.0,10608
52.27916831738715,4,11.0,10664
52.27948423955884,17,2.0,-11914
52.28133339034448,9,16.0,10352
52.28133339034448,16,16.0,10352
52.28234978072538,3,33.0,10665
52.28499058470179,6,2.0,10602
52.285366541517796,1,32.0,10666
52.28545589138743,16,51.0,9334
52.28896286388055,5,3.0,0
52.289372091755524,13,1.0,-12547
52.29012228338003,1,59.0,10667
52.29025886399086,17,1.0,-10020
52.2926492604717,11,52.0,10406
52.296868685792134,10,9.0,10614
52.29698515492568,4,29.0,10668
52.298117929680366,7,3.0,10367
52.298558593041314,11,5.0,10288
52.30090071093153,10,15.0,10659
52.30662270910282,6,3.0,10606
52.307633806840826,15,7.0,-12519
52.30899891495726,3,9.0,10669
52.311530641646165,17,1.0,-9211
52.31339616862376,10,7.0,10618
52.31346300339903,17,2.0,-10675
52.31737015961021,15,6.0,-12520
52.320819900446764,11,4.0,10329
52.32120319684492,9,2.0,9906
52.32490923979567,1,4.0,10670
52.32706585029547,13,3.0,-12562
52.331931384974226,10,13.0,10366
52.33552403056892,17,1.0,-7113
52.33552991626024,1,2.0,10671
52.3377464907595,5,13.0,0
52.33906801009398,3,24.0,10672
52.340910903924176,17,5.0,-11243
52.343829236513336,7,5.0,10341
52.347461825539305,6,11.0,10653
52.34853411642174,11,14.0,10437
52.35225079706619,5,7.0,0
52.35295233556644,17,1.0,-5960
52.35687971384884,5,4.0,0
52.35702413220729,3,38.0,10673
52.35753629558859,10,15.0,10533
52.35821290788897,11,6.0,10146
52.36201167279348,10,5.0,10369
52.36202699169012,13,17.0,-12550
52.36285687227083,11,2.0,10330
52.365142540558146,10,3.0,10572
52.366131448186174,15,5.0,-12522
52.36712396070573,10,25.0,10413
52.367192452128414,5,4.0,0
52.368483096382334,4,3.0,10674
52.37922695496444,5,1.0,0
52.380797758371685,5,1.0,0
52.382046941023525,17,5.0,-12198
52.38252158098861,16,7.0,9461
52.382817485581796,5,1.0,0
52.386119333718675,5,1.0,0
52.38851030532147,1,7.0,10675
52.38894891782732,10,3.0,10616
52.38956771101018,6,3.0,10449
52.392855598800566,5,3.0,0
52.394782616059544,4,1.0,10676
52.39504152257583,5,4.0,0
52.39516959429079,7,10.0,10440
52.39761758843539,4,6.0,10677
52.39859474408867,8,4.0,10538
52.40154555963122,17,1.0,-697
52.402375579075574,4,11.0,10678
52.40546939812976,6,1.0,10589
52.40705099216547,1,4.0,10679
52.40788139939299,17,2.0,-9522
52.41052151896071,17,2.0,-9268
52.410971271370315,17,3.0,-6364
52.41590785623247,17,2.0,-2241
52.417169553715794,5,2.0,0
52.42157571455326,5,7.0,0
52.421695569376176,6,1.0,10484
52.42293201573387,11,7.0,10402
52.42293201573387,16,7.0,10402
52.423052732465464,12,7.0,10439
52.4234035248028,6,2.0,10671
52.426185045706916,1,2.0,10680
52.4296546930253,5,1.0,0
52.43259355475918,10,5.0,10394
52.43312210392682,9,7.0,10102
52.43367141584701,11,8.0,9809
52.44265736450912,8,4.0,10185
52.44270952594803,13,1.0,-12563
52.44302190278416,11,15.0,10436
52.44505661352116,17,6.0,-11310
52.44822197875883,4,4.0,10681
52.44987599380634,5,3.0,0
52.453840639691364,1,7.0,10682
52.45477198222937,1,7.0,10683
52.46231039853241,17,3.0,-529
52.46246088907811,11,2.0,10346
52.463952801561284,9,4.0,10480
52.46405934251198,4,39.0,10684
52.470078124816766,17,1.0,-11408
52.47013942833846,13,5.0,-12559
52.47030841489022,16,6.0,6348
52.47090113948332,5,6.0,0
52.471083614321174,15,4.0,-12523
52.471441698389846,6,5.0,10623
52.47308840792214,4,26.0,10685
52.47310625552575,7,3.0,10397
52.47442225400451,17,1.0,-10033
52.47545664370671,1,2.0,10686
52.476222600793506,4,2.0,10687
52.47771481033977,12,29.0,10628
52.47815084703836,11,9.0,10523
52.481262247786816,1,8.0,10688
52.485096681642204,1,5.0,10689
52.48663280735174,15,1.0,-12521
52.487367127328234,15,4.0,-12526
52.48866929988686,11,6.0,10251
52.489584240332576,11,4.0,10360
52.49377882514006,16,1.0,5843
52.49579435934782,7,4.0,10441
52.49638775459555,13,2.0,-12551
52.497307490540216,6,47.0,10639
52.49763955409745,7,3.0,10510
52.497802510527855,17,1.0,-11793
52.499416677191654,17,3.0,-8840
52.50317819161769,5,29.0,0
52.504670761223366,17,6.0,-6190
52.50982969528357,14,9.0,-12561
52.51091566687177,5,1.0,0
52.51169402278859,7,6.0,10024
52.51175102160885,7,6.0,10435
52.51213031866591,3,4.0,10690
52.51414414247925,8,4.0,10374
52.51479625989507,6,1.0,10585
52.5167979601622,9,4.0,10185
52.52166831484782,6,3.0,10580
52.5225078210676,9,3.0,10511
52.52266390423579,5,9.0,0
52.525184793328904,3,7.0,10691
52.52557630683342,1,3.0,10692
52.52676082405911,5,1.0,0
52.52956849230912,3,48.0,10693
52.531606190395365,15,6.0,-12518
52.53283084599668,6,1.0,10446
52.53486063323066,10,11.0,10664
52.53507686603548,15,25.0,-12509
52.53710167948607,16,1.0,7823
52.53797224824803,5,2.0,0
52.541891358662255,8,1.0,10309
52.54305706683077,10,4.0,10532
52.54371198874911,7,1.0,10542
52.54426461167988,12,35.0,10317
52.544356869665215,10,36.0,10658
52.54437988479676,6,2.0,10583
52.55156959790626,13,1.0,-12552
52.55342280713842,1,2.0,10694
52.55350342066904,4,2.0,10695
52.553973252616025,17,1.0,-11766
52.558155414611335,7,1.0,10373
52.55856036117634,7,3.0,10517
52.55884484477499,5,4.0,0
52.56321544966104,6,7.0,10675
52.56479161137849,10,39.0,10684
52.56494445339529,10,4.0,10601
52.5661841979344,3,8.0,10696
52.56626128709833,7,2.0,10531
52.56657963743772,5,1.0,0
52.5681544070599,1,2.0,10697
52.56920524479639,17,1.0,-11446
52.570252169567894,12,3.0,10616
52.57128340033912,17,3.0,-2076
52.571514799451734,5,3.0,0
52.57649701491569,5,3.0,0
52.57679512443583,3,19.0,10698
52.580570303147375,4,4.0,10699
52.58166231765253,5,18.0,0
52.58209794176996,5,4.0,0
52.585480964932245,17,1.0,-9594
52.58621093636411,3,3.0,10700
52.5871905314533,7,1.0,10237
52.58761921622948,15,2.0,-12514
52.590881632800205,10,15.0,10607
52.591300451427145,5,3.0,0
52.593013112576166,14,4.0,-12554
52.594831429870766,5,2.0,0
52.599159020478666,7,5.0,10424
52.59940299293722,17,4.0,-9822
52.59982551777357,1,43.0,10701
52.602129917559395,5,4.0,0
52.602732748761795,17,1.0,-11290
52.60523710369309,5,1.0,0
52.608698528934994,10,24.0,10604
52.60986661208249,6,2.0,10680
52.61013555843679,10,52.0,10656
52.611926810140666,4,1.0,10702
52.61521133184887,6,10.0,10512
52.61545941571166,3,8.0,10703
52.616300743011614,1,5.0,10704
52.61738076206358,7,7.0,10503
52.617917752740155,4,2.0,10705
52.61875146478735,1,2.0,10706
52.61933048513978,6,3.0,10550
52.619341783270364,4,10.0,10707
52.62360725806711,11,27.0,10499
52.625097792396275,15,6.0,-12510
52.62722755975265,1,8.0,10708
52.627825721558764,10,6.0,10549
52.62982824848224,17,1.0,-11358
52.633356585968116,10,5.0,10537
52.635022954573955,6,4.0,10507
52.635837221145835,11,7.0,10552
52.63702539349902,17,8.0,-11250
52.63833033420132,16,3.0,9275
52.63902195886162,12,5.0,10537
52.63967751040746,4,6.0,10709
52.641890042871864,17,3.0,-10628
52.64700688032293,17,3.0,-8955
52.647400187277,17,2.0,-6005
52.64767404948487,5,5.0,0
52.647914373740605,5,2.0,0
52.64793357630544,4,8.0,10710
52.651780132586694,11,4.0,10114
52.65248873604208,6,13.0,10645
52.65417594823616,4,3.0,10711
52.65587226210636,5,27.0,0
52.65929824015811,16,6.0,10194
52.66544145213417,1,4.0,10712
52.67043807905727,17,1.0,-11003
52.67267156052542,5,4.0,0
52.67304084789489,17,1.0,-9682
52.678468536814385,6,3.0,10629
52.68165978551164,17,1.0,-12104
52.68561361180798,16,5.0,2966
52.687301110457675,5,4.0,0
52.688813922123856,10,3.0,10674
52.688905610374576,11,48.0,10376
52.69149093091798,10,5.0,10621
52.69163777936096,6,36.0,10500
52.69364789617747,4,11.0,10713
52.69447480067262,7,2.0,10442
52.694868644074965,4,1.0,10714
52.69517333346242,10,24.0,10672
52.695784393996774,7,1.0,10401
52.697100023210574,11,2.0,10316
52.69941386755418,11,17.0,10289
52.700600499724295,15,1.0,-12527
52.700875258383384,5,4.0,0
52.7029182901301,5,11.0,0
52.70309947112139,11,18.0,10518
52.707338207987675,6,4.0,10670
52.708017268636,9,10.0,10364
52.70897766407176,3,10.0,10715
52.71060726714366,5,3.0,0
52.711227687848044,4,3.0,10716
52.71376288169539,9,1.0,10312
52.71686110907895,1,9.0,10717
52.71890933356115,11,6.0,10476
52.71896939746005,7,3.0,10010
52.72619403388022,17,1.0,-11080
52.72711396166519,3,58.0,10718
52.72881465654957,5,2.0,0
52.731009489080876,5,4.0,0
52.731502679785294,14,2.0,-12560
52.731639070256534,7,3.0,10444
52.736420123997476,6,4.0,10712
52.73870089852713,9,4.0,10374
52.73926109200377,9,3.0,10257
52.739676069730315,5,9.0,0
52.74323178114669,16,9.0,7330
52.746627881574824,6,13.0,10640
52.74779144056936,11,2.0,10485
52.74812618331315,7,1.0,10354
52.74939579935841,17,1.0,-11594
52.74956568630202,1,3.0,10719
52.75493685556176,4,4.0,10720
52.758205466486345,10,6.0,10677
52.762812717097134,12,2.0,10223
52.7644175751695,5,1.0,0
52.76608617396088,7,6.0,10242
52.767146264972936,4,12.0,10721
52.76731519219416,13,1.0,-12549
52.769743986631056,10,2.0,10662
52.77055706257215,17,1.0,-5500
52.77210344427687,16,3.0,5426
52.77767912660359,11,1.0,10579
52.77862692468541,1,1.0,10722
52.779555313522316,6,8.0,10688
52.78046259318015,6,13.0,10632
52.78309224966265,4,8.0,10723
52.78456671344391,10,8.0,10520
52.784963003308725,7,6.0,10613
52.78657400109776,10,3.0,10569
52.79150380297863,13,32.0,-12557
52.79466353009183,10,6.0,10584
52.79488680669374,10,4.0,10720
52.79505313958875,1,11.0,10724
52.79595650935487,10,3.0,10716
52.798699858935045,10,7.0,10691
52.80135691429598,3,7.0,10725
52.80166522175266,1,7.0,10726
52.80468245999837,9,35.0,10317
52.80547661836974,4,5.0,10727
52.8079218026527,9,4.0,10474
52.81579432390711,7,3.0,10541
52.81583300982585,17,2.0,-10614
52.815945162136614,7,4.0,9724
52.81672041116291,7,7.0,10576
52.81715847284477,1,4.0,10728
52.8205272474844,9,2.0,10546
52.82061655559849,5,1.0,0
52.820914230921154,7,5.0,10033
52.82230974441223,15,2.0,-12515
52.82278359631994,9,2.0,10223
52.82293738955957,16,1.0,9567
52.82459657244684,15,5.0,-12512
52.832337790101015,7,1.0,10337
52.833290784572874,4,5.0,10729
52.83353590342462,5,1.0,0
52.83627924387069,1,3.0,10730
52.839580814185055,6,3.0,10730
52.84356808551799,13,4.0,-12553
52.844272706353564,5,1.0,0
52.845804009421045,17,2.0,-11840
52.846045038442824,11,12.0,10349
52.850204038211125,1,2.0,10731
52.853343458761536,6,1.0,9872
52.85352314486831,11,17.0,10556
52.857739308718884,4,4.0,10732
52.86179799979835,10,5.0,10647
52.864415669417674,5,2.0,0
52.864755638974636,11,8.0,10393
52.86665131744505,17,8.0,-689
52.866676053210114,5,1.0,0
52.86700758738765,11,1.0,10412
52.87096308975005,17,2.0,-11805
52.87176008741368,10,33.0,10665
52.87579199454521,10,2.0,10705
52.87919888460623,1,10.0,10733
52.88048106966298,10,1.0,10714
52.882173773795344,17,1.0,-9873
52.8846142783909,10,11.0,10646
52.88493758603334,6,2.0,10697
52.88743831163867,1,4.0,10734
52.89148145375953,5,1.0,0
52.89400464549402,1,1.0,10735
52.89867838959137,10,14.0,10590
52.90038353728701,10,9.0,10669
52.90845458293159,4,1.0,10736
52.90988743427877,7,4.0,10324
52.91229664204192,10,3.0,10491
52.913143822802645,7,2.0,10492
52.91413504286326,1,3.0,10737
52.915360129231054,10,3.0,10711
52.91580042287579,6,1.0,10735
52.91618739037672,17,5.0,-10899
52.91720666676643,1,1.0,10738
52.91726706582688,6,2.0,10596
52.91751779920968,1,3.0,10739
52.918891819345795,5,43.0,0
52.920526540625026,5,12.0,0
52.922119520392705,6,9.0,10422
52.928585354853475,5,2.0,0
52.93329518812656,6,2.0,10612
52.93490968502537,12,14.0,10465
52.93809446245097,5,32.0,0
52.94150504842321,1,6.0,10740
52.942402395449,5,4.0,0
52.94377375454874,1,3.0,10741
52.94412172532187,17,2.0,-11257
52.946646693294575,6,5.0,10594
52.950074295113026,7,9.0,10384
52.950340480825425,1,1.0,10742
52.95148833411404,10,12.0,10721
52.953286748615994,4,30.0,10743
52.95430449805599,10,46.0,10455
52.959562655934555,5,1.0,0
52.96458845044856,15,3.0,-12513
52.966300576316044,6,6.0,10740
52.96860966033183,5,10.0,0
52.96896404951886,4,5.0,10744
52.9736988031971,11,8.0,10447
52.97384155422291,13,1.0,-12558
52.975339336980134,7,2.0,10627
52.97717021578767,5,14.0,0
52.97870526839321,5,3.0,0
52.98044398256239,4,11.0,10745
52.981939067963836,6,7.0,10682
52.98460339621636,17,7.0,-5861
52.98522035208893,11,24.0,10311
52.99011231956568,17,9.0,-9590
52.991526161747295,3,8.0,10746
52.99304046042355,6,1.0,10738
52.994751899794345,7,9.0,10375
52.995396629312125,7,5.0,10473
52.996289410338534,1,3.0,10747
52.997173260582215,10,8.0,10490
53.00016767397212,10,2.0,10487
53.000900216273,10,1.0,10534
53.00365964274754,10,8.0,10703
53.005610769492336,4,7.0,10748
53.00879884020152,7,2.0,10559
53.01023333864716,7,2.0,10567
53.01203518349944,5,1.0,0
53.01238837273856,7,1.0,10387
53.01301879574178,4,4.0,10749
53.01790897387914,1,5.0,10750
53.01802215887384,4,19.0,10751
53.018526874905014,6,1.0,10630
53.01874011479985,17,3.0,-11894
53.01976483580612,5,2.0,0
53.021091385659176,1,4.0,10752
53.02557135414051,1,4.0,10753
53.02822444886812,10,18.0,10525
53.029137593170304,17,5.0,-9321
53.03500801865866,1,2.0,10754
53.03566084075195,5,4.0,0
53.03821086124921,16,4.0,5246
53.03821108585002,1,1.0,10755
53.03827487312754,11,13.0,10163
53.03827487312754,16,13.0,10163
53.03830756910699,17,7.0,-10168
53.03849988909429,12,5.0,10626
53.043413366234134,4,3.0,10756
53.04416302283185,1,8.0,10757
53.047467657165065,10,9.0,10619
53.049484842039156,10,1.0,10676
53.050621829297675,1,1.0,10758
53.05280018833423,1,5.0,10759
53.05421421518205,1,1.0,10760
53.058265793186294,4,13.0,10761
53.05994745727156,5,7.0,0
53.0634800204434,10,3.0,10756
53.063699150148366,1,3.0,10762
53.06838633686245,4,5.0,10763
53.06840593688337,11,52.0,10497
53.068573636553616,5,2.0,0
53.06999102652075,11,5.0,10598
53.071821207920294,3,6.0,10764
53.07549783979698,1,1.0,10765
53.07653656859336,9,5.0,10463
53.07957591429677,10,4.0,10749
53.085039705110354,10,13.0,10761
53.08602846557111,8,3.0,10524
53.08938196902295,1,5.0,10766
53.08958546301764,3,10.0,10767
53.08967212807502,1,3.0,10768
53.09003862012792,1,2.0,10769
53.09042900788169,11,2.0,10385
53.0926238851666,3,1.0,10770
53.096287890392,5,1.0,0
53.098071095612866,6,1.0,10755
53.101656694742694,11,4.0,10416
53.103781087882204,12,3.0,10586
53.104297987295155,11,3.0,10403
53.104609750052816,6,4.0,10753
53.10504216710813,6,31.0,10101
53.105670258378815,16,1.0,9595
53.10625194978992,11,57.0,10429
53.10650056060925,9,4.0,10181
53.1100695100592,6,16.0,10407
53.113343191363484,16,16.0,9615
53.113531962922146,6,4.0,10539
53.12204084064731,6,2.0,10643
53.12290374023901,9,13.0,9944
53.12355229996289,9,4.0,10408
53.1235943978406,7,6.0,10336
53.12536734750521,13,2.0,-12580
53.12815916218189,6,1.0,10722
53.13052349888008,6,10.0,10733
53.13729191343528,17,4.0,-10658
53.13754912818361,7,2.0,10357
53.141956247704556,5,5.0,0
53.144508223521825,10,8.0,10746
53.145558745185646,11,10.0,9958
53.1456471972171,16,2.0,10190
53.14698765812905,7,2.0,10443
53.14803517794999,1,4.0,10771
53.14970762763922,7,2.0,10233
53.152562356272384,7,2.0,10410
53.15616174323868,5,2.0,0
53.1597278006185,1,3.0,10772
53.16166014358173,13,1.0,-12568
53.16951389282947,5,1.0,0
53.17368470107602,6,2.0,10651
53.18234817150274,6,10.0,10456
53.18323153262013,4,1.0,10773
53.18979624355318,1,45.0,10774
53.195669388267234,12,30.0,10529
53.19616782460079,4,15.0,10775
53.19657440642727,1,4.0,10776
53.19718484434248,6,2.0,10769
53.19818343714716,6,1.0,10663
53.20598012754513,5,4.0,0
53.20738682034648,16,3.0,9502
53.20984793445368,1,1.0,10777
53.210943345378006,9,14.0,10465
53.2119819398766,7,2.0,10162
53.21364362593157,10,19.0,10698
53.213823175278286,8,5.0,10623
53.214155620400824,16,12.0,4383
53.2177860006378,10,5.0,10727
53.22048252607005,11,25.0,10290
53.22219230508351,16,4.0,9860
53.22788535909227,10,9.0,10633
53.228015572229594,11,6.0,10597
53.22852723928161,4,29.0,10778
53.23146873770791,3,56.0,10779
53.23166542141066,17,2.0,-9740
53.23273831377892,5,3.0,0
53.232971760821506,5,4.0,0
53.23960937012956,1,6.0,10780
53.24458888674482,3,16.0,10781
53.246870346305116,11,11.0,10076
53.24864210784035,10,11.0,10582
53.24909735579121,10,38.0,10673
53.24915868978475,16,11.0,9659
53.24925121521475,4,4.0,10782
53.24931059330218,7,1.0,10479
53.251921452922396,1,9.0,10783
53.25367463132214,6,1.0,10760
53.25430117811394,14,2.0,-12582
53.25534184684084,10,2.0,10695
53.25765058885019,16,4.0,9616
53.26060430397881,17,2.0,-3507
53.261759526217105,1,2.0,10784
53.262171866187046,17,5.0,-11517
53.263772525256584,17,3.0,-9406
53.26462027832183,7,7.0,10248
53.26723239553532,10,10.0,10715
53.267613841174345,1,1.0,10785
53.2679118031115,11,6.0,10345
53.26945816217221,11,8.0,10610
53.27256067788419,6,9.0,10717
53.278732347048226,13,2.0,-12572
53.278879248117434,7,2.0,10530
53.27933686730021,11,45.0,10489
53.27981976041092,6,3.0,10719
53.2804853608505,6,5.0,10766
53.28307827145635,6,7.0,10683
53.28657579942633,10,2.0,10481
53.29161659425972,10,11.0,10678
53.29332423122359,15,1.0,-12541
53.29366552911264,5,4.0,0
53.29426269974866,7,2.0,10557
53.295328417283166,10,8.0,10660
53.29881534744123,12,7.0,10434
53.29884720251018,12,11.0,10646
53.30149113595474,7,3.0,10528
53.30543397321532,10,4.0,10553
53.30649339062362,5,1.0,0
53.311963870479154,11,3.0,10674
53.311963870479154,16,3.0,10674
53.31283664008095,9,8.0,10411
53.31330360794964,9,29.0,10628
53.31462884181798,1,1.0,10786
53.314847726727685,10,4.0,10732
53.31500586925761,11,2.0,10662
53.31702397234648,17,4.0,-10132
53.31759367387425,12,5.0,10621
53.321151207801044,10,4.0,10600
53.32186604693146,3,3.0,10787
53.32686713368982,3,48.0,10788
53.3284174264642,5,5.0,0
53.33042248572342,5,2.0,0
53.33132472150618,11,12.0,10421
53.333379836339134,16,13.0,9247
53.33537021431936,1,5.0,10789
53.3414347413684,5,2.0,0
53.341755314868315,17,1.0,-11576
53.342029813967386,3,13.0,10790
53.34206367696207,12,2.0,10695
53.34270313437389,6,8.0,10708
53.34278504646018,17,12.0,-12434
53.34449206471895,5,3.0,0
53.34492487883681,1,4.0,10791
53.34527380653628,5,4.0,0
53.348533222751,6,4.0,10728
53.34862152175985,5,1.0,0
53.350702658131155,17,2.0,-9761
53.35379320361748,10,5.0,10744
53.354028264874906,10,11.0,10592
53.35591692961902,5,3.0,0
53.356322652396955,7,47.0,10639
53.357969343823655,10,41.0,10568
53.360186618586056,8,10.0,10577
53.36318814161473,9,1.0,10309
53.36452175189123,11,39.0,10684
53.36998066695364,11,1.0,10428
53.370310342450054,5,1.0,0
53.37053029595191,14,3.0,-12566
53.37121461022611,11,1.0,10488
53.373436807579004,9,5.0,10561
53.373750413195566,5,4.0,0
53.37494569432413,4,1.0,10792
53.37685571070486,6,2.0,10784
53.38043309375665,16,3.0,8834
53.38347696761669,1,12.0,10793
53.38704843745505,1,2.0,10794
53.387908076863084,15,2.0,-12535
53.390648688580804,1,1.0,10795
53.39083370587509,7,2.0,10462
53.39275015416383,10,7.0,10748
53.392882558368434,17,2.0,-12096
53.394558923499446,6,59.0,10667
53.39495838638746,13,2.0,-12576
53.39560602454492,9,5.0,10623
53.39627149755435,5,2.0,0
53.39758358914416,6,1.0,10765
53.40797124853554,11,3.0,10625
53.40875863334096,11,29.0,10368
53.41102919717976,10,5.0,10729
53.41271710822088,7,1.0,10581
53.413245867993815,15,4.0,-12533
53.41361107542716,2,2.0,10796
53.417032756307854,17,5.0,-4913
53.42046656686115,10,15.0,10775
53.42059905225321,1,4.0,10797
53.427450250640035,10,4.0,10699
53.42771606724466,7,1.0,10555
53.4278096578078,7,13.0,10645
53.42873594270224,10,5.0,10763
53.43184149700085,14,5.0,-12574
53.432646158925834,1,3.0,10798
53.43612267047885,9,1.0,10258
53.43956509605913,6,5.0,10789
53.442304749530436,9,1.0,10392
53.4425095708023,5,2.0,0
53.44414211033336,16,1.0,9392
53.44473298201295,7,3.0,10515
53.447594104699924,6,1.0,10785
53.45014141116569,10,7.0,10725
53.45187890684329,12,4.0,10600
53.453410023675346,10,8.0,10710
53.453951509982275,9,59.0,10431
53.458404318133496,17,1.0,-7365
53.45850441279077,1,1.0,10799
53.46637095944324,8,1.0,10760
53.46966587842886,17,4.0,-8326
53.470064409304214,11,49.0,10635
53.47214430199676,10,55.0,10494
53.47316733911593,6,3.0,10747
53.478012030541194,15,11.0,-12534
53.4802342024781,6,1.0,10605
53.480757755704225,1,43.0,10800
53.48137641338118,10,26.0,10685
53.48462969374272,17,1.0,-4782
53.489460828858206,8,1.0,10785
53.489885538156756,5,3.0,0
53.492200387755055,15,1.0,-12543
53.49464900816643,17,2.0,-11564
53.495281521316564,14,5.0,-12565
53.49711198248022,17,11.0,-10980
53.504184178412196,17,3.0,-12244
53.504189920865784,9,5.0,10621
53.505175069538275,7,4.0,10475
53.50883350953389,4,3.0,10801
53.51135055977738,15,8.0,-12530
53.516095364762535,8,8.0,10545
53.517186162049946,9,3.0,10524
53.52336479289427,7,6.0,10486
53.523454560011885,17,4.0,-9977
53.52350972018907,5,2.0,0
53.52476118233513,15,1.0,-12539
53.53061464835963,10,56.0,10779
53.53813304129941,10,29.0,10778
53.54055777580441,17,3.0,-12183
53.54174350408648,6,6.0,10780
53.546324951115125,4,4.0,10802
53.55068563859726,6,2.0,10796
53.55289583569974,10,10.0,10707
53.55446016873742,4,3.0,10803
53.556889884856886,16,49.0,9244
53.55820880983788,8,1.0,10516
53.558726293788595,17,1.0,-691
53.55906210098057,6,3.0,10737
53.56024688927212,17,1.0,-11644
53.56093165159371,4,9.0,10804
53.56216726874128,11,4.0,10264
53.56727153285083,5,7.0,0
53.56742838642751,15,2.0,-12528
53.56855401295009,4,5.0,10805
53.568653027686935,5,7.0,0
53.575243240713014,15,1.0,-12536
53.57605151179063,3,16.0,10806
53.578693795503064,10,1.0,10702
53.58140552678593,6,45.0,10774
53.58224448425403,15,2.0,-12532
53.58230001982179,5,1.0,0
53.58245520705498,5,6.0,0
53.59019541101158,13,1.0,-12577
53.59057155966941,10,11.0,10661
53.591055164333106,5,10.0,0
53.59285267835316,6,1.0,10644
53.594631997708206,7,1.0,10637
53.594631997708206,16,1.0,10637
53.59483278129724,8,12.0,10420
53.59841163772002,10,2.0,10687
53.6023153171406,1,9.0,10807
53.60392476232951,4,10.0,10808
53.60853257853443,8,4.0,10483
53.60969898751272,15,1.0,-12537
53.61301358161159,6,4.0,10543
53.614674140017605,11,5.0,10563
53.62696169583367,1,1.0,10809
53.62807871870236,15,5.0,-12545
53.63090340765969,4,4.0,10810
53.63191578849921,14,3.0,-12573
53.63389133906277,17,6.0,-11084
53.6356152724356,3,37.0,10811
53.63566155344333,5,5.0,0
53.63616599154458,15,1.0,-12540
53.63977490671605,5,10.0,0
53.64170238356863,5,4.0,0
53.64173360209837,17,6.0,-7299
53.64283475043239,6,7.0,10726
53.64405353057262,4,1.0,10812
53.645280009172346,17,2.0,-11892
53.64700228197987,1,5.0,10813
53.647164191693655,3,7.0,10814
53.64951024691595,12,25.0,10620
53.6498601791337,7,5.0,10399
53.656068337479084,6,3.0,10094
53.65789704422983,5,6.0,0
53.66018421696449,3,24.0,10815
53.661535524713315,10,3.0,10803
53.661880914774876,10,53.0,10649
53.66691419506816,11,31.0,10396
53.66824249190818,6,2.0,10495
53.66860237943302,5,1.0,0
53.66930129678756,1,3.0,10816
53.672017353928844,11,39.0,10570
53.67287622907615,10,30.0,10743
53.67463282414403,4,1.0,10817
53.67520200714284,11,5.0,10587
53.67781650081613,10,25.0,10554
53.679871273366416,3,7.0,10818
53.68140080864701,1,1.0,10819
53.68162328820742,7,1.0,10578
53.68226845345366,16,4.0,10083
53.6846907563378,9,1.0,10322
53.689136940260134,7,5.0,10391
53.68983688479044,10,11.0,10745
53.69033567410891,8,1.0,10630
53.69298580247389,7,1.0,10603
53.695311477494016,15,5.0,-12542
53.697236743396864,9,5.0,10537
53.702293452138214,1,2.0,10820
53.7025597756537,1,6.0,10821
53.70369437214171,10,8.0,10654
53.70405756265101,11,4.0,10720
53.70471803925773,1,2.0,10822
53.70501921170785,14,8.0,-12567
53.705329586537935,10,37.0,10811
53.70721132356792,16,2.0,9398
53.708017268636,16,10.0,10364
53.70897047209528,6,1.0,10786
53.709843750765394,7,9.0,10599
53.71321808065161,4,1.0,10823
53.7153926842984,1,5.0,10824
53.71622978196169,6,7.0,10502
53.71682515599331,15,3.0,-12546
53.718030289002996,6,3.0,10739
53.72190343398239,3,13.0,10825
53.72328725656569,11,15.0,10659
53.72502856012429,11,45.0,10286
53.72526303045208,6,4.0,10521
53.72699112181608,14,9.0,-12570
53.73100466566311,14,2.0,-12578
53.73213463233906,5,2.0,0
53.73899084843606,1,2.0,10826
53.73970872381063,1,1.0,10827
53.73995079970348,15,1.0,-12529
53.74051343626762,5,4.0,0
53.743191699247966,4,4.0,10828
53.74779974896417,5,1.0,0
53.748323195913514,11,11.0,10496
53.75259806147992,4,4.0,10829
53.75337819603326,1,5.0,10830
53.754780461332366,7,3.0,10127
53.75479930542591,9,4.0,10483
53.75997912475053,11,3.0,10036
53.763782280775374,11,40.0,10247
53.7671346874594,1,3.0,10831
53.767959045546306,5,4.0,0
53.767988137310915,10,1.0,10770
53.769253597388925,1,2.0,10832
53.770891448665985,6,4.0,10797
53.771479822528995,1,4.0,10833
53.77305070537785,5,4.0,0
53.774970065117735,12,12.0,10359
53.776997774571605,1,2.0,10834
53.77793711205594,13,5.0,-12581
53.77951371418545,11,4.0,10459
53.77982165705984,17,5.0,-5710
53.780975577409556,17,4.0,-11868
53.78426710139776,7,3.0,10629
53.78786727578163,11,1.0,10482
53.79689535624512,5,4.0,0
53.79775079323943,15,5.0,-12538
53.79798094618887,9,7.0,10434
53.80286488911947,1,2.0,10835
53.80379236084529,1,30.0,10836
53.80770292861129,11,57.0,10564
53.81502344013846,7,3.0,10405
53.820148508455574,4,2.0,10837
53.82321871910804,6,1.0,10819
53.82425975440449,6,4.0,10833
53.82459657244684,17,5.0,-12512
53.82532412863775,10,4.0,10802
53.82562075375626,5,8.0,0
53.82578963813036,5,3.0,0
53.82657913604765,10,8.0,10723
53.8294150990457,11,18.0,10426
53.830414840228684,10,7.0,10818
53.831228493403145,3,2.0,10838
53.83125223899108,5,2.0,0
53.83261055479342,17,4.0,-11259
53.83400047853556,6,4.0,10752
53.83493522909715,3,12.0,10839
53.83811325427895,6,3.0,10762
53.83874300868833,3,5.0,10840
53.84304876048578,4,5.0,10841
53.84350390306668,16,7.0,8911
53.84612820561497,1,6.0,10842
53.84733680798854,7,6.0,10498
53.84818783000654,11,28.0,10314
53.849267670058666,5,2.0,0
53.85114975816185,13,11.0,-12569
53.85131760345548,1,2.0,10843
53.85571028692731,3,17.0,10844
53.85640474885621,3,2.0,10845
53.85781944078417,1,14.0,10846
53.86007068198525,6,4.0,10535
53.86108459703932,6,4.0,10622
53.86295504830787,4,3.0,10847
53.86858997369725,7,7.0,10365
53.86973895238376,14,5.0,-12579
53.87068607104787,7,2.0,10602
53.87225460160384,7,3.0,10580
53.87372876613458,3,11.0,10848
53.87536195758056,3,9.0,10849
53.87796567458868,11,4.0,10414
53.87975206778055,4,23.0,10850
53.880331122222344,3,10.0,10851
53.882359816177484,1,4.0,10852
53.88545471740217,6,3.0,10772
53.89297139622727,6,3.0,10514
53.89305744873974,10,23.0,10850
53.89351257184916,10,8.0,10696
53.894770404952084,8,1.0,10446
53.89517658084568,6,3.0,10692
53.898245361686456,10,11.0,10848
53.89849430097253,13,1.0,-12575
53.90169770061274,4,14.0,10853
53.90686805028842,9,2.0,10695
53.909875999953215,10,1.0,10792
53.91147143263172,5,14.0,0
53.91176408902027,16,55.0,9012
53.91191244756547,11,3.0,10716
53.915976408420164,10,31.0,10615
53.916997609447,10,4.0,10681
53.91864333791266,7,2.0,10612
53.923936191184616,15,2.0,-12544
53.92547363812001,1,1.0,10854
53.92581089202769,16,1.0,9272
53.92619607129467,11,26.0,10425
53.92887017574433,6,3.0,10768
53.931330953834866,1,2.0,10855
53.93384872873142,11,3.0,10491
53.93445975472757,4,4.0,10856
53.93526040435873,7,5.0,10293
53.936203612245706,6,4.0,10679
53.937875046985795,1,4.0,10857
53.94151484972827,1,9.0,10858
53.94363791000994,15,1.0,-12531
53.94641829165187,16,8.0,9620
53.952027469727,7,1.0,10573
53.95441914321545,4,2.0,10859
53.959527842652804,1,1.0,10860
53.959572226757345,10,9.0,10849
53.95980461062855,17,6.0,-11565
53.960007856655444,4,8.0,10861
53.960361824726846,4,7.0,10862
53.96281487470386,10,2.0,10652
53.96331139813403,1,2.0,10863
53.96420235307461,11,4.0,10129
53.96491416236224,5,1.0,0
53.96496794802873,4,1.0,10864
53.96579097168216,8,2.0,10596
53.96657848254429,13,1.0,-12571
53.96920385928481,4,1.0,10865
53.9700988704278,7,4.0,10507
53.97032483998682,1,9.0,10866
53.97136727492933,5,2.0,0
53.971755183358994,17,8.0,-4901
53.97342982303495,10,16.0,10781
53.975539330748845,11,25.0,10413
53.97597261589293,7,3.0,10624
53.9819097096815,1,2.0,10867
53.981929493261404,9,11.0,10646
53.98520466507302,10,6.0,10764
53.9860635020005,7,1.0,10565
53.98904819688155,12,9.0,10669
53.98954932702307,10,4.0,10829
53.99653003216792,11,15.0,10533
53.999202447584516,6,4.0,10857
53.99969693567169,6,1.0,10758
54.00006211195832,15,17.0,-12550
54.00217679884545,6,32.0,10666
54.00386783955104,1,25.0,10868
54.0058624589734,1,5.0,10869
54.00831048094426,9,2.0,10292
54.008861759483224,7,7.0,10477
54.01399549050847,15,3.0,-12562
54.01422497623619,17,2.0,-11915
54.01502488367626,3,34.0,10870
54.01552173385606,5,1.0,0
54.0158723951909,6,7.0,10588
54.016858190322736,3,5.0,10871
54.01730798403876,7,2.0,10333
54.01856348189063,5,1.0,0
54.021160093556226,10,2.0,10845
54.02229391484027,12,7.0,10748
54.02342298412719,11,3.0,10370
54.02888101900032,5,1.0,0
54.030332308883004,11,1.0,10534
54.03207313080008,16,5.0,10070
54.0324421883828,6,5.0,10813
54.03260631594799,10,1.0,10817
54.0365166670341,5,3.0,0
54.04317637532815,1,5.0,10872
54.04497941260264,11,6.0,10549
54.047797851798784,5,4.0,0
54.051722717875826,17,1.0,-11951
54.05990087198511,10,9.0,10804
54.060645559828224,14,8.0,-12596
54.06591947749083,13,3.0,-12586
54.069657654148365,4,8.0,10873
54.07031288593274,10,1.0,10823
54.071580269088166,7,9.0,10717
54.07252610534154,5,2.0,0
54.07331474395738,1,1.0,10874
54.07358213468721,10,4.0,10810
54.07455030965437,17,18.0,-11637
54.075058289110544,1,1.0,10875
54.077778033127885,1,2.0,10876
54.078632112694464,5,6.0,0
54.08023454765292,9,1.0,10516
54.08082754617671,6,2.0,10855
54.08258237737929,4,4.0,10877
54.084888583075134,15,2.0,-12560
54.08661665704214,11,41.0,10513
54.087044818149835,10,3.0,10847
54.08754151513285,5,1.0,0
54.09115158161626,4,7.0,10878
54.09136591527907,4,20.0,10879
54.09208702534528,1,2.0,10880
54.09320389749064,9,8.0,10545
54.09414644442056,5,4.0,0
54.097380738407644,17,8.0,-11526
54.100794510357446,17,4.0,-9781
54.102168648750926,13,1.0,-12591
54.10379798302626,6,2.0,10876
54.10697032314215,1,2.0,10881
54.109750676117486,16,6.0,9716
54.11097739073506,7,16.0,10407
54.11213084087379,7,8.0,10708
54.1143315703841,11,5.0,10638
54.11504916698919,16,13.0,8630
54.11592046141889,16,2.0,10008
54.11737661209728,9,7.0,10439
54.11819442496633,1,5.0,10882
54.11958288471368,5,2.0,0
54.12093917210479,16,1.0,10135
54.12342969674856,13,1.0,-12595
54.12361227680015,7,3.0,10730
54.125014122162824,17,1.0,-9809
54.12546438655892,5,5.0,0
54.12593702282556,10,5.0,10805
54.13033957533832,12,6.0,10764
54.13355740476336,6,2.0,10843
54.13452481837756,5,3.0,0
54.136557783511854,11,1.0,10509
54.137037511225195,1,1.0,10883
54.13719452693479,16,8.0,9538
54.13797464223411,6,8.0,10757
54.138590028519076,12,10.0,10707
54.14092285755798,10,10.0,10767
54.14318385337236,4,7.0,10884
54.143239498481385,15,5.0,-12559
54.14486194076063,17,1.0,-12138
54.14623857324244,11,5.0,10460
54.146910462762094,11,28.0,10427
54.14805873984027,3,14.0,10885
54.15050013978359,3,15.0,10886
54.151598055199884,2,28.0,10887
54.15171260379032,8,7.0,10287
54.15766511874641,3,4.0,10888
54.158291907202674,6,6.0,10493
54.15852699947323,7,10.0,10733
54.16069017201575,10,48.0,10788
54.16145034510059,3,3.0,10889
54.16649373562506,15,1.0,-12552
54.17125996912145,5,3.0,0
54.17179473190981,11,9.0,10614
54.173205741861146,7,1.0,10458
54.17342575461125,6,5.0,10689
54.17349246592793,7,2.0,10671
54.174736352969674,14,2.0,-12590
54.17501827629218,17,2.0,-12385
54.17682940265542,17,18.0,-11451
54.1816833257687,10,1.0,10865
54.18578174285168,4,10.0,10890
54.18840131448562,10,6.0,10469
54.18939772332564,11,7.0,10618
54.18944985904269,17,1.0,-12393
54.19044111742603,1,4.0,10891
54.19092744243291,3,56.0,10892
54.19139297974104,8,2.0,10495
54.19191960542955,5,4.0,0
54.1928236332074,10,8.0,10641
54.19317324736508,1,3.0,10893
54.19377468915464,1,3.0,10894
54.194337143486116,1,1.0,10895
54.19635937099059,17,2.0,-12230
54.196957868665635,8,3.0,10454
54.19716615274154,8,8.0,10688
54.20015562311507,16,11.0,9253
54.20172568054665,16,2.0,9939
54.20233040142565,4,21.0,10896
54.20454143504661,5,6.0,0
54.20659347550483,6,9.0,10807
54.20878499654089,7,10.0,10404
54.2104430764573,13,1.0,-12593
54.21087559895452,5,1.0,0
54.210960160639914,5,3.0,0
54.21948842086878,10,19.0,10751
54.22029382316472,1,4.0,10897
54.221711640303,12,8.0,10723
54.22399724491411,1,7.0,10898
54.22569385674176,11,4.0,10601
54.22825786128589,11,3.0,10756
54.23312734039227,1,4.0,10899
54.23517491284578,10,3.0,10801
54.23615806109488,5,3.0,0
54.23623176369953,11,18.0,10525
54.24064800810117,10,34.0,10870
54.24389124290825,11,5.0,10369
54.24705462152946,15,4.0,-12554
54.248135053400745,6,2.0,10694
54.24882139997647,6,5.0,10759
54.250805530157855,14,4.0,-12585
54.25129183530938,5,1.0,0
54.251793128300264,16,50.0,530
54.25268782402311,16,11.0,9552
54.25314211603953,7,3.0,10595
54.256652031917696,5,7.0,0
54.258793839602426,5,1.0,0
54.266248626235445,8,2.0,10694
54.26838918463027,4,1.0,10900
54.26879959086772,4,2.0,10901
54.27058430601914,12,15.0,10607
54.27214194461815,4,2.0,10902
54.273244840606196,7,10.0,10512
54.274090364950695,4,7.0,10903
54.275246305629125,5,3.0,0
54.27767216444257,10,5.0,10871
54.279958722156906,11,7.0,10453
54.28141932606561,6,2.0,10686
54.28451500300826,10,3.0,10889
54.284705119562354,10,17.0,10844
54.291243627539124,5,3.0,0
54.29271732337156,1,1.0,10904
54.29543551602535,9,10.0,10577
54.295533749021416,7,3.0,10550
54.29592099480054,3,7.0,10905
54.29614551377242,6,1.0,10854
54.2976727806633,6,2.0,10731
54.29803366997338,3,2.0,10906
54.298599548375606,3,59.0,10907
54.299751639641585,17,4.0,-8573
54.301004593134515,16,11.0,9479
54.3028994367697,6,1.0,10777
54.30365862161655,6,5.0,10830
54.306966448825314,10,48.0,10693
54.307735488454874,10,56.0,10892
54.318204092731406,3,6.0,10908
54.31852574310284,11,3.0,10526
54.32148171690728,1,9.0,10909
54.32474505785724,7,6.0,10472
54.33478919593539,5,4.0,0
54.34002492511217,8,5.0,10689
54.340872162855966,6,6.0,10821
54.34297974356094,6,2.0,10834
54.34418642240436,4,1.0,10910
54.346409040740916,3,10.0,10911
54.34868136988442,5,2.0,0
54.358179278964705,11,46.0,10593
54.35821168074954,1,2.0,10912
54.35981344220863,11,8.0,10508
54.36257262266786,12,6.0,10677
54.3633541825535,6,6.0,10842
54.36448623853993,1,4.0,10913
54.36479515073281,15,1.0,-12558
54.36625504444709,6,2.0,10832
54.369539662274306,14,1.0,-12584
54.37101798489644,5,3.0,0
54.3713909608118,11,10.0,10715
54.372494791259584,6,2.0,10863
54.37285347036707,16,7.0,9303
54.37360508916629,5,4.0,0
54.37400160693607,5,1.0,0
54.37769128296531,12,33.0,10665
54.385103138055264,9,12.0,10420
54.38568103741774,1,4.0,10914
54.38962903190103,10,1.0,10566
54.39007775111338,9,4.0,10538
54.39042408673327,7,1.0,10466
54.390745168569985,4,11.0,10915
54.391288030609395,16,33.0,9992
54.39208216958177,6,1.0,10795
54.39213952185362,5,4.0,0
54.39302707895132,8,6.0,10842
54.39668370081969,7,2.0,10583
54.40038099835821,6,1.0,10860
54.4033307102284,6,4.0,10899
54.40369842789735,17,1.0,-12276
54.40836519204888,10,7.0,10862
54.41007599742889,10,58.0,10718
54.4127379663049,4,9.0,10916
54.41350500124825,17,1.0,-8780
54.41375837953007,5,2.0,0
54.413812901388795,5,6.0,0
54.41549644271819,5,2.0,0
54.41639779080661,1,2.0,10917
54.41674005102958,5,4.0,0
54.41765774516037,9,1.0,10785
54.41902350624995,12,56.0,10779
54.41987130357167,11,54.0,10522
54.424893752052014,3,45.0,10918
54.42544852435065,1,3.0,10919
54.42908576049815,15,32.0,-12557
54.42924107593189,3,10.0,10920
54.42941110573432,11,14.0,10383
54.43095084198481,9,3.0,10616
54.438809376385166,17,1.0,-12482
54.441199612017094,6,2.0,10912
54.44136500075348,10,1.0,10910
54.444598350149775,12,15.0,10775
54.445730804317265,1,3.0,10921
54.44622014021676,17,2.0,-12030
54.44751244105814,9,8.0,10688
54.45465300050219,11,2.0,10705
54.45584302215528,11,55.0,10494
54.457028087781296,7,3.0,10430
54.45734186678657,6,3.0,10741
54.45877279554277,4,2.0,10922
54.4618092584397,16,9.0,9634
54.46257445802489,11,2.0,10487
54.462670981323996,10,2.0,10922
54.46353006271074,10,6.0,10709
54.46640817910942,4,7.0,10923
54.46783152981106,11,1.0,10714
54.46810762511375,5,1.0,0
54.470858208102705,4,3.0,10924
54.47170495785911,10,11.0,10915
54.47190890816839,14,3.0,-12599
54.47311404542084,3,54.0,10925
54.475102477318664,5,2.0,0
54.4788069308957,11,5.0,10647
54.48606764950047,5,7.0,0
54.48621806979587,6,3.0,10831
54.48670374310565,6,1.0,10799
54.48707833938821,3,9.0,10926
54.49229424033056,8,2.0,10796
54.49653070254755,10,22.0,10634
54.498241375000646,11,25.0,10505
54.498581671008,17,1.0,-10937
54.50501374140033,6,4.0,10734
54.50926851629061,10,7.0,10650
54.51236485153732,13,1.0,-12587
54.51503597000769,11,8.0,10470
54.51540386311144,1,1.0,10927
54.51847042150272,1,2.0,10928
54.519385978872954,6,1.0,10895
54.521942920673084,17,2.0,-6791
54.52416463683976,11,3.0,10711
54.52909764834955,12,13.0,10366
54.53055119712038,10,10.0,10890
54.538374413787544,9,5.0,10626
54.54104878912844,7,1.0,10663
54.54244466485812,7,7.0,10675
54.543558295063605,3,7.0,10929
54.54374627961406,4,2.0,10930
54.543905116214546,1,4.0,10931
54.54492317482094,6,2.0,10835
54.54494365935022,16,4.0,9302
54.54991004442217,10,51.0,10548
54.55066898899074,7,11.0,10653
54.55332879919523,7,1.0,10644
54.555273295986495,5,4.0,0
54.55587722652246,17,1.0,-12234
54.55998604378324,16,4.0,7093
54.56239771292123,10,4.0,10782
54.563410205247166,7,1.0,10388
54.56560622984167,11,37.0,10811
54.56828326862967,10,7.0,10884
54.5693506536073,4,3.0,10932
54.57353100601864,10,6.0,10452
54.574313335670325,11,8.0,10660
54.57438010933881,12,9.0,10849
54.5751498406888,17,2.0,-9534
54.57539556577768,5,12.0,0
54.5768413748336,7,1.0,10484
54.57739953329545,3,15.0,10933
54.57766975154483,6,2.0,10609
54.577886019856265,17,3.0,-5977
54.57980983390476,3,24.0,10934
54.58182743624613,5,1.0,0
54.58186049665176,17,1.0,-10650
54.58470306729281,9,30.0,10529
54.58834144295668,10,4.0,10888
54.59167501096542,1,2.0,10935
54.59190888973514,11,5.0,10519
54.595057288988215,6,4.0,10574
54.5953512257597,6,4.0,10852
54.596485672258936,11,7.0,10725
54.59695930699469,10,2.0,10906
54.59944259952422,7,1.0,9872
54.604407136964845,6,2.0,10917
54.606947619728125,7,5.0,10766
54.60755432821866,1,2.0,10936
54.60816932746449,11,3.0,10572
54.60855442893217,6,3.0,10798
54.60906510494957,1,4.0,10937
54.60917650956215,1,2.0,10938
54.61156592711737,4,2.0,10939
54.61288800874339,10,29.0,10668
54.61726428560982,6,4.0,10913
54.619441663680846,9,10.0,10707
54.62074409879206,4,2.0,10940
54.623012639778146,7,3.0,10606
54.62373643514831,5,2.0,0
54.62770080384293,7,4.0,10833
54.62894262212416,16,2.0,10235
54.63030102660365,3,20.0,10941
54.63082611555932,7,1.0,10589
54.63228428077022,17,5.0,-10843
54.633646493573885,7,13.0,10632
54.63791066622678,4,2.0,10942
54.6420449810282,1,6.0,10943
54.64220096916493,6,2.0,10867
54.64732247329365,10,7.0,10617
54.650020942516534,1,7.0,10944
54.65190578692087,11,5.0,10394
54.65686207006606,5,4.0,0
54.659208595370714,16,5.0,9598
54.66379913819579,10,4.0,10877
54.666244468472954,5,1.0,0
54.66748940655364,7,29.0,10348
54.66795660211479,7,7.0,10683
54.66851086087193,6,25.0,10868
54.66897363243401,12,46.0,10455
54.675066871461325,13,1.0,-12583
54.67512196506803,5,1.0,0
54.67584539512755,1,18.0,10945
54.67698808321183,9,1.0,10760
54.677370848201974,4,28.0,10946
54.68298188276119,5,3.0,0
54.68488086559529,7,4.0,10636
54.68641368463539,1,4.0,10947
54.68659263975996,1,8.0,10948
54.687382100705996,10,2.0,10930
54.690857800266635,1,4.0,10949
54.69267573450979,10,9.0,10916
54.69592442670434,11,2.0,10481
54.69745282407469,7,2.0,10697
54.69862277310394,10,1.0,10736
54.69898006580845,17,1.0,-12056
54.69989231455749,5,1.0,0
54.70023486591632,6,2.0,10936
54.704282094121616,1,3.0,10950
54.705361612226326,7,1.0,10722
54.70646772908143,10,16.0,10806
54.70692044128218,6,8.0,10948
54.70701339172445,5,1.0,0
54.708238457127585,6,1.0,10875
54.71202299677406,7,4.0,10535
54.7125111251993,5,17.0,0
54.714639486244884,15,4.0,-12553
54.71803349429901,6,8.0,10611
54.71865490856582,1,4.0,10951
54.71887362291231,10,4.0,10631
54.71950060758987,5,4.0,0
54.72672950587991,11,1.0,10792
54.7272006396334,4,14.0,10952
54.727676031730866,11,11.0,10848
54.73974340111284,16,11.0,9997
54.73985070083869,10,4.0,10828
54.74102775538499,9,2.0,10495
54.74171935255718,1,2.0,10953
54.74280887078076,17,2.0,-11934
54.748013094566865,11,4.0,10553
54.7484115621266,17,3.0,-11476
54.749580336815676,5,1.0,0
54.75588528953792,14,1.0,-12592
54.75662993863622,7,2.0,10680
54.75739535192337,4,4.0,10954
54.75801133556474,5,23.0,0
54.764821993471145,10,7.0,10905
54.764840583641096,6,1.0,10927
54.76531080196897,3,19.0,10955
54.76643162740978,17,4.0,-11796
54.766544226687984,9,3.0,10586
54.766792448129365,15,1.0,-12564
54.76724668667194,13,3.0,-12597
54.76780252964701,6,3.0,10816
54.77132809906785,3,4.0,10956
54.77293906091928,11,5.0,10763
54.77365911608412,5,1.0,0
54.775721360405576,5,1.0,0
54.77873086356307,5,9.0,0
54.78221150863302,6,4.0,10949
54.78399451262628,1,1.0,10957
54.785569756670604,6,18.0,10945
54.78606233249603,7,3.0,10506
54.78640770602546,5,7.0,0
54.78652617783608,9,25.0,10620
54.78710364200001,6,4.0,10791
54.78720889603136,13,2.0,-12594
54.78811373564487,15,1.0,-12549
54.788622184782724,12,16.0,10781
54.79206066710801,3,33.0,10958
54.792135001929786,17,2.0,-11733
54.79484721340937,3,3.0,10959
54.797138032172654,5,1.0,0
54.79968650463926,1,1.0,10960
54.80092198778983,7,4.0,10521
54.8026813716237,15,1.0,-12563
54.80481483628658,13,3.0,-12598
54.80796359061378,4,3.0,10961
54.81278765958095,5,3.0,0
54.81335366469888,11,4.0,10681
54.81417175078323,11,11.0,10582
54.81511854748478,10,6.0,10908
54.81539438679629,17,4.0,-12213
54.8171457455653,4,6.0,10962
54.81883092234605,12,2.0,10930
54.82434187483106,7,5.0,10594
54.82604187485108,1,5.0,10963
54.83237173095223,7,6.0,10493
54.83334121693846,7,3.0,10560
54.83946084323635,14,3.0,-12600
54.84668689119745,9,2.0,10596
54.84668689119745,16,2.0,10596
54.8473864429132,5,7.0,0
54.851564066534465,5,6.0,0
54.85179902235296,1,1.0,10964
54.85185706897199,10,1.0,10773
54.85698901399816,7,36.0,10500
54.863428487554344,5,23.0,0
54.86595523090031,1,4.0,10965
54.86751191919704,17,3.0,-9420
54.869764909822976,7,4.0,10728
54.87474668745484,6,1.0,10809
54.87575770570854,1,1.0,10966
54.87580424565529,11,38.0,10673
54.877699585265646,7,3.0,10449
54.881703149159456,6,7.0,10944
54.88195675607568,11,4.0,10749
54.882422837791665,12,5.0,10744
54.8833888577489,3,9.0,10967
54.8839036472632,7,1.0,10819
54.884179340488046,10,25.0,10562
54.88516176816046,1,6.0,10968
54.8882902685104,9,3.0,10454
54.89206516733257,16,6.0,9725
54.8934674448055,17,2.0,-5067
54.89876401046831,5,5.0,0
54.901071444954376,1,4.0,10969
54.90376444637478,3,2.0,10970
54.91094406463372,11,10.0,10342
54.9113675492561,9,6.0,10764
54.911799651687744,14,2.0,-12589
54.91262530470897,17,15.0,-10986
54.912629248841455,15,1.0,-12548
54.9133824834117,5,1.0,0
54.91684054056632,7,7.0,10502
54.91803192712908,10,34.0,10575
54.92008623247881,4,2.0,10971
54.92129425356764,16,2.0,9448
54.92318475751433,10,33.0,10958
54.924927881352964,11,11.0,10678
54.92533362932049,4,15.0,10972
54.92575898361279,13,3.0,-12588
54.92657830956568,17,2.0,-11541
54.93396489606692,1,3.0,10973
54.93798222806727,1,2.0,10974
54.938961065338326,5,4.0,0
54.93967179980645,5,3.0,0
54.9398748909937,11,3.0,10803
54.94234540980346,4,22.0,10975
54.946778587034935,15,9.0,-12561
54.94685440502243,15,2.0,-12551
54.950696641514995,10,7.0,10929
54.952014418538376,11,24.0,10604
54.95203349284751,10,6.0,10591
54.95308416629763,10,22.0,10975
54.955017532919854,11,31.0,10468
54.95737988572342,6,3.0,10973
54.9576919490548,8,4.0,10791
54.96505507800541,1,4.0,10976
54.96676431294616,10,9.0,10926
54.96833410056484,15,1.0,-12547
54.96867079979557,10,15.0,10972
54.97088713794569,5,3.0,0
54.97223175596626,1,1.0,10977
54.97463538809067,1,2.0,10978
54.97652448171064,7,1.0,10585
54.97723387276549,9,5.0,10478
54.9776074530969,11,9.0,10633
54.978299865340134,1,6.0,10979
54.979994963565986,11,7.0,10691
54.985210742619,11,11.0,10648
54.98569334683403,1,5.0,10980
54.989500951954064,4,37.0,10981
54.99258108234228,10,2.0,10940
55.00038078267412,5,1.0,0
55.002078442244375,1,1.0,10982
55.00229539171128,7,5.0,10789
55.003430262246056,4,5.0,10983
55.005763339972965,5,5.0,0
55.00673671493522,17,13.0,-11730
55.006864160169705,13,1.0,-12602
55.0074134377517,9,13.0,10366
55.0077617884105,4,3.0,10984
55.0120554911977,5,3.0,0
55.01404143515976,1,3.0,10985
55.01435513741893,14,1.0,-12613
55.015245377082195,11,30.0,10743
55.016010026861665,1,3.0,10986
55.01695869475973,3,50.0,10987
55.01777221094573,7,7.0,10417
55.02342298412719,16,3.0,10370
55.02458537851431,6,6.0,10968
55.025183034156306,6,2.0,10826
55.02553900499766,1,1.0,10988
55.02718719270493,1,7.0,10989
55.02961725414359,11,31.0,10615
55.0298923831613,4,4.0,10990
55.035866188085706,7,1.0,10738
55.036117955509674,17,4.0,-6310
55.03622213768532,10,1.0,10900
55.04215862091029,17,4.0,-9131
55.043014296166774,1,6.0,10991
55.043137229677605,15,9.0,-12570
55.04700461573378,6,30.0,10836
55.04777198451576,5,2.0,0
55.049347532795935,10,14.0,10885
55.05092283259874,1,1.0,10992
55.053296557611645,11,1.0,10823
55.060757839956985,10,15.0,10933
55.062349606385816,11,1.0,10865
55.06922065725329,13,1.0,-12603
55.07222713998985,1,15.0,10993
55.0725627240087,1,9.0,10994
55.07412682684783,5,2.0,0
55.07486065783148,6,1.0,10742
55.07608977944766,1,4.0,10995
55.078719022481096,11,8.0,10654
55.07936245279132,7,3.0,10419
55.07957876404522,11,12.0,10721
55.079696480717466,4,3.0,10996
55.07995528693557,3,13.0,10997
55.08312606755983,1,3.0,10998
55.08366883262905,17,7.0,-11629
55.084895855580086,1,2.0,10999
55.08589771958806,5,3.0,0
55.08620611621478,17,2.0,-9402
55.08693992885213,3,16.0,11000
55.08843243314199,6,3.0,10950
55.089185650122865,9,33.0,10665
55.08996772790563,15,2.0,-12576
55.09041249933187,3,55.0,11001
55.090822124313604,16,2.0,4889
55.09291998292488,11,33.0,10540
55.09351088973923,7,1.0,10758
55.09495664291871,10,9.0,10967
55.09502807964346,4,3.0,11002
55.095827296914806,8,4.0,10539
55.09780208342745,7,9.0,10422
55.098141962875225,1,6.0,11003
55.09816617068965,10,20.0,10879
55.0983270328184,11,14.0,10590
55.10068843516353,4,2.0,11004
55.10083240260139,6,2.0,10642
55.10249026330873,3,34.0,11005
55.104149680618434,1,2.0,11006
55.1050926494475,16,1.0,9881
55.11215941028234,7,1.0,10786
55.11573418299943,17,1.0,-10664
55.11700654765345,6,2.0,10754
55.11733732450249,10,1.0,10812
55.11738520214211,17,2.0,-11556
55.121077900344524,6,6.0,11003
55.12448255902618,6,1.0,10874
55.12448810993063,1,1.0,11007
55.12892568434855,1,4.0,11008
55.13346842949967,6,9.0,10866
55.13451009954688,6,5.0,10869
55.13654436177636,7,4.0,10857
55.136629046941465,13,2.0,-12612
55.137577582130454,10,2.0,10902
55.140854865484464,4,1.0,11009
55.14301240421693,16,9.0,10109
55.14384665143976,11,19.0,10751
55.146734025586554,6,1.0,10988
55.14869709487247,1,3.0,11010
55.15346013959362,6,2.0,10706
55.15389766632729,10,13.0,10790
55.15908508356092,4,9.0,11011
55.16223176900014,5,4.0,0
55.16347890789485,11,2.0,10845
55.16647219588833,1,3.0,11012
55.16720554289486,1,6.0,11013
55.17262458716402,17,3.0,-10743
55.17312007496266,4,28.0,11014
55.17650231175008,6,2.0,11006
55.17659748855493,17,26.0,-9973
55.18183284794242,1,1.0,11015
55.18504157961931,10,3.0,10932
55.18696272126034,11,8.0,10710
55.187258669715014,1,5.0,11016
55.192024888814835,10,3.0,11002
55.20320585932492,5,53.0,0
55.20371155242267,9,5.0,10608
55.20422365709035,5,1.0,0
55.20622540221953,14,8.0,-12607
55.21058994346433,15,2.0,-12572
55.21531221466285,7,3.0,10747
55.215421432625085,7,2.0,10686
55.218077464208434,10,19.0,10955
55.22006145434757,6,2.0,10820
55.2220663725806,5,4.0,0
55.22433603931486,5,4.0,0
55.232699854843446,6,7.0,10898
55.23362833286871,11,11.0,10745
55.236184949735566,11,11.0,10592
55.23749265782648,1,3.0,11017
55.237795104933646,10,3.0,10924
55.24179789442327,6,4.0,10931
55.24386442468433,11,1.0,10770
55.2438733746255,4,1.0,11018
55.24583309638898,10,50.0,10987
55.24607902445903,5,17.0,0
55.24881948009482,4,30.0,11019
55.25019430084822,5,7.0,0
55.25292196658851,8,2.0,10651
55.25297477534958,16,41.0,9210
55.256326451018424,1,3.0,11020
55.256613845025186,6,5.0,10750
55.25717038349508,15,1.0,-12568
55.258718876153104,7,7.0,10726
55.25958342663951,5,4.0,0
55.26001642535154,7,7.0,10588
55.261632761199216,15,2.0,-12582
55.26262842613193,1,10.0,11021
55.26280621314549,1,4.0,11022
55.27012901027317,6,1.0,10960
55.27582923034709,15,1.0,-12571
55.27999113028123,10,10.0,10920
55.28170166117788,8,1.0,10988
55.28176347839791,1,2.0,11023
55.281798170302714,9,15.0,10607
55.283109659704024,7,6.0,10821
55.28403096419007,10,59.0,10907
55.28413721023681,11,10.0,10767
55.28521833069992,16,7.0,9553
55.286278038501734,7,7.0,10682
55.287701473758084,16,6.0,9575
55.287834848071626,10,5.0,10841
55.28849175145859,9,12.0,10359
55.2892664415791,10,37.0,10981
55.297681426279006,15,11.0,-12569
55.29987794206195,10,5.0,10983
55.30069936249032,10,1.0,11009
55.3016421256275,1,3.0,11024
55.303437439217305,1,4.0,11025
55.30369217880206,3,1.0,11026
55.3051634094543,10,2.0,10939
55.30517365627948,1,4.0,11027
55.30608661406222,7,9.0,10536
55.30615676099624,15,5.0,-12574
55.31096706958026,1,2.0,11028
55.3152481862487,11,8.0,10520
55.31691537269134,7,4.0,10670
55.32117265455602,10,12.0,10839
55.32670772194189,3,12.0,11029
55.33529319295566,11,56.0,10892
55.34048958972033,10,2.0,11004
55.34184616532362,1,3.0,11030
55.34454141776988,6,1.0,10982
55.3462100571838,7,1.0,10755
55.34662137156664,10,28.0,11014
55.34726905232845,5,4.0,0
55.350624449744494,11,6.0,10469
55.35134555217183,5,2.0,0
55.35319730087025,17,5.0,-12313
55.353834955911665,5,7.0,0
55.35960690420992,3,9.0,11031
55.36165020272002,1,4.0,11032
55.36525001828853,6,1.0,10992
55.36711783829978,17,1.0,-11058
55.36777252469687,4,1.0,11033
55.37491005545664,5,1.0,0
55.37730710280411,10,10.0,10911
55.379738808190076,7,31.0,10101
55.3817632578778,12,4.0,10802
55.382363791256715,15,5.0,-12579
55.38383440191548,1,3.0,11034
55.38431732065491,17,1.0,-7678
55.38584476073958,4,2.0,11035
55.38977410347288,6,5.0,10824
55.39076173481676,10,21.0,10896
55.39202843336,5,1.0,0
55.392383375421325,6,2.0,10928
55.39246920984533,13,2.0,-12617
55.3940823008966,1,2.0,11036
55.394828251009464,6,3.0,11017
55.3975997704749,7,4.0,10752
55.397794592772726,4,1.0,11037
55.402229831605794,6,4.0,11032
55.40346837330092,10,4.0,10954
55.40350591210122,9,5.0,10744
55.40383731973728,7,10.0,10456
55.40612281874495,17,5.0,-10782
55.417846928852974,5,2.0,0
55.422798478125145,6,2.0,10938
55.42340705023603,6,3.0,10986
55.42380818666627,5,34.0,0
55.42400840728818,11,3.0,10571
55.42655959849271,10,4.0,10956
55.4364741286879,16,5.0,10304
55.43787517500444,5,4.0,0
55.437922757057684,7,3.0,10737
55.437922757057684,16,3.0,10737
55.44024079467307,6,5.0,10464
55.44112181611939,1,5.0,11038
55.44335343441671,1,5.0,11039
55.444565155419205,5,2.0,0
55.445399216591525,7,3.0,10798
55.44803264307704,3,7.0,11040
55.450506579618306,4,5.0,11041
55.45348303222274,11,6.0,10908
55.45485389301952,11,4.0,10532
55.45489515555861,15,1.0,-12575
55.45657487787083,11,8.0,10703
55.456771191326034,4,4.0,11042
55.458754241486865,15,3.0,-12566
55.459579130091356,11,4.0,10732
55.46120157045379,10,2.0,10942
55.4647665056247,1,1.0,11043
55.4667037709246,13,10.0,-12609
55.47088109201871,1,1.0,11044
55.474296064328875,15,5.0,-12565
55.47485930723013,3,4.0,11045
55.475523210175474,10,4.0,10856
55.47743945413379,6,3.0,10305
55.48170701687382,4,28.0,11046
55.482519472178495,9,4.0,10539
55.4856119459146,7,1.0,10735
55.486678037296976,6,2.0,11028
55.487038218719654,1,4.0,11047
55.491017046635754,17,11.0,-9277
55.49479469246856,11,3.0,10569
55.49684747631806,10,7.0,10878
55.4995127309746,4,31.0,11048
55.50106570969016,10,1.0,11037
55.501102688450956,7,45.0,10774
55.501352983815416,5,6.0,0
55.50244912617629,10,5.0,10840
55.51133724876265,6,2.0,10978
55.511812909394756,6,1.0,10827
55.51587697149302,3,10.0,11049
55.51798656988127,6,4.0,10976
55.51863581320534,4,6.0,11050
55.51867302323246,11,1.0,10702
55.519325253352534,6,1.0,10966
55.51973129855833,6,4.0,11008
55.52243295028674,10,1.0,11033
55.52300862655304,6,3.0,11030
55.52451847804556,10,45.0,10918
55.525701153523634,7,4.0,10913
55.526400034963714,17,3.0,-11719
55.527249759257955,11,1.0,10676
55.5279205592634,13,4.0,-12618
55.53079728419807,17,2.0,-11937
55.530911596342804,13,1.0,-12601
55.53239844558634,16,59.0,9097
55.53301089129123,7,4.0,10543
55.53495612896901,10,7.0,10814
55.54208739479318,6,1.0,11007
55.54304515275724,5,3.0,0
55.54491312819932,5,1.0,0
55.55389808499265,16,8.0,9942
55.56095844268165,11,5.0,10871
55.56336655081747,9,3.0,10285
55.564448269604235,11,29.0,10778
55.564650262113915,5,4.0,0
55.56713152517731,15,3.0,-12573
55.567142102743944,7,2.0,10936
55.56804912491904,10,10.0,11049
55.568827810252884,1,4.0,11051
55.570146993846194,6,3.0,10921
55.57420152975128,6,1.0,10904
55.579694330118166,16,4.0,9876
55.58566491127586,6,4.0,10771
55.58690400557683,6,9.0,10994
55.58782748187166,7,7.0,10944
55.58803213054693,6,20.0,10657
55.58819910251572,5,2.0,0
55.58857092052113,1,2.0,11052
55.59031984518105,12,8.0,10746
55.591463878020505,12,7.0,10862
55.594068563946216,6,2.0,10881
55.59799594628261,15,8.0,-12567
55.59826227129449,1,3.0,11053
55.600249693979165,9,8.0,10723
55.6007167110056,7,5.0,10813
55.6007167110056,16,5.0,10813
55.60226916473654,6,43.0,10800
55.60299380213528,1,4.0,11054
55.60501946192504,17,4.0,-9903
55.60648657957807,4,1.0,11055
55.606647130918496,6,1.0,10964
55.60867059581913,17,1.0,-12148
55.61304293190031,7,6.0,10780
55.61332939886422,5,1.0,0
55.613408074297745,17,5.0,-2515
55.61368348772424,7,2.0,10643
55.61390395635118,4,18.0,11056
55.614406469844845,4,4.0,11057
55.6147059603925,11,11.0,10661
55.61509361652032,5,2.0,0
55.617528495049584,10,9.0,11031
55.618332440063455,1,8.0,11058
55.62250283481012,1,3.0,11059
55.624751252015685,17,1.0,-11885
55.62545009113146,11,41.0,10568
55.62845474582785,6,4.0,11027
55.62855868646804,10,14.0,10853
55.63553224874666,4,3.0,11060
55.63987656419272,12,14.0,10853
55.642171272304296,10,28.0,10946
55.64242987408647,13,2.0,-12614
55.643101316269096,14,4.0,-12606
55.64411631289197,5,1.0,0
55.64769853763913,1,3.0,11061
55.647854977538806,6,4.0,11047
55.65035895057329,7,3.0,10692
55.65104988653657,7,1.0,10765
55.65159602311637,3,5.0,11062
55.65273855031546,7,4.0,10622
55.652850049734106,4,2.0,11063
55.655058289642824,7,4.0,10899
55.65563520355548,3,36.0,11064
55.655939486080925,17,1.0,-12025
55.656510922590094,5,3.0,0
55.6575020019937,3,36.0,11065
55.65910292561449,12,1.0,11033
55.66212301148529,6,5.0,11039
55.66226934965457,7,3.0,10514
55.66483567478934,13,6.0,-12610
55.66703741045467,11,10.0,10890
55.669206608608064,1,3.0,11066
55.67020132300764,16,5.0,9287
55.67034102128493,6,9.0,10783
55.67047266145325,11,48.0,10788
55.671935344739886,13,1.0,-12615
55.67775586721536,5,4.0,0
55.682221835771244,5,1.0,0
55.68616345473691,5,17.0,0
55.68862796735619,4,2.0,11067
55.688793471126914,9,15.0,10775
55.689948945826416,17,2.0,-10465
55.6912097891779,6,2.0,10999
55.6927950156524,3,5.0,11068
55.69337709066248,5,1.0,0
55.69345242465292,5,1.0,0
55.693942823401976,5,1.0,0
55.695784393996774,16,1.0,10401
55.69614702569973,6,3.0,11053
55.699319059898656,17,1.0,-11078
55.7075489768115,1,2.0,11069
55.71199790446059,17,3.0,-11441
55.712579353839544,17,16.0,-11954
55.71467683929161,6,6.0,10991
55.71527232412543,10,1.0,11055
55.71607573580201,11,26.0,10685
55.721352446784074,16,3.0,9451
55.7266462227177,15,2.0,-12578
55.72828317225851,5,6.0,0
55.732930293769606,10,7.0,10923
55.73395388074469,6,1.0,10977
55.7343597578637,9,56.0,10779
55.73515927152689,5,8.0,0
55.736671430239184,7,4.0,10679
55.738125636910816,17,3.0,-9646
55.739548866553655,5,1.0,0
55.744890758202544,1,2.0,11070
55.74546116168024,9,7.0,10287
55.746334532030666,1,6.0,11071
55.747838623787054,15,5.0,-12581
55.74872590014303,10,13.0,10825
55.74973813742671,10,10.0,10808
55.750254155893444,13,2.0,-12604
55.75111067904841,3,2.0,11072
55.75609383129077,10,3.0,10959
55.75652732228431,10,18.0,11056
55.75671966517008,1,2.0,11073
55.758475470313655,10,2.0,10859
55.76036126188706,1,3.0,11074
55.76194262220887,1,9.0,11075
55.76224942713812,12,23.0,10850
55.76387926520656,1,2.0,11076
55.76744981469354,7,3.0,10739
55.76820780856682,3,5.0,11077
55.77197042020786,1,7.0,11078
55.77212002658567,6,4.0,10897
55.77555005541405,17,2.0,-11638
55.7762378437366,11,6.0,10709
55.77775179640691,7,2.0,10731
55.78116893072303,7,1.0,10605
55.78546788575501,10,30.0,11019
55.786402611576406,16,30.0,9229
55.7865756329819,6,2.0,11036
55.787380206710615,17,8.0,-11767
55.791513617313036,9,1.0,10630
55.79319587814354,11,1.0,10566
55.795063202063865,11,2.0,10687
55.7965343370115,10,54.0,10925
55.798915196588375,1,4.0,11079
55.801760881869065,5,5.0,0
55.80180205297803,1,4.0,11080
55.80518242189159,7,4.0,10797
55.806348176804924,10,11.0,10713
55.80742085602197,16,1.0,4396
55.80937877820353,12,34.0,10575
55.81022451607639,17,1.0,-8311
55.81237536094867,1,1.0,11081
55.81669412240282,7,4.0,10712
55.8199369817013,7,3.0,10094
55.82289179103383,15,2.0,-12580
55.82309116517994,6,4.0,11025
55.82318500476105,9,23.0,10850
55.8249627675462,1,7.0,11082
55.82625781797159,1,1.0,11083
55.830044078690314,3,50.0,11084
55.830789019015455,6,1.0,10883
55.83392839412388,11,1.0,10910
55.835585477901304,1,5.0,11085
55.83737083495958,4,3.0,11086
55.8382512281431,11,8.0,10490
55.83878393046591,10,13.0,10997
55.83936258068622,3,31.0,11087
55.844001272526654,8,1.0,10927
55.84449305352191,1,3.0,11088
55.844581143418175,11,22.0,10634
55.84599087235523,5,5.0,0
55.847009686082316,1,1.0,11089
55.847689059059846,13,1.0,-12616
55.85051532360246,1,2.0,11090
55.85377195220523,10,3.0,10996
55.85680789663693,6,3.0,11010
55.85860856530061,10,16.0,11000
55.85919292730459,11,5.0,10805
55.85923503800247,10,5.0,9827
55.86042882049812,13,3.0,-12608
55.866222334449155,1,1.0,11091
55.87056455996439,7,2.0,10876
55.87124422718374,10,24.0,10815
55.871917286174835,6,4.0,10947
55.8761661332582,4,1.0,11092
55.87778962273885,6,3.0,11066
55.87974615174984,11,19.0,10955
55.8882902685104,16,3.0,10454
55.8887857252636,9,4.0,10802
55.89211555165438,6,10.0,11021
55.892741426980216,6,15.0,10993
55.89616854409027,10,2.0,11067
55.89633287786294,17,5.0,-11783
55.89789512464,1,8.0,11093
55.89829835124833,12,58.0,10718
55.901677617363305,3,1.0,11094
55.90517776877319,7,2.0,10784
55.90696034001879,1,2.0,11095
55.91139604936771,9,2.0,10796
55.91250389734097,10,2.0,11063
55.91892063967717,17,1.0,-11133
55.923701673816296,4,17.0,11096
55.92552886593181,6,1.0,11083
55.9278295616034,10,8.0,10861
55.928040602153196,7,5.0,10759
55.92904590640437,11,4.0,10782
55.92951421628875,1,1.0,11097
55.93028633818992,1,1.0,11098
55.93176056080777,11,5.0,10727
55.93216914662575,10,1.0,11094
55.93229554669111,17,1.0,-7398
55.93249000362361,11,5.0,10729
55.93251776042534,8,9.0,10807
55.93321483170477,10,7.0,11040
55.937590798256025,15,1.0,-12577
55.938846510203255,14,3.0,-12611
55.939865441816245,6,4.0,10776
55.94057353224183,10,3.0,10984
55.940702936430085,7,5.0,10830
55.94262306996958,17,1.0,-11636
55.94654800652066,11,52.0,10656
55.95002070437723,7,3.0,10831
55.95002070437723,16,3.0,10831
55.950454899665374,17,1.0,-8173
55.953159654677606,6,2.0,11052
55.95350489956895,6,8.0,11058
55.954907121344,11,9.0,10619
55.95611923769151,11,7.0,10818
55.95659863127872,13,3.0,-12605
55.95759216603063,10,7.0,10903
55.96025116758119,7,2.0,10400
55.96437481102,1,2.0,11099
55.966945782826336,6,3.0,10919
55.968846309550436,10,2.0,10901
55.974870233153766,1,1.0,11100
55.97646724461007,11,6.0,10452
55.979461071028936,4,5.0,11101
55.97974196520819,7,2.0,10834
55.98040192589514,17,4.0,-3380
55.98092714779738,6,5.0,11085
55.981613767797306,1,2.0,11102
55.98431426600753,5,4.0,0
55.98437849875168,16,4.0,8756
55.984724421267785,1,3.0,11103
55.986165932223685,5,2.0,0
55.98746618280445,5,4.0,0
55.987755827673624,5,5.0,0
55.98784045788513,6,4.0,11079
55.98989981477141,6,4.0,11054
55.995396943767396,1,3.0,11104
55.99542281816913,6,3.0,11103
55.997813139408244,16,3.0,9367
55.99952895738922,1,3.0,11105
56.00315692896775,10,36.0,11065
56.003939979268324,7,2.0,10769
56.00810109541024,5,1.0,0
56.00861596523906,6,2.0,11076
56.01135767662553,7,2.0,10826
56.01390967673723,16,4.0,9044
56.016251060504274,10,1.0,10864
56.019389703532305,3,2.0,11106
56.01943210308767,7,4.0,10931
56.020865645197475,17,4.0,-12402
56.02133127394503,10,2.0,11072
56.021700136886,11,14.0,10885
56.021721937415066,5,4.0,0
56.02395204841116,3,50.0,11107
56.03015011304859,11,4.0,10956
56.030477359693606,10,36.0,11064
56.032192389598656,9,2.0,10694
56.0386926374643,1,1.0,11108
56.04293523081301,12,7.0,10923
56.043051477742516,1,1.0,11109
56.04759447617029,9,2.0,10651
56.05499291219125,3,28.0,11110
56.055544399795174,7,3.0,10762
56.05736497303913,11,2.0,10939
56.06010701310673,11,3.0,10801
56.06269494247299,10,5.0,11068
56.06589385859445,4,8.0,11111
56.071669090065015,6,8.0,11093
56.07186029539194,5,1.0,0
56.07255965044315,11,4.0,10699
56.073376359078,17,2.0,-12128
56.07343781616669,6,2.0,10880
56.07370188530498,3,13.0,11112
56.074293009245885,6,4.0,10891
56.07517914745523,5,2.0,0
56.07692327676946,4,5.0,11113
56.077360797899836,6,7.0,11078
56.07987732590152,16,5.0,10320
56.08133933478253,15,1.0,-12592
56.08215096116278,15,3.0,-12597
56.08381372930154,6,2.0,11069
56.08659272106545,11,42.0,10527
56.089918089893686,1,8.0,11114
56.093357052462395,13,1.0,-12636
56.0941196435831,13,2.0,-12620
56.102784264300574,5,3.0,0
56.102907796834685,6,2.0,10822
56.10358460023962,6,9.0,10858
56.10552109920629,1,2.0,11115
56.10813245869423,9,6.0,10842
56.10933967529029,11,1.0,10773
56.11225957536491,6,2.0,10794
56.11289046923845,5,5.0,0
56.11428143513143,8,9.0,10783
56.11806544973239,4,4.0,11116
56.123763249587576,12,7.0,10814
56.126218666576854,8,59.0,10667
56.13054878766948,4,8.0,11117
56.13094365312258,7,2.0,10917
56.13259072899872,5,1.0,0
56.13309452645549,10,2.0,10837
56.135945370789365,1,2.0,11118
56.13643659154858,9,9.0,10807
56.13944989936532,15,2.0,-12590
56.14466719388538,6,3.0,11024
56.14799951904125,12,3.0,10959
56.149134404771004,1,7.0,11119
56.15427399300324,9,1.0,10446
56.1557805524184,1,5.0,11120
56.16005577573334,4,1.0,11121
56.16189905698676,6,3.0,11061
56.16542001019083,10,50.0,11084
56.16653372415436,5,1.0,0
56.168395561096034,15,1.0,-12593
56.171202045620035,4,21.0,11122
56.1721772478815,10,10.0,10851
56.17289738831743,1,4.0,11123
56.17492486509693,4,1.0,11124
56.175430105083166,10,4.0,11045
56.178422938654506,7,4.0,10852
56.17961468531789,5,1.0,0
56.18106478731601,10,4.0,11057
56.18187751296974,9,7.0,10748
56.18670340716849,17,1.0,-12506
56.18702811310431,10,8.0,11117
56.1879205053637,5,3.0,0
56.18882237777312,16,2.0,10072
56.19173527906045,6,2.0,11118
56.19403223282624,7,5.0,10558
56.19405973831074,4,13.0,11125
56.19491084393434,7,6.0,10968
56.19498879514499,6,1.0,11043
56.19625380312007,17,5.0,-12388
56.197886131088,12,7.0,10617
56.19959734158344,4,4.0,11126
56.200420498020904,1,2.0,11127
56.201920083365756,5,1.0,0
56.20221340710035,11,33.0,10958
56.202705947719984,7,2.0,10832
56.20311698175498,10,3.0,11086
56.20396554291894,3,6.0,11128
56.20605722597508,12,7.0,10878
56.20780268933751,11,13.0,10761
56.20944349350788,3,48.0,11129
56.21119209531138,6,1.0,11091
56.218006611955204,11,1.0,10817
56.21852089938402,7,2.0,10820
56.219168510363296,6,1.0,11081
56.22235312038609,5,1.0,0
56.22406869347811,11,11.0,10915
56.22412518441789,12,7.0,10884
56.22615154538323,3,58.0,11130
56.22716183832314,15,1.0,-12584
56.22868666448071,6,3.0,10893
56.231049622929355,7,6.0,10740
56.23175237600473,17,5.0,-11832
56.23206659100046,4,5.0,11131
56.233478522277764,4,9.0,11132
56.23434899180632,5,5.0,0
56.23973697112158,9,9.0,10669
56.24169949088089,5,3.0,0
56.24214530575048,6,2.0,11073
56.24223454806267,17,10.0,-12185
56.2447160133077,7,1.0,10795
56.24616212803376,15,3.0,-12586
56.24658894860297,10,34.0,11005
56.24738869587567,3,20.0,11133
56.24770758989,13,2.0,-12627
56.24779693358905,6,5.0,11120
56.25188937507908,6,7.0,11119
56.2555964244369,10,48.0,11129
56.25592773193346,15,2.0,-12589
56.25625465802053,16,6.0,10044
56.25726913797497,4,3.0,11134
56.25786848283587,16,5.0,9430
56.25850590524383,1,1.0,11135
56.26091160254526,16,7.0,3096
56.2609937927115,3,42.0,11136
56.26395913651299,1,4.0,11137
56.265300610867804,9,16.0,10781
56.26560028915584,17,2.0,-12298
56.267317218992744,10,20.0,11133
56.267519859953985,15,1.0,-12595
56.268425264924616,9,59.0,10667
56.268813695528024,11,8.0,10696
56.26936757993979,10,3.0,11134
56.269602045744094,11,25.0,10554
56.27533983116437,10,58.0,11130
56.2777719143531,6,4.0,10995
56.280452108714094,16,17.0,9863
56.288759293267695,3,6.0,11138
56.29104754587948,3,8.0,11139
56.30015369301089,4,3.0,11140
56.300724871467615,7,3.0,10719
56.30252565794755,10,13.0,11125
56.3026505091937,5,1.0,0
56.30309113944239,15,1.0,-12591
56.313930005384556,6,1.0,11044
56.32342045356753,9,6.0,10677
56.32515838362906,17,2.0,-12045
56.326741104312454,7,8.0,10611
56.327429816686696,11,11.0,10664
56.33041888968783,1,4.0,11141
56.330859232642176,7,25.0,10868
56.33315750824312,10,5.0,11131
56.33392070264543,9,7.0,10923
56.33469283886953,8,5.0,10750
56.33566744259905,6,2.0,11070
56.33963454687528,6,7.0,10989
56.341059920879225,5,8.0,0
56.345926678797596,6,1.0,11100
56.349676324185566,1,1.0,11142
56.35247067019142,17,2.0,-11789
56.35288800131531,9,8.0,10746
56.3534001906845,9,34.0,10575
56.35426568107657,6,6.0,11013
56.35494890536606,13,1.0,-12626
56.356513400227065,4,2.0,11143
56.356717820605716,16,5.0,9467
56.357563219536424,1,1.0,11144
56.35759207000911,5,1.0,0
56.357922968358075,7,8.0,11058
56.358400834025396,11,28.0,11014
56.35916375610236,11,36.0,10658
56.36754917120507,13,2.0,-12629
56.36778860825823,5,1.0,0
56.368591507549105,12,9.0,10967
56.36909459273925,10,5.0,11062
56.36936722576695,1,6.0,11145
56.37044919989608,13,2.0,-12625
56.37084090534939,10,2.0,10838
56.37623802358716,17,2.0,-12282
56.37839932377142,1,4.0,11146
56.38379316048976,6,4.0,10969
56.3852201249603,10,5.0,11077
56.38860216090341,10,6.0,10962
56.38958031465377,7,4.0,10753
56.39231833148675,7,3.0,10772
56.39307800400207,11,11.0,10713
56.39525768965871,14,3.0,-12634
56.396510321461584,6,6.0,11145
56.39951573762228,6,1.0,11135
56.40750802124315,11,48.0,10693
56.4076536721921,14,1.0,-12630
56.408544528944816,5,2.0,0
56.408950249760295,4,2.0,11147
56.410579510994836,1,1.0,11148
56.412317974057736,3,41.0,11149
56.41677989047136,4,1.0,11150
56.42087280288225,13,1.0,-12621
56.423081032987156,11,4.0,10888
56.42318467940351,17,1.0,-12392
56.42335213716358,6,3.0,11105
56.42344858535996,9,58.0,10718
56.42450376458837,16,42.0,9254
56.42557857134916,6,1.0,11109
56.4262051591672,6,1.0,11144
56.42672454261022,5,37.0,0
56.42829224257147,6,4.0,10914
56.428353903825105,10,3.0,11140
56.43312068232039,6,4.0,10937
56.43343502479509,10,1.0,11092
56.43349772666154,1,7.0,11151
56.433794157934045,7,30.0,10836
56.43498479999003,10,21.0,11122
56.4357171050627,6,7.0,11151
56.438375859375334,16,3.0,9358
56.43928158836859,10,8.0,10873
56.44139581322393,16,38.0,916
56.44456852664401,11,9.0,10804
56.451060970439656,6,4.0,10951
56.4566321448688,10,31.0,11087
56.456912769996364,17,1.0,-11698
56.45736953408203,11,6.0,10591
56.45736953408203,16,6.0,10591
56.45777541031465,6,4.0,11137
56.45850876046167,7,2.0,10754
56.458987275062846,5,2.0,0
56.467581713606876,7,1.0,10982
56.46796449703537,10,3.0,10700
56.468078079529455,7,8.0,10948
56.46938260970863,5,4.0,0
56.474067838629715,10,5.0,11041
56.474303791719024,4,4.0,11152
56.476238023196956,3,39.0,11153
56.47677441030804,4,2.0,11154
56.47738099430483,14,5.0,-12628
56.477670402411356,16,2.0,9344
56.47790221650151,7,4.0,10947
56.47931494531101,4,5.0,11155
56.47958785739666,7,3.0,10921
56.48059199057623,7,1.0,10895
56.48129694358697,7,1.0,10854
56.48194197808007,17,2.0,-12103
56.48650071054664,5,4.0,0
56.487217951352065,7,2.0,10835
56.48766881992118,1,2.0,11156
56.49886553526815,11,3.0,10889
56.503852120319756,1,2.0,11157
56.50465272190196,1,3.0,11158
56.50781584401141,1,12.0,11159
56.50937619838652,6,4.0,11080
56.50980484179808,1,6.0,11160
56.510356285864155,17,1.0,-7146
56.51083691470691,7,4.0,10734
56.51182625801285,16,7.0,9763
56.51203384968812,3,12.0,11161
56.51394904144629,1,1.0,11162
56.51531832315604,15,1.0,-12583
56.516694627124515,6,2.0,11157
56.518144010170644,12,5.0,9827
56.52539194357211,5,1.0,0
56.525691347597906,4,2.0,11163
56.52589278571256,6,6.0,10979
56.52792054239566,10,28.0,11110
56.52953412677069,5,2.0,0
56.53072415242099,16,1.0,8028
56.53167433329135,5,4.0,0
56.53277341506325,5,2.0,0
56.534572147361516,9,7.0,10878
56.534876570764446,7,13.0,10640
56.53549622016176,17,5.0,-7334
56.53813591415351,4,4.0,11164
56.540396184708165,11,53.0,10649
56.5431568817363,10,1.0,11150
56.543199832601225,14,2.0,-12631
56.543456184660904,6,2.0,11156
56.54641914813268,3,1.0,11165
56.54903322826677,12,2.0,10922
56.55007509966189,6,3.0,10985
56.55666807729985,13,1.0,-12623
56.56198366278585,1,3.0,11166
56.56473672404214,4,3.0,11167
56.56905372655179,11,3.0,10996
56.57415449619977,11,4.0,10828
56.5791091446039,10,4.0,11042
56.57976100099719,17,1.0,-12374
56.58183234738696,11,3.0,11002
56.582576170258136,10,4.0,11126
56.5842603441541,7,2.0,10609
56.58626763616041,6,4.0,10965
56.58818320497009,5,4.0,0
56.588825456819364,15,1.0,-12587
56.58904318602997,7,4.0,10949
56.58911591690999,17,2.0,-12089
56.59873634675583,11,4.0,10829
56.5989628760307,1,36.0,11168
56.5995092186031,1,2.0,11169
56.599688690692396,6,3.0,11012
56.59979276772945,15,4.0,-12585
56.599887918140176,15,3.0,-12599
56.60510986264596,1,2.0,11170
56.60752461044442,4,1.0,11171
56.607831618794656,10,50.0,11107
56.60904351241243,4,7.0,11172
56.60967183395901,5,3.0,0
56.611064552534515,1,3.0,11173
56.612730077605605,12,15.0,10933
56.61611307279226,10,9.0,11011
56.618974037255846,16,4.0,9776
56.623412108426336,10,8.0,11111
56.62609742848118,11,20.0,10879
56.62749216239274,16,1.0,9207
56.62998354597551,6,2.0,11095
56.63372298333431,5,5.0,0
56.634091183643164,9,9.0,10967
56.634118667481395,15,2.0,-12594
56.63425042124054,10,4.0,11164
56.63425574024674,6,2.0,11170
56.634487940976456,10,1.0,11026
56.63516859040578,15,3.0,-12598
56.63831448261477,17,2.0,-11994
56.6385861361493,6,4.0,11141
56.6387624785234,11,2.0,11063
56.63910844058333,5,6.0,0
56.639168783653346,16,11.0,10208
56.63955629919527,14,3.0,-12632
56.64306378513136,6,3.0,10894
56.64402745326607,10,1.0,11018
56.64564779634105,11,34.0,10870
56.6463268220756,5,8.0,0
56.647119407774234,9,5.0,10750
56.64716031347929,4,9.0,11174
56.650453835533064,5,1.0,0
56.6507094433225,11,5.0,10983
56.6530948874455,6,4.0,11051
56.65380997707192,17,2.0,-11779
56.657185801082825,16,18.0,10300
56.65945591959227,13,4.0,-12622
56.66277932422753,6,3.0,11034
56.66499153635708,7,5.0,11085
56.666392442414804,5,1.0,0
56.66673122285954,1,3.0,11175
56.66784903564733,17,5.0,-2982
56.6756912974601,6,2.0,11127
56.6778472131572,5,4.0,0
56.67831153540116,1,1.0,11176
56.685360577351695,5,1.0,0
56.686067628719144,15,3.0,-12600
56.686067628719144,17,3.0,-12600
56.69175952111387,5,1.0,0
56.69438020074046,11,22.0,10975
56.69714059891998,14,1.0,-12624
56.697430590160096,4,46.0,11177
56.70196031873544,10,4.0,10990
56.70395589343062,5,1.0,0
56.706387295807644,5,2.0,0
56.714963558629336,4,3.0,11178
56.71845199410582,17,6.0,-11986
56.71881206675522,10,6.0,10655
56.7196421291457,17,51.0,-12300
56.719754684910704,4,2.0,11179
56.720356623835436,1,2.0,11180
56.7222409347092,7,3.0,10768
56.72289442636651,16,6.0,9023
56.72487157538237,17,2.0,-2113
56.72493782011491,11,13.0,10790
56.728782192054766,1,1.0,11181
56.7294858607739,11,4.0,10810
56.730029422992246,1,11.0,11182
56.732644124726,1,3.0,11183
56.73760090119914,6,2.0,10953
56.74033613660162,11,2.0,10652
56.74096401650558,6,2.0,11023
56.74143506267427,11,5.0,11068
56.74257396195263,10,5.0,11155
56.742657496038376,6,36.0,11168
56.74368152944574,7,9.0,10994
56.75106484337268,15,3.0,-12588
56.75333117776006,9,5.0,10689
56.75424595201184,4,1.0,11184
56.75486936400625,6,2.0,11102
56.75519084162685,4,4.0,11185
56.761821691202165,1,2.0,11186
56.76293884433252,16,2.0,9421
56.763114123040104,1,1.0,11187
56.76412224216427,12,3.0,10984
56.76527923815434,10,55.0,11001
56.768288703479875,1,1.0,11188
56.769685859498225,10,1.0,11171
56.77051458783952,16,3.0,9874
56.77216302105077,10,46.0,11177
56.77469292373517,1,6.0,11189
56.77567011028138,7,4.0,11047
56.776264722537384,10,8.0,11139
56.77763713610001,7,1.0,10742
56.77880507278779,1,7.0,11190
56.77900640455447,8,6.0,11003
56.783898528398986,1,2.0,11191
56.787951234190054,1,4.0,11192
56.78888702969215,15,8.0,-12596
56.79576265023881,9,9.0,10849
56.80297607786327,6,28.0,10887
56.80550221909409,9,7.0,10617
56.806304754770615,4,3.0,11193
56.807533348152845,8,3.0,11066
56.8214876069932,1,3.0,11194
56.82490596795759,6,8.0,11114
56.828211339819646,16,2.0,9952
56.82874853096969,17,2.0,-7029
56.835023022476236,11,17.0,10844
56.835975613098725,1,8.0,11195
56.83709792244135,7,2.0,10938
56.838787145785346,6,1.0,11181
56.84047822759834,6,3.0,11074
56.84237822994427,11,1.0,11009
56.844597769078575,6,3.0,11175
56.84899403388146,6,11.0,11182
56.849102252853065,1,7.0,11196
56.84910796961156,14,4.0,-12635
56.850981315398236,8,3.0,10973
56.85332051940756,11,8.0,10641
56.85776789633815,9,3.0,10973
56.8578022208224,4,8.0,11197
56.85787692923697,11,9.0,10916
56.8594457430281,11,24.0,10672
56.86048302337477,17,1.0,-1392
56.86121975654513,10,6.0,11138
56.861706051464765,4,15.0,11198
56.86212402493081,7,3.0,10986
56.862401318502826,1,1.0,11199
56.864274280361045,11,7.0,10903
56.866338741022695,6,4.0,11192
56.86822327715762,6,6.0,11071
56.873502196906756,5,4.0,0
56.875148922280815,16,5.0,9471
56.8785499261345,6,7.0,11190
56.886460835685405,6,3.0,11194
56.893070158485656,5,2.0,0
56.89370513288635,9,1.0,11033
56.89370513288635,16,1.0,11033
56.8968177407553,11,34.0,11005
56.897998481191706,10,39.0,11153
56.902511565098706,5,1.0,0
56.90273973904409,1,1.0,11200
56.90278659202058,16,42.0,399
56.904176053061995,7,1.0,10966
56.908772144117336,17,2.0,-7518
56.90953313765519,4,3.0,11201
56.913700840599944,3,3.0,11202
56.918046787841185,4,4.0,11203
56.91924284577262,17,3.0,-12268
56.92012588121577,7,18.0,10945
56.920177749077915,5,1.0,0
56.920232567022225,1,1.0,11204
56.92184931500485,13,2.0,-12633
56.922569858000095,7,4.0,11027
56.925453160313594,7,1.0,10875
56.925639928950424,9,1.0,10988
56.926438813594324,5,4.0,0
56.93122701571141,11,16.0,10806
56.9342294328313,6,5.0,10963
56.94987049702385,1,2.0,11205
56.951936570848844,4,23.0,11206
56.953738398047356,10,2.0,11154
56.954393817501,5,2.0,0
56.958950144801356,6,6.0,11160
56.96194527419757,13,42.0,-12619
56.96240628995654,5,17.0,0
56.9656553027301,11,59.0,10907
56.968296523138164,4,5.0,11207
56.9722543790389,6,1.0,11204
56.973227719500535,4,42.0,11208
56.97571811307963,6,1.0,11148
56.977287783471745,9,7.0,10814
56.980745404593335,11,9.0,10926
56.981126211430045,6,2.0,11169
56.98589840797305,17,5.0,-12407
56.988453056892496,5,2.0,0
56.98923561605845,10,6.0,11050
56.990812483900136,3,5.0,11209
56.990916258919064,5,2.0,0
56.99098501066639,3,43.0,11210
56.993606574109094,7,8.0,10757
56.99940230078721,1,3.0,11211
57.00074479018244,9,46.0,10455
57.004596189092865,7,2.0,10794
57.00623712855073,11,3.0,10847
57.00629846019563,5,1.0,0
57.00820581442311,15,3.0,-12608
57.00879884020152,16,2.0,10559
57.00922766794915,15,1.0,-12613
57.01561048764288,5,2.0,0
57.0185950147556,5,2.0,0
57.01914896929733,17,7.0,-9935
57.02073487754724,7,2.0,11006
57.02874422956939,5,3.0,0
57.0293672443207,11,5.0,10840
57.030758238458745,7,2.0,10867
57.033136525545906,15,4.0,-12606
57.03341999015005,7,1.0,10960
57.03847910374857,6,1.0,11142
57.0387007677555,4,8.0,11212
57.040732943615765,4,3.0,11213
57.040869548814015,11,48.0,11129
57.05024988885761,1,1.0,11214
57.0509606719726,10,28.0,11046
57.051202436071065,6,2.0,11099
57.052591289904036,12,4.0,11057
57.05976038716237,5,3.0,0
57.05993339999335,10,2.0,11106
57.060151723593194,11,50.0,11084
57.060151723593194,16,50.0,11084
57.06466477806329,5,3.0,0
57.06498105539711,11,28.0,10946
57.06712559124096,7,5.0,10869
57.06836589136449,17,1.0,-11104
57.07045162253037,16,1.0,10418
57.07187146566356,7,1.0,10799
57.08048600388729,11,1.0,11037
57.082307993384234,5,5.0,0
57.08527139955882,17,2.0,-12353
57.08627474551461,5,6.0,0
57.08742556985106,1,4.0,11215
57.08777832992111,14,3.0,-12649
57.092280892153816,11,10.0,10920
57.092828798858456,5,4.0,0
57.0928755904471,6,3.0,11211
57.09578053432646,1,5.0,11216
57.10026762105941,3,39.0,11217
57.10032361942844,11,10.0,10851
57.10128965727882,1,6.0,11218
57.10252181964361,17,1.0,-11544
57.10318956940196,3,54.0,11219
57.10504894067188,10,2.0,11163
57.10520614293383,10,3.0,11202
57.11353684299899,10,24.0,10934
57.115127288298225,5,5.0,0
57.11731329109363,13,3.0,-12646
57.11880511478891,3,16.0,11220
57.12339424610662,7,4.0,11137
57.12597083340788,8,1.0,11091
57.12725213445587,7,32.0,10666
57.127641646176556,1,2.0,11221
57.13115804194716,10,15.0,11198
57.131998840940355,13,4.0,-12637
57.135645302051046,10,7.0,11172
57.13567229889986,16,5.0,9885
57.1409954239875,4,17.0,11222
57.14218314666589,7,3.0,10816
57.14252354730474,16,45.0,173
57.14384932306914,3,45.0,11223
57.14505858884375,13,1.0,-12638
57.145130871600095,9,7.0,10862
57.14723808998192,7,3.0,11010
57.15466570711678,4,2.0,11224
57.15486625530089,8,4.0,10965
57.15526584759459,3,2.0,11225
57.15698429409567,10,1.0,11165
57.15800283036697,4,1.0,11226
57.15833710890955,6,1.0,11108
57.16259963101135,11,29.0,10668
57.16617224208491,11,1.0,10812
57.166601608369035,3,13.0,11227
57.168449590415435,6,1.0,11176
57.168505302120366,4,6.0,11228
57.1688894662913,11,7.0,10905
57.17327810769904,10,4.0,10690
57.174738110502545,11,10.0,10808
57.17486172905412,17,1.0,-9789
57.1755441350989,6,1.0,11199
57.17917063796348,17,2.0,-12425
57.1822576851032,6,3.0,11059
57.18408999704129,6,3.0,11173
57.18819680513084,11,3.0,11140
57.18941056930828,11,3.0,10924
57.19066117327091,8,28.0,10887
57.19177469449312,5,4.0,0
57.19255535468389,1,2.0,11229
57.192816201436564,5,2.0,0
57.199941297854195,11,13.0,10825
57.20033450356195,6,5.0,10882
57.20252093761888,4,2.0,11230
57.20274184656151,11,1.0,11055
57.20536452649053,10,12.0,11029
57.20577789180934,14,3.0,-12639
57.20615556256845,16,1.0,9671
57.20860657915442,11,36.0,11064
57.20862574607009,1,3.0,11231
57.20942445273371,5,3.0,0
57.21185881326232,15,6.0,-12610
57.21247214549473,17,2.0,-12364
57.21376937212565,10,6.0,11128
57.21402129106132,15,2.0,-12614
57.215464613648855,9,9.0,10783
57.21864525236821,6,2.0,11115
57.21974941773368,10,1.0,11184
57.221118507842704,10,42.0,11136
57.2255223692549,17,2.0,-10171
57.226100260486916,10,16.0,11220
57.22679090653078,7,1.0,10777
57.22781544937023,6,9.0,11075
57.22876531191112,15,2.0,-12604
57.23718269652281,11,8.0,10861
57.24023989944407,12,21.0,10896
57.246584729120286,5,3.0,0
57.24830884476174,11,6.0,10584
57.24952199240529,9,3.0,10984
57.25169870660511,1,9.0,11232
57.252249475927705,1,4.0,11233
57.2564223884014,7,4.0,10951
57.26032516034641,1,1.0,11234
57.26099197774559,1,5.0,11235
57.26432582327756,11,9.0,11031
57.26744668945569,6,43.0,10701
57.26824318352309,17,3.0,-11778
57.2697288018851,5,6.0,0
57.270738851445216,4,1.0,11236
57.273686018867366,4,16.0,11237
57.27414014168016,5,2.0,0
57.276078648866026,11,4.0,10631
57.27968756546528,1,4.0,11238
57.281508992389846,17,3.0,-9134
57.28178932742627,6,14.0,10846
57.28438557567382,6,5.0,10872
57.2853863071697,7,2.0,10978
57.28787103250596,5,2.0,0
57.29161533638185,10,3.0,11167
57.292885356973756,13,1.0,-12652
57.29303406099211,7,9.0,10858
57.29350923453817,10,4.0,11203
57.30411718587677,13,4.0,-12648
57.30689054799937,5,2.0,0
57.308010228837865,4,8.0,11239
57.308628415114775,10,5.0,11207
57.31049585827478,15,1.0,-12615
57.3114782402171,5,1.0,0
57.312480877578196,15,3.0,-12611
57.31500176343462,1,2.0,11240
57.32049783500652,1,6.0,11241
57.33006048892327,16,9.0,10080
57.332369980404586,1,1.0,11242
57.33291585356007,3,24.0,11243
57.33303341199258,7,9.0,10866
57.33680998020725,5,4.0,0
57.34102095605388,10,3.0,11060
57.34127695970011,11,2.0,10837
57.34168178919673,10,1.0,11226
57.34689792721789,16,7.0,9551
57.347664990823525,10,2.0,11225
57.348675582731644,11,1.0,11150
57.34875746695706,11,2.0,10940
57.356322652396955,16,47.0,10639
57.35648915584806,11,24.0,10815
57.356903153915276,7,1.0,11144
57.358336004635234,17,1.0,-10219
57.36086525669293,5,7.0,0
57.364141783177864,9,3.0,11066
57.3668305878376,15,1.0,-12616
57.36732134524405,17,1.0,-12307
57.37103115899579,6,1.0,11098
57.37310247805221,5,1.0,0
57.38086521388545,7,2.0,11070
57.38480458380224,7,6.0,11160
57.385379651443216,16,40.0,9391
57.38541576055121,11,20.0,11133
57.389084331252384,11,4.0,10856
57.38954926455784,5,2.0,0
57.393678531722415,8,8.0,11114
57.39443845061095,10,2.0,11179
57.39523392209581,17,1.0,-11665
57.3955390302605,6,2.0,11205
57.39688436726405,11,2.0,11004
57.40042220652077,7,2.0,10642
57.40150871159501,16,6.0,5118
57.404749457200715,8,3.0,10741
57.41193072557698,1,5.0,11244
57.412371930366305,4,1.0,11245
57.4160457184397,16,3.0,10347
57.41635924935853,6,3.0,11104
57.42128547135136,6,2.0,11221
57.42289750722351,13,2.0,-12645
57.42908576049815,17,32.0,-12557
57.42988221132048,12,19.0,10698
57.43075833431795,6,3.0,11166
57.43103751233664,10,43.0,11210
57.43488544216242,11,5.0,11062
57.43715349550693,7,7.0,11119
57.438732221400194,5,3.0,0
57.44207977365201,7,1.0,10977
57.44625890137046,15,2.0,-12617
57.45135004458032,4,1.0,11246
57.45159495332434,4,2.0,11247
57.452886836721014,4,7.0,11248
57.45691398381331,10,3.0,11201
57.460950917153475,11,2.0,10906
57.46246088907811,16,2.0,10346
57.46255114851117,9,1.0,10927
57.463434541110445,9,3.0,10741
57.468517398296335,7,5.0,10824
57.46872224372857,6,4.0,11215
57.46925719036013,1,1.0,11249
57.470970251194686,15,1.0,-12602
57.47136974098473,10,6.0,11228
57.471447659325456,4,3.0,11250
57.476290658021945,6,9.0,11232
57.47817691753308,1,1.0,11251
57.47864570503049,7,4.0,10574
57.48562085944381,10,1.0,11245
57.486503977574635,1,3.0,11252
57.491911584379885,1,10.0,11253
57.49313952138218,11,5.0,10841
57.49567701930108,15,8.0,-12607
57.49579815661954,3,18.0,11254
57.49994993305219,9,2.0,10930
57.50720094048419,17,1.0,-10557
57.509656059194796,5,1.0,0
57.510662212361716,4,3.0,11255
57.51136917168691,1,2.0,11256
57.51511363885862,17,3.0,-11375
57.516181820652015,7,4.0,11054
57.51747420350716,6,1.0,11188
57.5221252706019,12,16.0,11220
57.524123114965285,3,40.0,11257
57.52505085938926,4,8.0,11258
57.527679448974965,10,1.0,11121
57.52919968594794,1,8.0,11259
57.530656984841826,11,4.0,10954
57.53107937126532,10,1.0,11236
57.531229388579845,5,21.0,0
57.53242545394578,6,5.0,11244
57.53281788703898,7,4.0,10897
57.53319637231428,13,34.0,-12647
57.53942148783146,15,1.0,-12601
57.540594935459644,6,1.0,11097
57.54450073998655,5,7.0,0
57.545613018566,17,1.0,-12261
57.548446755243745,13,1.0,-12653
57.55381575447931,1,9.0,11260
57.55473623711141,17,2.0,-12438
57.555272330539516,8,1.0,10883
57.55670957753269,3,3.0,11261
57.561994639698376,16,1.0,9688
57.56369277070948,9,3.0,10959
57.57102050359847,5,3.0,0
57.574821406057055,6,3.0,10998
57.575685052398164,7,1.0,11044
57.575685052398164,16,1.0,11044
57.57673205767733,1,21.0,11262
57.5775784386268,11,21.0,11122
57.57834738030262,17,5.0,-12367
57.57858777015265,1,3.0,11263
57.58470863173368,16,13.0,9955
57.5871166210941,7,7.0,11078
57.59182129932424,12,4.0,11126
57.592981140986154,5,2.0,0
57.59478190476017,10,5.0,11113
57.59711709887565,5,6.0,0
57.597570866864686,16,2.0,9818
57.59813361442326,11,50.0,10987
57.598615432940356,8,1.0,10964
57.59866406268702,7,3.0,10305
57.598981743565496,11,7.0,10650
57.605096317129274,4,3.0,11264
57.60756037485254,7,1.0,11081
57.61160090298318,10,54.0,11219
57.61260813945015,5,1.0,0
57.61275379734867,4,2.0,11265
57.615434603608115,17,3.0,-11001
57.61800703794115,5,1.0,0
57.61882301156385,7,2.0,10855
57.623994026552204,3,24.0,11266
57.62572879475817,7,3.0,11053
57.62586809227228,6,2.0,11229
57.62771157324353,1,5.0,11267
57.63256826111937,7,5.0,10464
57.63616483228008,17,1.0,-11452
57.63797071289674,7,2.0,11157
57.644796942325755,6,5.0,11235
57.64609585219486,11,2.0,11072
57.646133525102364,7,1.0,10874
57.647135177055446,1,2.0,11268
57.64929306243524,17,3.0,-12189
57.64988164016312,6,1.0,11234
57.65552081260172,6,7.0,11082
57.65674140074206,17,1.0,-12487
57.65837013478581,15,2.0,-12612
57.6597459736051,3,4.0,11269
57.66064804251066,1,2.0,11270
57.66310061928183,16,14.0,9925
57.66319075993592,6,1.0,11249
57.66322880728747,13,1.0,-12654
57.66325520999898,5,2.0,0
57.66578238109946,1,4.0,11271
57.666879573105945,9,21.0,10896
57.671168483668566,9,14.0,10853
57.6779890737389,6,5.0,11267
57.67980540291004,1,3.0,11272
57.68331823998478,17,11.0,-10855
57.68380295379179,5,1.0,0
57.684170475451545,10,3.0,11193
57.68424003879156,3,4.0,11273
57.68598422715494,10,40.0,11257
57.68741359251438,17,2.0,-12040
57.69057391668992,5,1.0,0
57.69120562392118,6,3.0,11263
57.69122157146965,10,15.0,10886
57.692622974135176,7,6.0,10991
57.69603279347081,3,48.0,11274
57.69745282407469,16,2.0,10697
57.69765363353049,9,2.0,10922
57.699264922607775,15,10.0,-12609
57.70276666789174,8,1.0,11188
57.70524028247287,8,8.0,11093
57.70751648716867,11,2.0,10902
57.71398922979373,7,1.0,10992
57.71455250438854,7,4.0,10776
57.71473788600295,6,9.0,11260
57.715996655449814,10,4.0,11269
57.71685019044712,13,1.0,-12650
57.71809115195084,1,5.0,11275
57.72112047569743,11,1.0,10864
57.72139577815432,9,15.0,10933
57.722479113937474,16,1.0,4582
57.723580774591305,4,1.0,11276
57.725045087210965,9,1.0,10883
57.72596769828387,5,22.0,0
57.727534074786305,13,1.0,-12641
57.72824725043188,7,10.0,11021
57.73323666905514,8,3.0,11059
57.73409924809625,3,24.0,11277
57.735463059128875,11,13.0,10997
57.73774543621275,10,9.0,11132
57.743853371677865,1,2.0,11278
57.750606089830754,15,1.0,-12603
57.752294093430926,7,2.0,10706
57.75641168314622,7,11.0,11182
57.757013149637935,3,10.0,11279
57.75810688811377,17,2.0,-11992
57.76055384487131,6,5.0,10980
57.76095615768554,9,1.0,10964
57.76331303145366,4,3.0,11280
57.769745738990416,10,2.0,11143
57.77939816607083,6,3.0,11252
57.78192033229595,6,3.0,11088
57.783077618989665,13,3.0,-12640
57.78338363037521,15,3.0,-12605
57.78391452723128,6,1.0,11251
57.78961819552297,6,6.0,11241
57.800210064366176,6,4.0,11271
57.8020725677937,16,3.0,8893
57.80430188020046,11,1.0,10736
57.805665092740306,11,13.0,11125
57.81387991795138,1,5.0,11281
57.8139200242698,10,2.0,10970
57.814379427977016,7,4.0,11008
57.814835569633864,10,48.0,11274
57.825409714687275,1,3.0,11282
57.82654997892828,4,4.0,11283
57.828852785204525,5,10.0,0
57.83004687244509,8,3.0,11012
57.83481896024127,7,3.0,11017
57.83693956499345,7,3.0,11030
57.838558472977454,16,11.0,8271
57.838645925888045,1,2.0,11284
57.84215466050347,15,4.0,-12618
57.84438743665457,6,1.0,11015
57.851518781596475,5,4.0,0
57.85837522903719,1,3.0,11285
57.85952532275086,11,1.0,11092
57.85952532275086,16,1.0,11092
57.8604077685889,1,19.0,11286
57.86383121743311,13,8.0,-12643
57.86812140605094,10,16.0,11237
57.86864243793148,5,2.0,0
57.869546365348604,17,5.0,-3116
57.86991986932194,14,9.0,-12651
57.87170122628491,6,2.0,11268
57.87503562570171,17,1.0,-9261
57.875312585612,1,5.0,11287
57.87666565067299,17,1.0,-12399
57.8766849281625,8,5.0,11235
57.877449226552926,6,2.0,11240
57.8794541830623,6,4.0,11022
57.88154809286882,1,2.0,11288
57.88309180031658,5,1.0,0
57.8835605368509,9,4.0,10791
57.88362697673715,1,2.0,11289
57.88540245316991,8,4.0,11192
57.886494709678,7,3.0,10893
57.88656803366891,16,13.0,9051
57.89158660455205,7,2.0,10999
57.89267016796349,17,1.0,-12161
57.89292824767329,1,4.0,11290
57.893465766535584,10,1.0,11276
57.89443617616792,6,5.0,10704
57.90302836302682,10,2.0,10971
57.90426926792963,5,2.0,0
57.908531534734394,4,6.0,11291
57.910883814981275,3,47.0,11292
57.91141553694311,11,7.0,11040
57.912757506011914,1,2.0,11293
57.9131309673452,4,5.0,11294
57.915021478265835,11,5.0,11077
57.91571828300434,6,2.0,11180
57.91704588236723,6,7.0,11196
57.917111479466634,11,5.0,11131
57.91719516732218,5,15.0,0
57.921293991575254,5,2.0,0
57.92291550348208,1,1.0,11295
57.92462524037124,4,5.0,11296
57.924767572750305,7,2.0,11069
57.92626795116083,11,54.0,10925
57.92714703276384,1,1.0,11297
57.92728457569919,10,4.0,11273
57.93364740108778,1,2.0,11298
57.93650759634212,6,1.0,11297
57.940944957230904,4,11.0,11299
57.9425984267345,1,4.0,11300
57.94327420914613,3,5.0,11301
57.94398316938886,7,1.0,11199
57.94504551747054,11,5.0,11207
57.946588255531076,16,2.0,9665
57.94679024183743,11,4.0,10877
57.94706573043605,13,8.0,-12644
57.95138941209936,1,2.0,11302
57.95369299628972,7,2.0,11036
57.95543065101335,6,2.0,11278
57.955582655477215,17,2.0,-11952
57.96624273344566,6,2.0,10974
57.96974194621068,5,3.0,0
57.96980232054261,5,9.0,0
57.973223579307486,1,3.0,11303
57.974029382401746,1,8.0,11304
57.974427488129784,12,3.0,11202
57.97602823909265,12,5.0,11113
57.976866514452404,13,16.0,-12642
57.97782064551823,10,3.0,11255
57.979066874802854,6,2.0,11270
57.97941100180856,10,17.0,11222
57.980757381947015,6,2.0,11090
57.98335489695443,11,4.0,11164
57.98388253991497,10,6.0,11291
57.99846000712098,11,2.0,11067
57.99916482795082,7,7.0,10898
58.0018156441574,11,5.0,11041
58.00216851899428,5,7.0,0
58.00289332858679,5,2.0,0
58.00377445150552,12,3.0,11134
58.00419079976688,15,1.0,-12636
58.00737171024089,12,2.0,10971
58.01079325228056,1,8.0,11305
58.016100912870904,10,3.0,10787
58.01817973701161,17,20.0,-12150
58.02029458766744,11,37.0,10981
58.02079152294892,5,4.0,0
58.02127152824083,11,2.0,10942
58.02223142476812,16,2.0,9556
58.02351580049744,11,5.0,11155
58.02379837765659,7,3.0,10985
58.024400870766215,6,2.0,11191
58.02479375680122,10,5.0,11294
58.03549814096341,11,3.0,11060
58.03731982454895,12,1.0,11171
58.038468094666754,14,1.0,-12656
58.03986392842445,11,30.0,11019
58.04435041509582,6,3.0,11231
58.0479560692945,7,5.0,11039
58.05398885681999,14,3.0,-12657
58.055513155225235,7,1.0,11043
58.05975742871593,3,5.0,11306
58.06483209290985,14,3.0,-12669
58.06731091823496,7,1.0,10827
58.068925761472514,6,3.0,11303
58.069465176356914,11,24.0,10934
58.0740841478524,5,5.0,0
58.07525083089312,11,7.0,10929
58.0755678616285,4,30.0,11307
58.080829065927155,15,1.0,-12626
58.0809116499097,9,3.0,11134
58.08996772790563,17,2.0,-12576
58.090048093829495,3,54.0,11308
58.09079619255873,1,2.0,11309
58.09200032052427,5,2.0,0
58.09261702791197,9,6.0,11003
58.094974554171,11,4.0,11042
58.09795303873388,11,2.0,10859
58.10107803563409,1,5.0,11310
58.10172271886738,3,14.0,11311
58.10772776319001,4,7.0,11312
58.110370015852716,1,3.0,11313
58.11054099013873,3,1.0,11314
58.11077121925798,10,13.0,11112
58.112977755937536,11,28.0,11046
58.113117527245905,11,3.0,11193
58.113818889065236,8,6.0,11145
58.114889276541206,6,4.0,11290
58.12017834847298,11,9.0,11011
58.120449709702825,10,7.0,11312
58.12277281810751,7,4.0,11141
58.12745787617971,7,4.0,10891
58.1287833972757,3,5.0,11315
58.12886100945229,6,4.0,11123
58.13485577517615,16,4.0,9580
58.13929238283142,10,24.0,11243
58.1436978724886,9,19.0,10698
58.14600949270306,3,3.0,11316
58.14752961622407,7,2.0,10863
58.148598712094774,4,2.0,11317
58.150164987984624,5,9.0,0
58.152107066227885,6,1.0,11187
58.15276625370738,10,31.0,11048
58.15420564690828,7,2.0,11169
58.15582568598465,10,42.0,11208
58.15950262509065,10,1.0,11124
58.15974570243381,10,3.0,11178
58.159968427854665,6,2.0,11284
58.160214260832824,5,4.0,0
58.16084549587022,10,14.0,11311
58.16180788409811,17,1.0,-8813
58.163307599810835,6,1.0,11200
58.16349041687982,14,1.0,-12668
58.16524442301564,6,2.0,11302
58.16597475317405,3,6.0,11318
58.16645218362029,7,4.0,10771
58.16803124882737,5,13.0,0
58.17410971479409,17,5.0,-11800
58.17571351259508,7,6.0,11071
58.17902810533659,5,3.0,0
58.180713602561795,6,2.0,11288
58.18467937410719,4,8.0,11319
58.1922526269408,3,4.0,11320
58.19267808267615,10,23.0,11206
58.20354894061316,10,3.0,11261
58.206576095091464,12,1.0,11245
58.21010241396571,1,6.0,11321
58.21113889767961,10,3.0,11264
58.21286534944941,10,3.0,11250
58.215497112667016,13,12.0,-12672
58.21561552581628,15,5.0,-12628
58.21785881078511,17,2.0,-11025
58.22048252607005,16,25.0,10290
58.22110386220043,3,16.0,11322
58.22194846893189,5,1.0,0
58.22510722511703,11,2.0,11154
58.22641002906863,16,20.0,10015
58.22669455198002,3,7.0,11323
58.2297320924443,6,2.0,11186
58.23457863077906,8,2.0,10974
58.24396699820438,5,2.0,0
58.246563112187154,7,2.0,11170
58.24705462152946,17,4.0,-12554
58.2484428305844,1,3.0,11324
58.248573619895424,1,5.0,11325
58.248823353206184,11,8.0,11111
58.252221412312494,3,6.0,11326
58.25305898628038,5,1.0,0
58.26291845264551,7,2.0,11052
58.26406497112858,1,5.0,11327
58.265107022171414,8,2.0,11240
58.26626841395286,17,1.0,-12240
58.26838108163466,10,12.0,11161
58.271384005111535,13,1.0,-12659
58.28158389081317,7,2.0,11205
58.281608158249625,1,2.0,11328
58.28201254881645,4,16.0,11329
58.28279062709162,16,2.0,9618
58.283383364103756,7,4.0,11080
58.284414161020955,10,10.0,11279
58.29136964998133,5,3.0,0
58.2945386111562,10,5.0,11209
58.29687033783395,10,8.0,11239
58.29859685825371,9,5.0,11235
58.30186966819072,1,3.0,11330
58.3028820013902,6,6.0,11321
58.30288963808897,11,6.0,10655
58.306998607901676,6,5.0,11216
58.30758910653065,1,5.0,11331
58.30774011932847,11,1.0,10900
58.30829602412704,8,4.0,11215
58.30907561445579,5,1.0,0
58.311859432634705,14,5.0,-12658
58.317292503503054,5,2.0,0
58.31802348869955,13,1.0,-12665
58.31873824868222,6,1.0,11214
58.31896626018127,5,1.0,0
58.324118128452334,14,3.0,-12671
58.32809965858548,12,2.0,11225
58.332189937241004,10,2.0,11035
58.332226547500454,6,2.0,10935
58.33312999076581,10,5.0,11296
58.335771512884385,7,2.0,11229
58.33859670409118,7,14.0,10846
58.33892296092214,9,4.0,11192
58.34875146674476,7,2.0,10843
58.34912137983635,7,5.0,10963
58.34923167539212,4,3.0,11332
58.35264393817268,17,4.0,-11450
58.35274045885514,7,2.0,10881
58.357453047321236,12,4.0,11273
58.35953304540427,7,1.0,11100
58.36117174005839,5,2.0,0
58.36241825029927,7,2.0,11156
58.362928200262715,9,4.0,10600
58.3680730760504,5,2.0,0
58.370025765757134,6,3.0,11324
58.37527509973295,15,2.0,-12631
58.377509944643386,8,4.0,10937
58.37901079458829,1,1.0,11333
58.37945406148551,5,9.0,0
58.381994471133915,6,21.0,11262
58.38342892366526,4,8.0,11334
58.385662398540276,15,1.0,-12624
58.385662398540276,17,1.0,-12624
58.386198204416374,13,19.0,-12666
58.390870470463106,6,3.0,11313
58.39671147158658,5,4.0,0
58.40005551767396,17,1.0,-9659
58.40118450763005,16,1.0,3114
58.402361055552156,1,6.0,11335
58.40401773969419,11,12.0,10839
58.40489187152472,14,2.0,-12670
58.40572564556842,17,5.0,-11913
58.40817648973092,3,36.0,11336
58.40832124020133,9,4.0,10937
58.40879874817463,6,8.0,11259
58.4088361048821,14,5.0,-12667
58.41135949930153,13,6.0,-12660
58.411539591774215,16,6.0,7097
58.4115884585587,10,1.0,11246
58.41274292909944,10,8.0,11319
58.41665449284813,10,7.0,11323
58.41718175736997,15,2.0,-12629
58.42171806491331,7,2.0,11028
58.42260669527679,6,5.0,11327
58.42336191000684,11,8.0,11117
58.42814111394321,8,3.0,11166
58.42874678939715,1,1.0,11337
58.42877870247846,16,11.0,9405
58.43002922518335,12,39.0,11153
58.431034277277796,5,7.0,0
58.431528011927334,1,2.0,11338
58.433780647417535,9,4.0,11057
58.433784079592634,8,2.0,11023
58.43487610209549,15,3.0,-12632
58.43647934341077,17,2.0,-11922
58.437707162618544,1,1.0,11339
58.43887272378574,6,8.0,11304
58.44564789037474,7,5.0,10704
58.44651764708068,5,1.0,0
58.44979684036405,6,3.0,11158
58.451874434412346,7,7.0,11190
58.454157257635096,1,5.0,11340
58.45535233354878,14,4.0,-12664
58.45547617961039,7,2.0,10953
58.46084615138987,5,2.0,0
58.46142326945251,4,4.0,11341
58.46175259423242,10,3.0,10961
58.46332807063355,9,6.0,11145
58.465346139546405,6,2.0,11289
58.46881276323718,6,1.0,11242
58.469253269968746,6,6.0,10943
58.46995972366809,4,7.0,11342
58.47154952500236,10,13.0,11227
58.471729470189025,1,3.0,11343
58.47311479168558,5,1.0,0
58.474234853294014,5,7.0,0
58.47611802493152,12,51.0,10548
58.484852397650116,16,11.0,9934
58.4856119459146,16,1.0,10735
58.48802037461363,7,1.0,11109
58.48973754303373,11,10.0,10911
58.49189665280055,1,3.0,11344
58.49417599513119,10,39.0,11217
58.494595356290375,16,6.0,4467
58.49627881292991,4,4.0,11345
58.496438326106286,1,16.0,11346
58.49943508898922,16,31.0,9602
58.501485267926526,9,39.0,11153
58.502121578482175,7,5.0,11120
58.51163703873345,9,1.0,11171
58.51317925213205,5,6.0,0
58.51320529984574,3,14.0,11347
58.51389384841169,7,3.0,11088
58.514943446543164,6,9.0,10909
58.515750247113125,6,1.0,11162
58.515893918936925,16,1.0,9469
58.51726552391789,3,33.0,11348
58.520599981176176,4,6.0,11349
58.52295133635472,5,5.0,0
58.526600561662974,11,18.0,11056
58.52737295745939,4,6.0,11350
58.531812561769435,1,12.0,11351
58.532681383282494,17,3.0,-12366
58.53281557594459,3,20.0,11352
58.53294859044931,5,3.0,0
58.534598888425755,6,3.0,11183
58.53805810670436,1,1.0,11353
58.53839342551269,8,1.0,11015
58.539287279911356,16,42.0,9638
58.542045701645236,15,2.0,-12625
58.54325436882856,10,3.0,11316
58.544733421453785,1,3.0,11354
58.54998451496007,5,17.0,0
58.5522338726654,7,3.0,11074
58.55926116141541,10,6.0,11349
58.56182674023644,16,2.0,7080
58.56287459896437,6,11.0,10724
58.56537805665733,8,2.0,11221
58.566583695262835,5,10.0,0
58.56788939233198,10,47.0,11292
58.56920280987046,3,6.0,11355
58.569972307864575,5,10.0,0
58.5725016062267,1,1.0,11356
58.573078628578735,11,2.0,11163
58.58078013048372,7,3.0,10919
58.58136780484105,7,20.0,10657
58.582486768546815,16,10.0,9357
58.58280027542748,1,5.0,11357
58.5828084250701,17,3.0,-171
58.58440034683942,11,15.0,11198
58.58614791442867,1,10.0,11358
58.58649024079533,1,3.0,11359
58.58833270793086,3,4.0,11360
58.589901889079535,5,4.0,0
58.591168518979906,4,2.0,11361
58.59262158281504,7,2.0,10928
58.59311798418807,7,43.0,10701
58.59341198139583,15,1.0,-12623
58.59549096776764,10,6.0,11355
58.59551821734082,3,29.0,11362
58.60288607740511,6,5.0,11287
58.60918296979379,11,31.0,11087
58.609976247865646,1,2.0,11363
58.612648795060664,17,4.0,-7426
58.613531772741126,10,8.0,11197
58.61364184333854,4,5.0,11364
58.61370063129546,7,3.0,11061
58.61376912309764,16,1.0,5089
58.6168913065281,4,2.0,11365
58.628300690798866,5,4.0,0
58.63091272286245,5,5.0,0
58.63202934044936,10,4.0,11116
58.63343649579696,10,24.0,11266
58.6338768743335,7,2.0,11302
58.63519094874938,10,5.0,11315
58.635759357141794,3,29.0,11366
58.63824468628212,11,6.0,11050
58.63915029845071,7,6.0,11013
58.64039081495186,9,8.0,11114
58.64530178586788,11,3.0,10700
58.6547120957569,7,3.0,11105
58.655180663534345,4,16.0,11367
58.65539346059347,7,7.0,10989
58.65934267873459,9,3.0,11059
58.6638426210297,11,2.0,10901
58.66590486053782,7,3.0,11313
58.66672229979492,1,12.0,11368
58.668193680519245,5,3.0,0
58.674079000087154,7,36.0,11168
58.67432727425744,1,4.0,11369
58.681985658295595,9,3.0,11202
58.682357174332346,7,1.0,10904
58.682902719518154,17,6.0,-11489
58.68326962461631,7,2.0,10912
58.68557300223763,17,4.0,-11602
58.68588621028868,17,1.0,-6214
58.6867414725055,4,45.0,11370
58.68683165654284,5,5.0,0
58.68720214468707,1,1.0,11371
58.68970386547302,4,8.0,11372
58.69179603961871,10,4.0,11360
58.69410212831095,17,1.0,-12478
58.69620575543131,5,2.0,0
58.70063930395192,1,1.0,11373
58.70164585196443,6,5.0,11340
58.70630940501135,7,3.0,10894
58.71003585765242,7,1.0,11181
58.71363713604744,5,4.0,0
58.71460842122395,1,2.0,11374
58.71518891935682,15,2.0,-12620
58.71664736001966,7,1.0,11083
58.7184477575225,7,4.0,10995
58.71944831919352,9,5.0,9827
58.721496571733724,15,3.0,-12634
58.7222755573205,4,5.0,11375
58.72619565253322,10,8.0,11334
58.727033794289035,5,1.0,0
58.731308380907684,1,2.0,11376
58.732863438326184,14,2.0,-12662
58.73576990464051,5,10.0,0
58.738080538627756,7,2.0,11127
58.73869856079294,11,15.0,10972
58.74034238506224,11,3.0,10787
58.74082074316198,16,2.0,9474
58.742408182647,7,7.0,11151
58.749056095408676,7,3.0,10950
58.75058199350773,15,1.0,-12630
58.75136159219581,1,4.0,11377
58.751840302760755,9,8.0,11093
58.75237998528473,6,1.0,11353
58.75288053341912,10,2.0,11365
58.75343722648298,5,1.0,0
58.75612567287318,7,4.0,11271
58.75667104897763,1,4.0,11378
58.7606800101419,4,29.0,11379
58.76283462356011,16,6.0,1924
58.770486607963264,11,1.0,11121
58.77055482225043,11,4.0,11203
58.779803906337534,6,3.0,11354
58.78265135594489,16,2.0,8792
58.78308767473441,10,7.0,11342
58.783755186858855,6,6.0,11335
58.78841263612694,17,4.0,-12127
58.78853732560769,5,1.0,0
58.78890121280729,10,2.0,11147
58.78992763008133,10,8.0,11372
58.79162884068172,9,28.0,10887
58.79253448340142,8,6.0,11335
58.79298064983335,7,3.0,11024
58.79389744399772,17,2.0,-10556
58.79573233916549,4,2.0,11380
58.80226715075921,6,1.0,11089
58.80232610930823,15,42.0,-12619
58.80443921424661,11,16.0,11237
58.80837355056349,1,7.0,11381
58.81036733768836,16,8.0,9669
58.81197071985687,1,2.0,11382
58.81292400971374,6,12.0,11351
58.81489894803182,11,6.0,10962
58.815606862590876,7,3.0,11103
58.816031300694654,7,43.0,10800
58.816727918448365,4,2.0,11383
58.82063797024366,7,1.0,11135
58.821096844307746,7,5.0,10872
58.82187881554021,8,3.0,11211
58.826806002676946,9,2.0,11023
58.827290096137894,10,3.0,11280
58.82876910968669,9,4.0,11273
58.82882913919786,5,1.0,0
58.82999820042777,6,2.0,11298
58.83186777426355,17,2.0,-12419
58.833712171257694,6,19.0,11286
58.83426404256876,7,9.0,11075
58.834939007291766,11,1.0,11018
58.83568834607595,9,2.0,11240
58.83673199349222,13,11.0,-12663
58.83767943335151,13,1.0,-12655
58.842574324422365,1,3.0,11384
58.84322703298292,9,1.0,11091
58.84438165298673,12,3.0,11280
58.84468064933094,15,2.0,-12633
58.84745506429469,15,4.0,-12635
58.84780929773751,9,16.0,11220
58.84895166268142,6,2.0,11309
58.849003362556154,10,54.0,11308
58.85023448684592,1,1.0,11385
58.85217911801072,15,4.0,-12622
58.85352699052986,8,3.0,11252
58.855258008939245,17,1.0,-3439
58.86302517213015,5,2.0,0
58.864437763055456,9,3.0,11166
58.866283897832616,10,6.0,11326
58.87242511320663,5,4.0,0
58.880013995208685,16,4.0,3397
58.88166719066545,1,2.0,11386
58.88583489747927,6,2.0,11374
58.887974662546355,5,3.0,0
58.89735240395762,1,1.0,11387
58.90032384322318,4,1.0,11388
58.90719589878803,5,1.0,0
58.90874409094854,6,2.0,11363
58.90980360851713,1,9.0,11389
58.91415668336744,10,36.0,11336
58.91460447974505,5,11.0,0
58.91519108680738,6,5.0,11331
58.916539026094064,10,9.0,11174
58.91699067439048,7,2.0,11115
58.91917956749986,13,5.0,-12661
58.9366524032925,9,51.0,10548
58.937787508481506,15,1.0,-12621
58.9458893816904,6,2.0,11328
58.94753831078499,6,5.0,11038
58.94814361826862,10,3.0,11332
58.9500795254247,9,4.0,11126
58.95122392787314,7,3.0,11263
58.95287950802015,10,16.0,11367
58.954897889140035,5,2.0,0
58.95491893188904,1,2.0,11390
58.95660194244369,15,2.0,-12627
58.95738092373966,1,3.0,11391
58.95790305498667,7,2.0,11076
58.9604617263873,6,4.0,11369
58.962836831466156,6,2.0,11382
58.96291606949443,6,4.0,11238
58.96458058344723,10,2.0,11247
58.9656420530939,1,1.0,11392
58.965958616309315,1,5.0,11393
58.96719325376619,6,3.0,11391
58.97099457252938,4,2.0,11394
58.971758141120574,11,15.0,10886
58.97268477472813,11,3.0,11261
58.973699354308444,6,5.0,11325
58.97436270779733,1,12.0,11395
58.97597261589293,16,3.0,10624
58.976418109722374,7,9.0,11232
58.980280227143425,6,1.0,11373
58.98134998686492,4,8.0,11396
58.98139210809296,7,3.0,11175
58.98542625960257,3,5.0,11397
58.986601644562846,6,5.0,11016
58.99205805060358,10,5.0,11101
58.99238639605572,8,2.0,11191
58.995347377481,5,1.0,0
58.99656830519311,17,33.0,-4194
58.996860378200886,7,6.0,10943
58.99825990567856,17,3.0,-12278
58.9988591261945,10,4.0,11283
59.00661199387551,4,20.0,11398
59.00694088715407,12,4.0,11116
59.007795627499554,6,12.0,11395
59.009418619567136,7,1.0,10809
59.009964101738376,9,4.0,10965
59.01372163721283,1,1.0,11399
59.0164216046454,5,2.0,0
59.03066030109204,5,1.0,0
59.030758238458745,16,2.0,10867
59.03300826563574,11,6.0,11128
59.04173764775354,6,3.0,11384
59.04344268719287,11,16.0,11000
59.0452540293857,7,2.0,11073
59.04783934815365,11,3.0,11201
59.04847971791645,1,17.0,11400
59.056353814937715,6,9.0,11389
59.05948903042917,5,1.0,0
59.06930883146577,10,5.0,11375
59.0736106613034,10,2.0,11265
59.07670203092767,12,2.0,11035
59.0796380928802,6,2.0,11256
59.07965445952872,4,8.0,11401
59.08066267328967,5,2.0,0
59.08364339831469,9,1.0,11188
59.08683073501822,10,11.0,11299
59.08746489324255,16,16.0,9719
59.08795163697982,15,1.0,-12641
59.088076457945576,10,4.0,11341
59.09089968052834,11,28.0,11110
59.09390541101673,15,1.0,-12650
59.09488244275326,6,8.0,11305
59.09644853798874,12,8.0,11139
59.100850099333094,1,8.0,11402
59.10750733413918,11,3.0,10932
59.10787424215238,3,5.0,11403
59.1099963162053,15,1.0,-12654
59.1102003725918,6,5.0,11357
59.116254611650334,7,2.0,10935
59.122006308861685,6,3.0,11020
59.12462793364659,5,2.0,0
59.12542017880143,11,24.0,11243
59.12625904964607,5,3.0,0
59.12717633394395,5,2.0,0
59.13058327703777,16,60.0,9662
59.13402483124667,3,8.0,11404
59.1340494585295,6,5.0,11310
59.13481359784173,14,1.0,-12679
59.135513921211796,11,17.0,11222
59.13560280560616,8,7.0,11082
59.14143798548263,10,5.0,11403
59.142387673138515,11,1.0,11226
59.147905695903894,4,4.0,11405
59.14832417142455,15,4.0,-12648
59.149859829878736,3,3.0,11406
59.14990423664021,16,5.0,3377
59.15073089368337,5,6.0,0
59.15224986418936,5,2.0,0
59.15342736183077,12,7.0,11323
59.157613782421826,1,4.0,11407
59.16189159432417,10,4.0,11320
59.16299942408945,1,1.0,11408
59.16342594623851,3,2.0,11409
59.166012692809794,11,1.0,11094
59.167275995953915,12,36.0,11065
59.16868268737075,11,45.0,10918
59.168718621122174,1,1.0,11410
59.1689587239331,1,1.0,11411
59.17142308276644,8,1.0,11204
59.17428105712145,7,4.0,11123
59.17454355517753,6,17.0,11400
59.17825882916751,6,1.0,11410
59.1785406982542,5,3.0,0
59.179015818867065,4,4.0,11412
59.179132061841166,10,5.0,11364
59.183470652302894,4,2.0,11413
59.19001141977837,11,54.0,11219
59.1918922794416,3,6.0,11414
59.19511225806222,8,3.0,11303
59.1957858204656,1,6.0,11415
59.197978990214914,5,7.0,0
59.202244903758334,6,1.0,11411
59.202988398444354,9,7.0,10884
59.20313954664615,8,2.0,10822
59.20568185264062,6,16.0,11346
59.2057485956915,10,17.0,11096
59.209233497448906,13,6.0,-12684
59.21466579171635,10,2.0,11394
59.2171989969697,1,5.0,11416
59.219070126240894,5,4.0,0
59.226124224092175,4,5.0,11417
59.22634528080084,1,3.0,11418
59.22679496147191,13,1.0,-12674
59.229501376308484,1,9.0,11419
59.229974582915226,8,3.0,11173
59.23076812868854,9,8.0,11139
59.23086099036855,10,4.0,11412
59.23199290462825,7,3.0,11104
59.233576399139885,10,29.0,11366
59.23361744612952,12,40.0,11257
59.23548996670431,11,3.0,11250
59.23761806060967,5,4.0,0
59.24443869769628,7,1.0,11242
59.24482676539909,9,2.0,11221
59.24510391753563,9,2.0,10974
59.24768236063521,16,1.0,9953
59.24789499631755,10,3.0,11213
59.253547304494525,5,1.0,0
59.254134116027785,17,2.0,-11464
59.255398015325554,11,50.0,11107
59.25866795343496,17,4.0,-903
59.260191241501325,10,7.0,11248
59.262877975079306,5,2.0,0
59.2647088141413,15,3.0,-12649
59.26546945317579,4,8.0,11420
59.26933988353627,7,2.0,11284
59.27043694312269,7,4.0,11022
59.27071474337888,1,3.0,11421
59.27150607156797,11,25.0,10562
59.271635412078474,1,5.0,11422
59.27305501488703,10,2.0,11409
59.277366655646375,7,15.0,10993
59.28002797859091,6,5.0,11281
59.28019106740814,10,20.0,11352
59.28281659832719,10,8.0,11401
59.283010790756066,13,2.0,-12685
59.283952528302095,15,3.0,-12639
59.283952528302095,17,3.0,-12639
59.284788196570766,10,8.0,11396
59.28978830336753,14,5.0,-12686
59.29153366147761,17,1.0,-12319
59.291752961651646,10,6.0,11318
59.29390569499117,6,1.0,11337
59.295169037962594,12,4.0,10990
59.30049767029752,1,6.0,11423
59.30147039539698,11,55.0,11001
59.30417379472157,17,5.0,-11771
59.3052946388452,1,4.0,11424
59.305338079184516,5,4.0,0
59.31237237400843,12,7.0,11248
59.31241969888179,1,2.0,11425
59.317201162802405,13,2.0,-12676
59.31850066791966,16,3.0,3949
59.326129819316265,7,3.0,11194
59.33170768645211,16,1.0,9506
59.341662781325866,10,20.0,10941
59.343170557358214,17,16.0,-12396
59.34388741160988,3,8.0,11426
59.34452582673015,1,10.0,11427
59.344877410795185,5,3.0,0
59.351358128241095,10,3.0,11406
59.35203819438978,4,2.0,11428
59.35301858216192,11,43.0,11210
59.355331591821255,7,1.0,11007
59.356903153915276,16,1.0,11144
59.35971714805526,10,6.0,11414
59.36201344511626,11,7.0,11172
59.371686039308216,10,29.0,11379
59.373824363832796,6,4.0,11378
59.377222072623134,10,2.0,11428
59.37841054479923,7,1.0,11200
59.38005735054164,3,32.0,11429
59.38551960038337,7,1.0,11251
59.38684210655473,7,3.0,11324
59.3884065579247,9,1.0,11245
59.390166925891705,13,4.0,-12681
59.3901709903157,7,5.0,11244
59.39255814305199,16,20.0,9783
59.39410473429503,10,30.0,11307
59.39554680411044,14,7.0,-12688
59.40145673525316,16,3.0,10211
59.401568458398515,7,1.0,10860
59.401892858413596,5,1.0,0
59.40367532209742,9,4.0,11215
59.405739765307146,5,1.0,0
59.405971952350676,16,31.0,9208
59.40618264780407,15,1.0,-12638
59.41182819590833,9,36.0,11065
59.419535185253864,9,3.0,11211
59.42311108049493,16,1.0,2262
59.424464012695445,8,1.0,11176
59.4248950587144,11,8.0,10873
59.42563143923289,16,23.0,10091
59.427059598814964,5,6.0,0
59.45077397738721,6,1.0,11371
59.45106823477017,3,6.0,11430
59.457692594888975,7,1.0,11098
59.4617084695736,10,8.0,11212
59.46785473428913,16,55.0,362
59.47255510793678,1,9.0,11431
59.47282533766959,8,4.0,11378
59.47288821626429,10,2.0,11383
59.473792781507896,6,2.0,11293
59.47479548670763,1,4.0,11432
59.47639311274904,15,8.0,-12643
59.48196353643278,7,4.0,11051
59.48209994000061,4,5.0,11433
59.48276100750351,10,1.0,11388
59.48524935691653,6,3.0,11359
59.485573541574794,10,6.0,11430
59.488259714512054,7,2.0,10880
59.49012413008632,13,1.0,-12673
59.49065087925028,15,1.0,-12652
59.494496392266555,5,4.0,0
59.49492322559404,7,2.0,11095
59.500105916720564,3,37.0,11434
59.50258353131198,1,5.0,11435
59.50313874250861,8,2.0,11382
59.506922342422634,11,3.0,11264
59.508465658276435,1,4.0,11436
59.51013305481436,11,3.0,11086
59.510956197155465,17,7.0,-12476
59.5123850187091,17,5.0,-8559
59.514496125867154,10,8.0,11258
59.51503597000769,16,8.0,10470
59.51669430494261,7,2.0,11102
59.517381282450664,6,3.0,11282
59.51748123741559,15,9.0,-12651
59.52344808641702,11,2.0,11106
59.52369548945011,16,2.0,9692
59.52406005570829,11,1.0,11026
59.525706513701365,11,10.0,11049
59.52755871366018,10,5.0,11433
59.53441891334043,9,2.0,10822
59.53511355159657,11,6.0,11138
59.53818204005907,11,23.0,11206
59.538228728982276,9,2.0,11225
59.53861081483311,1,3.0,11437
59.54227153315821,1,3.0,11438
59.54861992631018,6,4.0,11407
59.54931507793381,9,1.0,11176
59.56356128800401,4,3.0,11439
59.574124272227365,9,1.0,11015
59.57883232357464,7,4.0,11025
59.585984472925105,4,1.0,11440
59.59288173317097,1,1.0,11441
59.594212388609755,15,34.0,-12647
59.594212388609755,17,34.0,-12647
59.59505343582715,8,5.0,11016
59.595274741053956,7,1.0,11108
59.597595092226186,4,3.0,11442
59.60000742290331,3,1.0,11443
59.60176605261091,16,5.0,6099
59.60617374027858,9,1.0,11204
59.607633879257854,5,1.0,0
59.612932034531354,10,2.0,11317
59.61547556789722,7,5.0,11340
59.61833902970848,10,14.0,11347
59.61862896123834,7,12.0,11395
59.62075858833526,5,1.0,0
59.62605591404094,13,1.0,-12678
59.626842530034686,17,1.0,-12354
59.627181621784494,17,4.0,-12002
59.631301627199925,7,1.0,11187
59.63184438880655,5,2.0,0
59.64013772816549,4,8.0,11444
59.64159478671178,11,9.0,11174
59.64201210837234,10,45.0,11370
59.642350744958165,6,1.0,11333
59.645523078663004,17,2.0,-12428
59.64882672300119,9,2.0,10971
59.6494966845814,13,1.0,-12690
59.65315503484846,1,6.0,11445
59.65445073776779,5,13.0,0
59.65453361847502,6,5.0,11422
59.655183401308705,3,1.0,11446
59.65526748108832,14,4.0,-12677
59.658276960129406,1,4.0,11447
59.66300123530736,17,3.0,-9191
59.66480470365875,10,8.0,11404
59.66484039907948,1,4.0,11448
59.665374017331985,12,6.0,11355
59.66578909482342,5,1.0,0
59.670931022491175,15,2.0,-12645
59.67112900159622,5,5.0,0
59.6721649194998,8,3.0,11391
59.67706231234367,10,4.0,11405
59.679289599471176,7,3.0,11231
59.68301661081781,5,2.0,0
59.68457407907047,12,8.0,11197
59.692067612294196,8,8.0,11305
59.69448303009827,13,9.0,-12687
59.69850515390421,16,4.0,9931
59.70385643694893,10,4.0,11345
59.708047527101144,7,1.0,11097
59.708941990615905,3,5.0,11449
59.71035875824729,15,1.0,-12653
59.710383326336846,11,3.0,11178
59.71200475048539,12,39.0,11217
59.71230622459586,14,10.0,-12680
59.71282628846878,17,2.0,-12262
59.7146854626547,1,2.0,11450
59.71526336535998,5,1.0,0
59.716211597042964,5,2.0,0
59.71740013534631,11,4.0,11045
59.722041662955675,1,5.0,11451
59.724095120646986,9,3.0,11012
59.728352016791696,15,4.0,-12637
59.73416488001067,1,2.0,11452
59.73426317687512,10,2.0,11230
59.737183614623206,7,7.0,11196
59.73791560573727,11,8.0,11239
59.738352159140696,5,3.0,0
59.746693363647445,5,3.0,0
59.750132931536015,17,1.0,-12250
59.75112352464787,16,2.0,7030
59.75198234458681,11,2.0,10838
59.75375603635568,17,1.0,-11239
59.761272094870876,10,33.0,11348
59.76727093775822,9,3.0,11252
59.76940033514659,5,1.0,0
59.777832256781565,16,15.0,2811
59.781607385783765,6,2.0,11338
59.784887586756774,10,45.0,11223
59.787002398246635,13,2.0,-12675
59.78763530190641,7,5.0,10980
59.78808192867614,4,11.0,11453
59.79010474633866,16,10.0,10103
59.79064282118527,17,1.0,-12437
59.79321329047199,9,4.0,10990
59.79589658591486,5,12.0,0
59.79755181799546,12,5.0,11364
59.799852396538576,7,1.0,11142
59.80001651911318,1,15.0,11454
59.80088483772457,10,37.0,11434
59.8039937881832,12,48.0,11274
59.80614118000599,7,2.0,11289
59.80707336509787,11,1.0,11184
59.81403390813055,7,2.0,11118
59.81664267598299,11,2.0,11265
59.820853790452375,6,10.0,11253
59.821981231955036,5,4.0,0
59.82282544785819,12,1.0,11124
59.82507276076171,10,2.0,11413
59.82815111409128,16,22.0,9774
59.828660368894866,1,9.0,11455
59.83118579562273,10,1.0,11314
59.834111657522755,11,42.0,11136
59.83568834607595,16,2.0,11240
59.8389627914978,16,2.0,9573
59.839449155954696,5,5.0,0
59.83968952400157,15,3.0,-12640
59.84079956015379,6,9.0,11455
59.84384308061078,7,2.0,11363
59.84565141411235,9,2.0,11191
59.84588171959527,5,1.0,0
59.846606517914424,5,1.0,0
59.84721728211593,7,4.0,11079
59.85049908189742,10,8.0,11420
59.851226131909826,3,23.0,11456
59.852275366351165,10,16.0,11322
59.85348166399542,10,20.0,11398
59.855886872691514,12,29.0,11379
59.856931319268114,7,5.0,11327
59.85803176557626,3,1.0,11457
59.86479991148511,4,7.0,11458
59.86842003419798,7,2.0,11309
59.869094639988795,11,12.0,11161
59.870908039558394,11,3.0,11332
59.87319146682345,7,5.0,11267
59.87637310769785,1,8.0,11459
59.877348140301926,13,1.0,-12689
59.87871488495456,16,3.0,9998
59.87919611089634,5,4.0,0
59.88052787376449,7,19.0,11286
59.88052787376449,16,19.0,11286
59.88218698333688,5,6.0,0
59.88542699920835,4,1.0,11460
59.88637266064803,4,31.0,11461
59.88891648756077,14,3.0,-12683
59.89118914774976,7,21.0,11262
59.89319509025428,1,3.0,11462
59.89881864218448,4,15.0,11463
59.89886496381475,11,3.0,11167
59.89944784635992,6,4.0,11436
59.89997044026316,7,1.0,11249
59.90162396890424,7,1.0,11148
59.90461636470432,15,16.0,-12642
59.90652153949394,1,7.0,11464
59.90847915876599,17,3.0,-11788
59.90999640243485,1,12.0,11465
59.913461195148685,4,1.0,11466
59.913760602878824,6,4.0,11377
59.91395580214782,1,1.0,11467
59.91555847156275,17,2.0,-12465
59.921190364679234,7,3.0,11034
59.92543331790997,5,1.0,0
59.92665933635489,3,17.0,11468
59.92766372864462,4,2.0,11469
59.92888286698405,16,1.0,9808
59.92958012476816,7,3.0,11183
59.93168148598018,10,6.0,11350
59.944492197898605,11,8.0,11396
59.944928333167844,17,1.0,-11554
59.94541760495552,5,1.0,0
59.953250449340416,12,14.0,11347
59.955106102039096,1,1.0,11470
59.95757428641582,9,40.0,11257
59.95759722675956,5,2.0,0
59.959285730377694,10,2.0,11380
59.95929718648548,13,2.0,-12682
59.96015550014179,3,4.0,11471
59.9608965298387,7,9.0,11260
59.96350145522572,15,3.0,-12646
59.96846061166909,11,8.0,11334
59.969877231991205,9,5.0,11016
59.97559632241247,6,3.0,11344
59.97913413242236,7,4.0,10914
59.98159209584453,8,4.0,10976
59.98193191025045,11,47.0,11292
59.98609173722522,8,6.0,11241
59.9862277588953,11,58.0,11130
59.98631446663241,7,3.0,11020
59.98916749775766,4,5.0,11472
59.99217325669406,15,8.0,-12644
59.99232134212843,17,5.0,-6769
59.99288794002702,8,4.0,11407
59.996712427099816,16,1.0,9530
59.998658154351645,4,11.0,11473
60.00030600798785,11,5.0,11209
60.002877023407265,5,4.0,0
60.00529725338265,1,2.0,11474
60.0074621028384,16,40.0,9533
60.00813353856962,5,5.0,0
60.01213838390525,7,1.0,11297
60.01281668776889,13,3.0,-12696
60.01397599462392,4,8.0,11475
60.014639622116086,5,2.0,0
60.02073487754724,16,2.0,11006
60.02370209370661,1,2.0,11476
60.02466522959109,6,12.0,11159
60.03166116010408,12,10.0,11279
60.032454307996076,1,3.0,11477
60.03385346065102,6,7.0,11464
60.03748092328506,6,3.0,11438
60.03853992530544,8,1.0,11373
60.04060502239645,11,9.0,11132
60.040653275464464,15,1.0,-12668
60.040653275464464,17,1.0,-12668
60.040736234825474,17,15.0,-10316
60.041888710491456,6,4.0,11432
60.054728644476185,11,6.0,11291
60.05840566264077,5,3.0,0
60.06970947537394,10,1.0,11440
60.07531825254034,13,1.0,-12705
60.0771183496332,10,18.0,11254
60.07959848711744,7,2.0,11256
60.08133933478253,17,1.0,-12592
60.084587403102425,4,8.0,11478
60.08618244130728,6,5.0,11275
60.0913308329536,6,3.0,11418
60.0914118122764,16,5.0,10187
60.09294543943402,9,7.0,11082
60.095311599665614,9,1.0,11124
60.09625091554398,6,1.0,11441
60.09672117217122,16,1.0,10461
60.099859153041514,15,5.0,-12658
60.1019226153275,16,29.0,9478
60.1024281326176,7,3.0,10998
60.118565867980834,5,3.0,0
60.118854308573134,12,2.0,11143
60.119745193049724,16,5.0,2387
60.12324313239711,13,14.0,-12697
60.125590049641914,11,12.0,11029
60.12609969154971,3,8.0,11479
60.129236638887654,11,20.0,10941
60.12963152385485,6,2.0,11452
60.13551613361084,1,3.0,11480
60.13570359502229,16,9.0,9166
60.13769043938666,10,41.0,11149
60.13977198964247,5,5.0,0
60.141240995109825,1,3.0,11481
60.14157521934419,10,16.0,11329
60.143276501285,5,9.0,0
60.14335737992665,16,33.0,9018
60.146910462762094,16,28.0,10427
60.14998216275454,7,2.0,11090
60.15025861573817,11,3.0,11255
60.15131905399456,6,1.0,11467
60.15141803734189,1,2.0,11482
60.15287393351494,3,6.0,11483
60.15400892124329,6,15.0,11454
60.15425700080703,4,16.0,11484
60.154592098269184,1,1.0,11485
60.15570399959969,1,6.0,11486
60.16048362738273,7,6.0,10979
60.16424257479905,11,45.0,11370
60.165563409608254,6,3.0,11480
60.168522727358535,13,4.0,-12704
60.17105155080309,1,3.0,11487
60.177440030746666,10,4.0,11471
60.17788350663941,6,1.0,11485
60.17890376732068,6,9.0,11419
60.182181894395356,7,1.0,11089
60.18226789090963,16,6.0,8344
60.18713508385779,6,10.0,11427
60.187150483603666,8,16.0,11346
60.18940909351414,1,4.0,11488
60.18961701744817,4,2.0,11489
60.19201005512773,4,3.0,11490
60.19769526522533,9,2.0,11035
60.20010836503642,16,27.0,318
60.20099612211329,10,1.0,11443
60.20256639127976,13,1.0,-12708
60.20303281827916,6,3.0,11343
60.20318194220307,6,2.0,11482
60.209241988963534,11,1.0,11236
60.21106206652679,11,8.0,11372
60.216123080969,10,8.0,11478
60.21912677768704,4,5.0,11491
60.222296990801205,5,2.0,0
60.22265616864315,10,1.0,11446
60.23433748703842,1,4.0,11492
60.234458468736086,16,2.0,10137
60.235267824408396,11,42.0,11208
60.236887784706504,6,2.0,11476
60.24225141042192,1,7.0,11493
60.243602908217134,5,5.0,0
60.24417492850742,10,5.0,11449
60.245807557362255,5,1.0,0
60.25012905109742,5,3.0,0
60.253203217459244,15,3.0,-12657
60.255841710714584,8,9.0,11419
60.262794423470574,8,5.0,11287
60.26491696629076,6,4.0,11233
60.26648271395963,15,2.0,-12670
60.27011704969043,16,32.0,1235
60.27172794701362,10,14.0,10952
60.27387866127089,14,4.0,-12695
60.27585290724443,13,1.0,-12698
60.27794379933971,7,2.0,11180
60.28082896579728,5,13.0,0
60.28100467567603,6,6.0,11218
60.28150180456891,11,2.0,10970
60.284156451688524,10,11.0,11453
60.2849343427095,5,4.0,0
60.287928932361325,1,2.0,11494
60.28911577045107,5,50.0,0
60.29001020179919,12,13.0,11227
60.29072016879777,7,1.0,11162
60.291752145306795,11,5.0,11294
60.296525464059194,5,46.0,0
60.29764425256628,4,2.0,11495
60.2986857779288,1,1.0,11496
60.30430466770982,4,32.0,11497
60.31276343826439,3,34.0,11498
60.318045407389064,6,6.0,11423
60.3260072280153,5,4.0,0
60.326054829811895,11,3.0,11213
60.341820423181865,10,5.0,11472
60.34237740824893,10,7.0,11458
60.346075033923064,9,2.0,11143
60.3546203651861,6,9.0,11431
60.358061950017785,17,1.0,-4379
60.359579383207645,16,4.0,10059
60.360358750862126,10,8.0,11475
60.36051851482117,10,34.0,11498
60.36248329962232,7,3.0,11158
60.365223943403855,11,5.0,11101
60.366965725222755,13,5.0,-12692
60.36848182567864,7,4.0,10969
60.36883892173157,7,8.0,11304
60.371870242789136,1,4.0,11499
60.37250639105034,6,3.0,11462
60.37936315764086,5,4.0,0
60.38001040584672,6,1.0,11385
60.381426371420346,4,7.0,11500
60.38317017539669,9,6.0,11241
60.38464447254208,4,15.0,11501
60.39655330897708,4,11.0,11502
60.39908208186111,6,4.0,11499
60.399577203078756,8,12.0,11351
60.40069740906628,10,31.0,11461
60.405894445217015,10,4.0,11185
60.41077801551591,11,1.0,11165
60.410919167489425,5,3.0,0
60.41147360135255,6,1.0,11392
60.41660647081236,4,7.0,11503
60.41777815135163,5,1.0,0
60.419373598966146,17,4.0,-9841
60.42478733859292,5,14.0,0
60.42498200385373,1,2.0,11504
60.42594263111148,11,2.0,11394
60.427067417637126,15,1.0,-12659
60.427067417637126,17,1.0,-12659
60.42757476406086,13,1.0,-12694
60.428423249306384,10,8.0,11444
60.43008438206333,3,55.0,11505
60.43032065578434,1,1.0,11506
60.4391022219145,2,3.0,11507
60.44070027682787,1,3.0,11508
60.44918386957466,9,5.0,11287
60.45270476919705,13,8.0,-12699
60.452914704860824,6,4.0,11492
60.457340618920504,5,49.0,0
60.458754241486865,17,3.0,-12566
60.459134557328916,6,3.0,11272
60.46006925293774,6,1.0,11470
60.46274995226091,10,29.0,11362
60.466215368436245,9,3.0,11173
60.46901345569526,17,11.0,-9283
60.46976664109829,7,4.0,11369
60.4720490607777,11,6.0,11228
60.47216040104436,7,2.0,11288
60.47444616647518,11,36.0,11336
60.47479381378328,16,1.0,7439
60.47699108897746,5,4.0,0
60.477339809008946,11,5.0,11403
60.477636794081725,15,5.0,-12667
60.477636794081725,17,5.0,-12667
60.48195594056503,16,7.0,9333
60.482645623341796,16,4.0,9810
60.48307642059184,4,5.0,11509
60.49119684817033,5,2.0,0
60.494995323148615,17,2.0,-10868
60.499134645156325,6,8.0,11195
60.502612683447474,1,2.0,11510
60.50269057302088,1,2.0,11511
60.50612730142057,1,4.0,11512
60.50862565883853,11,2.0,11383
60.51224512331688,10,5.0,11301
60.515608873052585,11,4.0,11341
60.51877558919321,10,1.0,11460
60.521078192399564,4,11.0,11513
60.52345905752575,4,9.0,11514
60.52352793258246,14,2.0,-12707
60.524129137670876,15,12.0,-12672
60.524129137670876,17,12.0,-12672
60.52538876713705,1,5.0,11515
60.52694784947355,6,6.0,11445
60.53173622655143,13,1.0,-12693
60.537934437373416,10,2.0,11495
60.53824893594671,10,11.0,11513
60.53983087727451,16,4.0,2953
60.53986002903663,6,1.0,11295
60.54047977268072,11,4.0,11405
60.542528704627294,9,8.0,11197
60.54275396754189,11,46.0,11177
60.54781852291277,1,1.0,11516
60.55477145847133,7,1.0,11214
60.55569526086663,5,3.0,0
60.55751466512833,5,1.0,0
60.557600317096586,4,5.0,11517
60.56055394522175,4,11.0,11518
60.56468974030695,11,2.0,11365
60.57106001682287,1,1.0,11519
60.57222841242465,5,4.0,0
60.574841726742484,4,1.0,11520
60.577048116332804,16,10.0,5769
60.57790480469219,5,2.0,0
60.57858355605943,11,7.0,11312
60.57879824123357,14,2.0,-12700
60.57900760172351,11,7.0,11342
60.582010463269384,16,1.0,10272
60.58291780151146,6,3.0,11285
60.58394595336159,7,3.0,11354
60.594062358997,6,6.0,11486
60.59709236082665,5,2.0,0
60.597228716324295,10,5.0,11417
60.598841098999955,6,5.0,11451
60.60206228389546,9,10.0,11279
60.602760078710475,10,8.0,11426
60.603349248573814,1,4.0,11521
60.604771214382865,5,8.0,0
60.60584819059468,11,4.0,11412
60.6110212637569,11,17.0,11096
60.612165891352596,7,1.0,11234
60.6140347832126,6,4.0,11448
60.614091883187065,11,3.0,11316
60.616392370841474,6,1.0,11399
60.61794342443086,7,9.0,10909
60.622187367244564,11,5.0,11375
60.62220496244569,5,7.0,0
60.63060536253886,10,11.0,11518
60.63616599154458,17,1.0,-12540
60.64389477410769,9,6.0,11335
60.64401386988801,8,3.0,11462
60.64683577394446,10,3.0,11439
60.65033723095936,15,5.0,-12661
60.65059164676165,4,18.0,11522
60.65487325847545,5,1.0,0
60.65571432172918,1,8.0,11523
60.65714029230763,6,3.0,11330
60.65742563297272,5,4.0,0
60.66226934965457,16,3.0,10514
60.66759584264771,6,12.0,10793
60.66868676031074,6,4.0,11424
60.6705525352173,10,5.0,11491
60.67070306387127,16,3.0,9194
60.68027252449623,11,4.0,11320
60.68135208949358,13,3.0,-12702
60.68343359670973,15,1.0,-12656
60.68343359670973,17,1.0,-12656
60.68702330519254,1,2.0,11524
60.68776852524093,11,3.0,10961
60.688251675439716,8,1.0,11467
60.692182264968025,1,7.0,11525
60.69361277386482,1,5.0,11526
60.6969102311347,5,2.0,0
60.69697672199551,11,30.0,11307
60.697019231514346,7,5.0,11216
60.70535918597041,12,6.0,11430
60.70764422837512,12,11.0,11453
60.71218590688648,7,2.0,11268
60.7139210148595,9,4.0,11407
60.71829209713704,17,1.0,-11927
60.71839955359381,10,32.0,11429
60.720743808431486,7,2.0,11328
60.72112047569743,16,1.0,10864
60.72197017780629,10,5.0,11306
60.72395789170486,11,2.0,11409
60.72824725043188,16,10.0,11021
60.72904985630039,11,16.0,11367
60.72992708592432,7,6.0,11321
60.73215886503296,10,3.0,11442
60.73341610091375,7,1.0,11337
60.73595498546391,17,3.0,-10406
60.73863729048703,7,2.0,11099
60.741751943815615,16,4.0,9159
60.74360900542076,15,19.0,-12666
60.74796934000394,6,2.0,11494
60.75013410531629,6,8.0,11402
60.75701599769286,10,2.0,11469
60.76245791367719,11,2.0,11179
60.768208964159975,15,1.0,-12655
60.768842018047174,5,5.0,0
60.7726362561108,17,2.0,-6746
60.77417732405122,6,2.0,11510
60.78246395053752,15,1.0,-12665
60.787352272756934,16,24.0,9652
60.790959801358625,17,1.0,-7356
60.79607186192052,9,48.0,11274
60.797376808928426,17,1.0,-12475
60.80475572739191,6,4.0,11488
60.8086114458406,8,4.0,11492
60.81291138104095,15,3.0,-12671
60.82276800712645,7,4.0,11032
60.828004432924835,10,18.0,11522
60.83702345127493,1,45.0,11527
60.8378503353491,17,10.0,-11660
60.84169227925377,4,3.0,11528
60.84726649083103,1,5.0,11529
60.85355059743618,6,1.0,10957
60.85450390128765,13,1.0,-12703
60.85572313727752,9,7.0,11323
60.85651377693854,2,4.0,11530
60.86112001477354,7,3.0,11418
60.86117453130039,1,5.0,11531
60.8620848935748,5,6.0,0
60.86231000266763,1,4.0,11532
60.86518152643189,7,4.0,11377
60.86865361594845,10,16.0,11484
60.86953092802024,7,5.0,11275
60.87055330290124,5,3.0,0
60.8741427628002,9,1.0,11373
60.87736110915137,12,4.0,10690
60.879659124474344,7,15.0,11454
60.87969167330538,9,8.0,11305
60.882759073359644,1,5.0,11533
60.8931511261176,10,3.0,11528
60.8968645413204,16,2.0,3413
60.906006304169416,5,1.0,0
60.90839928313729,12,2.0,11317
60.9087393052809,9,4.0,11116
60.909831737619506,10,5.0,11509
60.91051417896329,11,24.0,11266
60.91388301904551,11,6.0,11350
60.915558711776214,5,1.0,0
60.917861253316204,11,8.0,11212
60.92204286571545,5,2.0,0
60.925738523462925,1,8.0,11534
60.92615781703469,15,2.0,-12662
60.92865212471376,5,11.0,0
60.92941542653802,12,13.0,11112
60.93051155734337,1,3.0,11535
60.9318570996987,6,2.0,11524
60.932104829400274,15,6.0,-12660
60.93641433142463,14,3.0,-12706
60.93818189091854,16,2.0,9842
60.9398748909937,16,3.0,10803
60.94025285168141,7,2.0,11186
60.94075477137062,16,1.0,9508
60.941593236089666,14,9.0,-12701
60.94561226708863,1,5.0,11536
60.94897311855153,11,54.0,11308
60.9519663925144,5,3.0,0
60.9549292663534,9,12.0,11351
60.95518690064936,16,1.0,6585
60.958217338111375,15,4.0,-12664
60.95927099185057,6,3.0,11437
60.96082492911881,10,24.0,11277
60.96308476785039,8,3.0,11343
60.963694771218435,1,2.0,11537
60.967982016042846,11,8.0,11319
60.9683948545338,11,3.0,11406
60.96994659975711,1,2.0,11538
60.975792224389316,6,7.0,11493
60.97772954362025,1,1.0,11539
60.97936428416129,15,11.0,-12663
60.981478035328436,15,3.0,-12669
60.98260341747939,10,11.0,11473
60.9831559070907,16,4.0,9098
60.98361660947625,9,2.0,11382
60.98531556942947,1,4.0,11540
60.9860635020005,16,1.0,10565
60.98621386155299,6,4.0,11532
60.98720750243484,5,2.0,0
60.98733121673654,5,7.0,0
60.988005310981045,3,11.0,11541
60.989488502804726,1,5.0,11542
60.992408246134175,1,3.0,11543
60.996221875983395,114,22.0,-12691
60.99691666543986,11,14.0,10952
60.997562910674056,6,2.0,11474
60.99945477199007,11,1.0,11440
61.00079032457969,5,48.0,0
61.008823820058026,6,5.0,11416
61.011445219427706,16,1.0,9319
61.01555731327301,5,8.0,0
61.01993043234282,7,3.0,11384
61.027401120569785,11,6.0,11318
61.039188587775186,5,1.0,0
61.03998274907832,5,1.0,0
61.04645556690129,16,10.0,9910
61.04712171085194,16,2.0,2062
61.05036272142399,9,7.0,11248
61.05208679319303,7,5.0,10882
61.05659147478578,15,1.0,-12673
61.060513177554895,12,4.0,11471
61.06196160471362,10,15.0,11463
61.065502690550765,5,5.0,0
61.070898745264564,12,5.0,11433
61.07096962291514,5,3.0,0
61.07239783364982,5,8.0,0
61.07602295820744,6,1.0,11356
61.07973708740089,5,3.0,0
61.08032214132509,17,27.0,-12414
61.08200678825,1,2.0,11544
61.084282678560456,6,1.0,11539
61.08483947999062,6,2.0,11450
61.09146667542076,3,2.0,11545
61.092766964905785,7,17.0,11400
61.093728369373906,1,5.0,11546
61.0944792279113,1,2.0,11547
61.097022905366686,7,4.0,11432
61.09741914489624,17,1.0,-11776
61.0987300553075,10,1.0,11520
61.09912700283517,4,57.0,11548
61.10015568902436,5,53.0,0
61.106331546604686,4,1.0,11549
61.10687425079849,11,5.0,11315
61.10784296640381,5,1.0,0
61.11227274157738,15,1.0,-12674
61.11828599255695,4,2.0,11550
61.119335606561776,5,2.0,0
61.120272671617215,5,11.0,0
61.1235943978406,16,6.0,10336
61.12562319812658,11,2.0,11380
61.132934816687985,5,4.0,0
61.133234380315976,3,40.0,11551
61.13530439824775,5,4.0,0
61.13572062368889,7,9.0,11389
61.13998027718921,7,1.0,11353
61.143946285690355,5,1.0,0
61.14631517107956,12,2.0,11147
61.147841812448895,9,13.0,11227
61.15651452874581,6,5.0,11536
61.15959862065285,3,54.0,11552
61.16023260774522,1,12.0,11553
61.1658253738623,5,5.0,0
61.16674351941093,11,5.0,11472
61.16950185823097,16,18.0,9980
61.171835378905435,11,6.0,11414
61.17649036273874,11,2.0,11247
61.17852961023108,1,1.0,11554
61.18506434164464,5,7.0,0
61.18695280274106,7,1.0,11411
61.19138004343229,1,32.0,11555
61.1960882269506,6,5.0,11546
61.19677625311887,1,1.0,11556
61.198881771878455,6,12.0,11368
61.200554761146776,16,11.0,6438
61.20122289737574,10,23.0,11456
61.21536730700062,6,5.0,11533
61.219182922377584,6,4.0,11146
61.22163891837572,5,1.0,0
61.224508826765714,6,3.0,11535
61.226477087882245,16,2.0,9171
61.23849073015445,6,3.0,11487
61.23908469634499,6,5.0,11393
61.2396585443735,9,3.0,11391
61.241824760315225,14,4.0,-12713
61.24355971138303,13,1.0,-12712
61.24947115719747,5,2.0,0
61.251207389637266,11,14.0,11311
61.25336673251452,11,5.0,11296
61.254662544786044,9,4.0,10690
61.255750933957884,6,2.0,11386
61.25663403014773,11,8.0,11478
61.256867846386214,9,29.0,11379
61.26281498903602,7,2.0,11452
61.26370612482206,9,5.0,11113
61.26791191667334,7,1.0,11441
61.270833072440965,1,7.0,11557
61.271315484201615,7,2.0,11293
61.276886293599745,7,3.0,11359
61.277856713418956,7,1.0,11410
61.27826264228824,9,4.0,10976
61.27841935127427,6,2.0,11511
61.28066837394476,10,7.0,11503
61.28472680359641,5,1.0,0
61.28728911634485,6,8.0,11523
61.28851611492163,1,3.0,11558
61.28958929563316,5,2.0,0
61.29808717689545,1,1.0,11559
61.3023768694614,17,3.0,-6022
61.30615676099624,17,5.0,-12574
61.306863014134045,10,7.0,11500
61.317115881399445,10,57.0,11548
61.318449905534344,5,4.0,0
61.32227188851889,17,4.0,-10950
61.32532843381695,16,29.0,9843
61.3272118821681,11,8.0,11401
61.329212408496794,12,3.0,11442
61.3345252985943,13,2.0,-12709
61.33864695799061,5,1.0,0
61.34026173324962,5,6.0,0
61.34278888948558,6,4.0,11540
61.3455971775696,7,2.0,11298
61.34738258985582,6,1.0,11554
61.35821290788897,16,6.0,10146
61.35973438959013,16,1.0,6231
61.36378652086165,7,1.0,11485
61.37561264321112,11,8.0,11404
61.378630940579335,5,5.0,0
61.380707130727316,1,1.0,11560
61.38419853670282,10,32.0,11497
61.38459272825837,1,2.0,11561
61.38480458380224,16,6.0,11160
61.38579971086953,10,55.0,11505
61.38654084168877,1,2.0,11562
61.39818877790727,11,1.0,11276
61.40683161690649,12,29.0,11366
61.412842249338766,14,7.0,-12714
61.41346394817426,15,4.0,-12681
61.41457687984933,4,4.0,11563
61.418653521673846,11,4.0,11269
61.41874304479791,6,12.0,11553
61.41900237347152,4,4.0,11564
61.42673377209396,16,16.0,10154
61.44371726787711,10,9.0,11514
61.44725428516672,6,1.0,11519
61.45031499032556,4,12.0,11565
61.45530996475047,1,4.0,11566
61.45566251058183,1,4.0,11567
61.45598326244169,15,2.0,-12676
61.45677049856253,6,10.0,11358
61.45803415178182,6,2.0,11425
61.460888395270466,10,4.0,11564
61.461550711972755,9,6.0,11355
61.463523065092055,6,4.0,11521
61.46804448205517,4,7.0,11568
61.468680076747006,9,39.0,11217
61.48173093809825,3,5.0,11569
61.48177042298715,11,1.0,11246
61.483079044517005,8,7.0,11464
61.48612861001061,7,2.0,11278
61.4878308824583,5,7.0,0
61.488442590184476,17,6.0,-9482
61.49570391401698,7,5.0,11325
61.49931280702277,1,7.0,11570
61.50031733326523,16,2.0,9740
61.50230333159606,7,5.0,11357
61.51814086732589,4,4.0,11571
61.52114209526617,1,2.0,11572
61.53370902596922,9,2.0,11147
61.533851608948254,4,5.0,11573
61.5340875255934,9,3.0,11280
61.53699004864045,1,2.0,11574
61.53805613173144,5,3.0,0
61.53833035080148,6,45.0,11527
61.53983162736643,5,4.0,0
61.54916695453151,5,1.0,0
61.55477145847133,16,1.0,11214
61.556275165171144,16,4.0,4609
61.560209694410716,9,3.0,11303
61.56813130612978,4,4.0,11575
61.56985277069628,9,2.0,11317
61.57197655581795,11,41.0,11149
61.57545741010411,1,3.0,11576
61.585330202577765,5,4.0,0
61.58887719851978,5,3.0,0
61.5893743580565,1,1.0,11577
61.59143763550976,16,2.0,9987
61.59232100435152,17,5.0,-739
61.59264585865824,10,12.0,11565
61.59697025396124,1,1.0,11578
61.59836260813839,6,1.0,11387
61.59878763625684,10,4.0,11571
61.605403953673495,1,1.0,11579
61.60636508447901,10,2.0,11224
61.60697267358256,1,3.0,11580
61.61148114898705,4,7.0,11581
61.61632564032613,5,4.0,0
61.61794342443086,16,9.0,10909
61.619784374630854,7,5.0,11331
61.62188002687717,10,4.0,11563
61.62591138048039,11,20.0,11352
61.62788521763342,13,3.0,-12710
61.63387581959361,10,15.0,11501
61.63922343342369,1,2.0,11582
61.64082979124201,7,5.0,11310
61.64153992967355,11,31.0,11048
61.64223550569517,1,2.0,11583
61.647212846935844,5,4.0,0
61.64951765143536,11,2.0,11230
61.64979546531426,6,1.0,11559
61.650126640797446,12,9.0,11514
61.651745132966084,4,5.0,11584
61.65353554286418,15,2.0,-12685
61.65470470505415,7,5.0,11416
61.65630591112422,5,7.0,0
61.65831024747932,12,11.0,11513
61.66070235804244,11,4.0,11283
61.6609130585262,5,13.0,0
61.66894197004576,15,1.0,-12678
61.673393701991564,16,3.0,9642
61.67352606263142,5,3.0,0
61.678397393454844,11,6.0,11326
61.68062233429739,10,1.0,11466
61.68366270243566,6,8.0,11534
61.68718242180701,16,1.0,8753
61.6914927091085,7,5.0,11281
61.69850182785693,5,1.0,0
61.69981455682637,1,6.0,11585
61.70042093810869,9,13.0,11112
61.70216967365046,1,1.0,11586
61.70263078634734,5,24.0,0
61.70469946219003,7,4.0,11238
61.707002392135976,15,7.0,-12688
61.70873926077047,17,1.0,-5633
61.709153841517725,10,1.0,11549
61.710566388656716,10,11.0,11541
61.71455211879951,1,7.0,11587
61.7165824546088,6,1.0,11556
61.71824034489927,10,8.0,11479
61.71919653079642,5,1.0,0
61.72237278848975,3,14.0,11588
61.724442564994135,9,4.0,11492
61.72578743296523,5,5.0,0
61.733817440991515,17,2.0,-11825
61.73778693104323,3,4.0,11589
61.73815137742315,6,2.0,11537
61.738909052631804,5,3.0,0
61.73901282857794,12,55.0,11505
61.74548284168109,6,3.0,11481
61.747390259414495,1,4.0,11590
61.7474756083232,4,5.0,11591
61.751228415911555,5,1.0,0
61.752226495397316,5,3.0,0
61.75665453451195,11,5.0,11306
61.75986530183091,17,1.0,-8519
61.7662021566543,11,4.0,11360
61.767023064076426,17,1.0,-1372
61.76811964339132,17,1.0,-12246
61.77545738920355,12,18.0,11254
61.77669355953051,13,1.0,-12715
61.77784900940358,11,1.0,11314
61.78338363037521,17,3.0,-12605
61.78400686541216,17,8.0,-12086
61.793286290317454,6,6.0,11189
61.793640204561356,3,4.0,11592
61.79432687961675,6,1.0,11578
61.796825691487015,6,2.0,11538
61.80107620821096,17,2.0,-12158
61.80122467501147,16,2.0,1395
61.80141227766751,4,2.0,11593
61.80230098605334,7,4.0,11448
61.807757786420126,6,3.0,11558
61.81045076444857,15,5.0,-12686
61.81432384783028,5,5.0,0
61.81571405399382,1,3.0,11594
61.82510865662569,6,3.0,11477
61.82851074632305,7,3.0,11282
61.833846494499205,11,5.0,11509
61.841750545939966,4,6.0,11595
61.84446081488466,5,4.0,0
61.8449490451324,7,10.0,11253
61.84547246415763,12,4.0,11571
61.847125156082605,6,6.0,11585
61.85106035902746,8,5.0,11546
61.858736819593226,10,54.0,11552
61.865128077252386,7,3.0,11480
61.86689843716833,5,2.0,0
61.86866019023501,17,2.0,-9593
61.870429281237165,5,1.0,0
61.871709056292794,17,3.0,-9502
61.87614700872368,10,2.0,11550
61.877469272721044,9,16.0,11346
61.877707873117686,1,3.0,11596
61.88286007450706,10,17.0,11468
61.88336227523111,5,2.0,0
61.884289920980756,7,1.0,11333
61.89936296704337,4,3.0,11597
61.90136316772513,6,5.0,11531
61.90660975034551,15,6.0,-12684
61.913939305666624,9,14.0,11347
61.91430341775846,6,1.0,11579
61.92622736588062,10,5.0,11584
61.92656441028316,6,4.0,11567
61.92832540236936,5,7.0,0
61.92837897693813,3,8.0,11598
61.93017573855548,14,1.0,-12711
61.93560633541132,5,3.0,0
61.93660936671866,16,7.0,9266
61.937754288317095,6,2.0,11583
61.940120612173054,4,1.0,11599
61.94071211208555,6,2.0,11376
61.94092098834022,7,9.0,11431
61.94140915439409,15,1.0,-12679
61.94241899462375,7,2.0,11482
61.94427696577808,7,2.0,11476
61.94809000819323,5,4.0,0
61.949910096552685,7,5.0,11038
61.952027469727,16,1.0,10573
61.95287849960813,5,1.0,0
61.953973819595376,7,2.0,11374
61.956986088347485,6,2.0,11504
61.95803267698614,11,32.0,11429
61.95863658744293,9,9.0,11419
61.95924629148949,5,7.0,0
61.960684267469055,11,1.0,11460
61.96230470450532,11,2.0,11469
61.965251196874355,1,3.0,11600
61.97107927621275,1,2.0,11601
61.977783979529214,12,16.0,11329
61.97957961308244,12,5.0,11449
61.98595477485305,17,5.0,-12377
61.98999072170735,6,7.0,11570
61.994529579259876,10,14.0,11588
62.003788214070276,1,1.0,11602
62.003963180925666,7,10.0,11427
62.00459277375208,6,3.0,11543
62.0053232218844,6,32.0,11555
62.00584221893601,10,3.0,11490
62.006637615796095,17,1.0,-6452
62.00787593089299,6,1.0,11516
62.014820307332734,16,6.0,10335
62.01947990692756,1,7.0,11603
62.022315877358324,5,3.0,0
62.036796955501,12,2.0,11495
62.0399345910023,6,1.0,11577
62.04116090600395,3,8.0,11604
62.04251288939726,16,7.0,7056
62.045667957207655,4,2.0,11605
62.04682364221821,11,8.0,11444
62.04753179670101,1,1.0,11606
62.05337760237688,6,7.0,11603
62.05387250094908,15,10.0,-12680
62.0566454665225,4,7.0,11607
62.05810624841613,5,6.0,0
62.059334821479155,17,2.0,-11967
62.060915646486336,7,2.0,11338
62.06567286370748,4,4.0,11608
62.06589311076683,13,50.0,-12722
62.06613878237038,5,10.0,0
62.06868387824047,6,2.0,11601
62.06870161108532,14,2.0,-12717
62.072159755845924,6,3.0,11594
62.07464152340728,5,3.0,0
62.07983575918732,5,2.0,0
62.08173521982689,7,4.0,11532
62.08759503925657,13,2.0,-12718
62.088790349903185,10,3.0,11597
62.09284247472869,11,8.0,11420
62.09419440394416,16,3.0,9913
62.096108768567824,14,2.0,-12719
62.099051736327695,17,3.0,-12321
62.1002322495209,6,5.0,11529
62.1010638385459,4,3.0,11609
62.10410323223809,7,4.0,11499
62.10652374958306,10,4.0,11589
62.107348345171545,16,23.0,10213
62.11342992178389,5,1.0,0
62.11858124583103,1,3.0,11610
62.120470760145615,16,8.0,8714
62.122166490472516,6,4.0,11530
62.12660806711621,7,1.0,11295
62.129304681810275,5,1.0,0
62.13317214098309,8,8.0,11195
62.13548781802859,11,37.0,11434
62.13584459538498,7,2.0,11494
62.139213307838524,16,27.0,10310
62.139693454789544,6,1.0,11606
62.14068294006091,5,2.0,0
62.140757126416254,10,4.0,11592
62.143783937263294,10,2.0,11489
62.147452153352944,6,7.0,11525
62.149611454437824,5,2.0,0
62.15084650614949,1,7.0,11611
62.15361434306566,1,11.0,11612
62.156336842628335,17,2.0,-8434
62.156363411162346,3,3.0,11613
62.17245541983106,1,7.0,11614
62.1733500247178,11,8.0,11426
62.173588823807584,5,1.0,0
62.17698934021932,5,1.0,0
62.17701577624906,6,1.0,11560
62.18001842056463,17,4.0,-12057
62.18081066652882,11,8.0,11475
62.18356469437178,9,16.0,11329
62.18941056930828,16,3.0,10924
62.19269194057762,1,2.0,11615
62.194682880250745,9,7.0,11464
62.196620747679304,1,3.0,11616
62.200061435024814,16,2.0,10065
62.21280205758038,3,7.0,11617
62.22130373755999,17,15.0,-10270
62.222038226395824,5,1.0,0
62.229264210911786,7,1.0,11399
62.230421124956486,11,2.0,11428
62.23376691592651,8,1.0,10957
62.235100190895494,6,3.0,11610
62.241763213517125,5,1.0,0
62.243377445001265,5,4.0,0
62.24360752875981,11,16.0,11322
62.247979958156165,16,51.0,9291
62.26459314228153,7,4.0,11233
62.27145471436687,5,1.0,0
62.27301936911215,10,7.0,11617
62.27757745860697,8,1.0,11539
62.279989783511326,15,1.0,-12689
62.28345845077071,9,3.0,11343
62.28592736295278,7,1.0,11392
62.28933476741014,7,6.0,11423
62.289768368588064,5,8.0,0
62.29124842348549,11,15.0,11463
62.29419165734575,8,3.0,11477
62.294895255836714,10,5.0,11569
62.29925974979554,1,1.0,11618
62.30452509822489,5,2.0,0
62.30599166223526,17,1.0,-12504
62.31021431879156,10,2.0,11361
62.31025889361835,5,1.0,0
62.312423887227666,1,2.0,11619
62.3135172108659,4,1.0,11620
62.314391177114636,15,4.0,-12677
62.31685746391762,11,1.0,11446
62.31976475739142,5,1.0,0
62.319998476646575,7,5.0,11536
62.321369306066245,1,2.0,11621
62.32190904705814,10,4.0,11608
62.32210154945938,7,2.0,11474
62.32424747045432,7,1.0,11385
62.325557173951935,7,2.0,11511
62.32802360178865,3,34.0,11622
62.328250268565576,1,2.0,11623
62.330097688719654,15,1.0,-12705
62.33035919307707,8,1.0,11356
62.332314259561905,5,1.0,0
62.334853933508874,5,2.0,0
62.335032504514004,4,7.0,11624
62.33549061844409,10,5.0,11573
62.33850773391463,17,3.0,-12245
62.3437589689861,7,3.0,11272
62.3440234250614,6,4.0,11566
62.34453676218711,11,33.0,11348
62.34780375177533,4,1.0,11625
62.352645244059765,11,6.0,11349
62.35362256226463,5,4.0,0
62.35425124233294,5,2.0,0
62.36075653078305,14,2.0,-12721
62.3656974016235,5,6.0,0
62.37428982377266,4,2.0,11626
62.376162000854,16,4.0,9879
62.380212732616364,9,4.0,11378
62.38147960008865,5,8.0,0
62.389346495375776,5,1.0,0
62.39297151603692,17,2.0,-12290
62.39528998126415,8,5.0,11529
62.39708256958751,16,4.0,9730
62.40104944568147,4,37.0,11627
62.40138521267197,5,2.0,0
62.40833218204188,9,5.0,11433
62.40994717814732,6,3.0,11616
62.414577014557764,6,5.0,11515
62.41762906212967,7,3.0,11535
62.420913577944695,3,23.0,11628
62.42282168878337,11,31.0,11461
62.424439561250985,10,5.0,11591
62.426071099940614,10,6.0,11595
62.42785821199965,5,10.0,0
62.43070562474885,11,3.0,11528
62.437590052639244,8,12.0,11368
62.44320964604673,1,4.0,11629
62.445685166313005,10,7.0,11624
62.44776387713518,7,4.0,11290
62.45032183727056,9,12.0,11368
62.45257102774234,16,57.0,10131
62.45466299768614,16,7.0,10282
62.459122699576184,7,6.0,11486
62.46114145900936,15,2.0,-12682
62.46547322321907,15,1.0,-12690
62.46547322321907,17,1.0,-12690
62.468452027479174,4,2.0,11630
62.4705059250306,10,23.0,11628
62.470585573067346,10,1.0,11620
62.47276915263036,7,2.0,11524
62.473412388800476,10,6.0,11483
62.48143593356502,11,20.0,11398
62.48393328781833,3,9.0,11631
62.48657450247207,17,4.0,-9110
62.487367127328234,17,4.0,-12526
62.4891156949723,7,8.0,11402
62.491325160186285,3,3.0,11632
62.49325577122453,5,1.0,0
62.49819428489198,10,34.0,11622
62.501595745407606,16,6.0,9656
62.50711186542647,6,2.0,11562
62.50753992402707,11,1.0,11549
62.508081138143964,6,5.0,11526
62.5092206128773,5,2.0,0
62.51246880570295,3,3.0,11633
62.51298812195331,6,2.0,11621
62.52649473409623,16,4.0,10315
62.53008089713144,3,1.0,11634
62.53369429141551,7,5.0,11451
62.5491022915539,1,2.0,11635
62.549110030365355,8,12.0,10793
62.55240933940666,9,2.0,11495
62.55245016978002,5,6.0,0
62.5560970585217,6,2.0,11623
62.55726452132768,9,3.0,11462
62.56321981010928,11,17.0,11468
62.56330235016454,7,2.0,11510
62.56516379350985,9,1.0,10957
62.56575910055391,11,45.0,11223
62.5664796388882,9,29.0,11366
62.568118403574395,3,8.0,11636
62.57881105889817,1,3.0,11637
62.58220400913018,10,8.0,11636
62.58224448425403,17,2.0,-12532
62.58314758385983,6,2.0,11547
62.59034872442628,12,6.0,11595
62.59982919693089,8,2.0,11425
62.60752650968359,6,11.0,11612
62.6076305976746,12,5.0,11573
62.61200186658226,10,9.0,11631
62.613673530635864,11,4.0,11592
62.62108189391011,6,3.0,11508
62.62361850652015,9,3.0,11442
62.6289209865405,10,7.0,11568
62.630270350097966,6,2.0,11574
62.634236146312446,3,10.0,11638
62.64452106545177,7,3.0,11437
62.65383784263624,16,2.0,2502
62.65532422209888,7,8.0,11259
62.65598214756585,11,3.0,11439
62.66691419506816,16,31.0,10396
62.67094440309812,3,5.0,11639
62.67462619792799,7,3.0,11438
62.68219275487765,6,1.0,11602
62.68268950754954,5,4.0,0
62.69601252163188,17,3.0,-12075
62.699366479102096,12,2.0,11224
62.69955265626064,10,2.0,11605
62.701912684508784,11,8.0,11258
62.70490894135723,17,1.0,-12036
62.70962753894169,1,4.0,11640
62.70978532711069,1,2.0,11641
62.71098104154338,6,2.0,11561
62.720274523556405,7,9.0,11455
62.721307092404736,5,2.0,0
62.724947060526596,1,3.0,11642
62.733146064800444,8,1.0,11602
62.744645230064464,5,4.0,0
62.74799641823088,14,1.0,-12716
62.74854269913667,9,5.0,11449
62.75622589255037,3,18.0,11643
62.75829988323738,5,8.0,0
62.75876900284501,4,16.0,11644
62.75947088391227,17,1.0,-8438
62.760934606589295,16,9.0,10296
62.76104062115573,11,11.0,11299
62.76136648359105,4,42.0,11645
62.76952960358279,7,4.0,11424
62.771392905889485,6,1.0,11339
62.77144946426779,6,4.0,11300
62.77268913964946,6,2.0,11615
62.77702187291216,1,2.0,11646
62.77851497390844,11,2.0,11413
62.780967907057416,1,7.0,11647
62.783248952335306,7,3.0,11285
62.78699351066213,11,1.0,11388
62.78723785689512,7,1.0,11519
62.7884206033228,6,7.0,11611
62.79211261305005,7,8.0,11534
62.79376309485913,16,6.0,10011
62.79965663300939,15,2.0,-12675
62.80188153511035,11,57.0,11548
62.80955274633536,10,42.0,11645
62.81123636593826,7,1.0,11577
62.812617647388564,5,2.0,0
62.81640400074664,15,3.0,-12683
62.820914230921154,16,5.0,10033
62.82301778166628,11,23.0,11456
62.83162929084884,16,7.0,46
62.834621907362106,10,1.0,11599
62.834939007291766,16,1.0,11018
62.83968952400157,17,3.0,-12640
62.84148059137439,3,4.0,11648
62.84349695779523,1,2.0,11649
62.84706924341077,17,2.0,-4097
62.84716029310183,17,3.0,-1860
62.84897416560705,1,2.0,11650
62.849785707581574,17,2.0,-4697
62.86896784175054,14,1.0,-12720
62.87117221582477,7,4.0,11567
62.875109129540014,7,1.0,11554
62.8759025857374,10,5.0,11397
62.8770031322119,12,8.0,11636
62.88394402873033,12,7.0,11500
62.88924044105299,15,3.0,-12696
62.89076061848993,6,8.0,11459
62.89194528410649,12,3.0,11597
62.89548955262894,7,45.0,11527
62.895938814961845,17,1.0,-7724
62.89894709763221,7,6.0,11189
62.89894709763221,16,6.0,11189
62.90096877106039,7,4.0,11521
62.9086461589151,1,2.0,11651
62.91191244756547,16,3.0,10716
62.91352549322852,15,9.0,-12687
62.91542775590018,12,4.0,11185
62.916796383973654,6,1.0,11496
62.92321159809084,7,12.0,11553
62.9281931496143,17,2.0,-7593
62.93486122629113,9,5.0,11364
62.935150406285594,7,4.0,11488
62.940455804753604,11,29.0,11362
62.94363791000994,17,1.0,-12531
62.94398316938886,16,1.0,11199
62.944499889191476,7,6.0,11445
62.94679884090322,11,11.0,11518
62.948013741288044,11,18.0,11522
62.94894765695088,9,1.0,11467
62.9536856528217,7,1.0,11556
62.957958948065496,10,8.0,11598
62.974288814633454,12,5.0,11569
62.97691134943268,7,2.0,11270
62.9843234853992,17,15.0,-187
62.99542310798627,10,1.0,11625
63.00419079976688,17,1.0,-12636
63.014597239874504,3,20.0,11652
63.01666697720819,16,9.0,6693
63.01747016466437,6,4.0,11640
63.03047365429131,7,1.0,11371
63.034906714294586,7,2.0,11538
63.03620593234922,1,1.0,11653
63.03886364253711,12,11.0,11541
63.050935559409176,4,13.0,11654
63.05448396371001,15,1.0,-12698
63.05448396371001,17,1.0,-12698
63.054768293063,16,46.0,532
63.057952704145094,5,2.0,0
63.05876632442558,17,22.0,-12248
63.06023707728147,5,10.0,0
63.06130365857427,6,1.0,11653
63.064712447107674,16,4.0,9981
63.0660890490826,4,29.0,11655
63.07251400075522,10,40.0,11551
63.0736869424634,5,7.0,0
63.075287201420686,15,5.0,-12692
63.07645594879232,10,5.0,11639
63.078310770706935,5,5.0,0
63.08667987344753,13,1.0,-12724
63.09404773313463,6,1.0,11408
63.09539231619314,11,16.0,11484
63.09773283139402,3,45.0,11656
63.099552881970865,9,5.0,11529
63.104064615386974,7,4.0,11540
63.10488486755522,13,1.0,-12725
63.114823985725124,8,32.0,11555
63.11948503438924,16,3.0,10068
63.12177257342284,15,4.0,-12695
63.12290374023901,16,13.0,9944
63.13298284562954,6,2.0,11544
63.145130871600095,16,7.0,10862
63.14743475664816,6,7.0,11614
63.15196272806667,5,4.0,0
63.15259029283079,10,3.0,11632
63.1579254275645,10,2.0,11545
63.1620067290935,10,4.0,11648
63.167585244236584,16,6.0,9912
63.17161680648984,16,4.0,5773
63.17524050581914,7,7.0,11493
63.18289764812816,7,3.0,11344
63.188285498240084,7,7.0,11570
63.188285498240084,16,7.0,11570
63.191810064013104,7,3.0,11594
63.19593401674369,7,5.0,11531
63.19593401674369,16,5.0,11531
63.197978875831225,1,2.0,11657
63.204159700903105,7,5.0,11533
63.205358385022095,9,5.0,11569
63.21441904633986,16,14.0,10277
63.21617986355719,4,4.0,11658
63.21678243743894,5,4.0,0
63.221341951277914,7,4.0,11530
63.223585163646426,1,2.0,11659
63.227278786985,11,1.0,11466
63.23062811950701,5,5.0,0
63.240888931776546,9,18.0,11254
63.24483825142177,17,7.0,-9654
63.245231248429356,10,11.0,11502
63.24857067394798,6,5.0,11435
63.25297347427875,5,3.0,0
63.259917181329314,10,1.0,11634
63.26201613857651,15,8.0,-12699
63.26313184493392,9,6.0,11595
63.264097684439236,7,2.0,11537
63.26929444582162,5,1.0,0
63.26953067576177,7,2.0,11450
63.274045178907215,14,2.0,-12726
63.28162756096762,11,7.0,11617
63.281956467116736,4,3.0,11660
63.28336133506085,16,1.0,10067
63.285696664000334,17,3.0,-8768
63.291183420964394,6,3.0,11576
63.29317840776284,17,4.0,-12342
63.30143206736601,16,2.0,9337
63.30617354502769,7,1.0,11470
63.3171055725212,12,9.0,11631
63.32440304075907,9,11.0,11453
63.32895187861108,9,12.0,10793
63.3310146756916,1,4.0,11661
63.33303341199258,16,9.0,10866
63.34843967205513,5,4.0,0
63.35566159473985,15,2.0,-12707
63.36191817526635,11,5.0,11301
63.371746253234576,6,2.0,11641
63.37193839106643,11,14.0,11588
63.372290415081046,11,7.0,11568
63.37447627254469,1,4.0,11662
63.37804932641362,5,1.0,0
63.37947736911539,8,4.0,11566
63.38708149631353,10,4.0,11152
63.39944939190073,6,3.0,11642
63.40012095026936,5,10.0,0
63.40697240722907,17,1.0,-11399
63.41511898323113,16,8.0,9359
63.41767219911965,5,1.0,0
63.42187972991624,17,3.0,-10388
63.425545239711454,7,6.0,11218
63.426241783888486,11,1.0,11443
63.42723779812142,9,2.0,11425
63.431354639388125,14,10.0,-12728
63.44104791835971,6,6.0,11415
63.44144909612686,10,7.0,11581
63.45858152279147,11,12.0,11565
63.463434541110445,16,3.0,10741
63.46506396313533,8,5.0,11393
63.470064409304214,16,49.0,10635
63.47825111095829,7,2.0,11562
63.48165334294966,4,4.0,11663
63.482688327758424,7,3.0,11481
63.48630112726942,9,11.0,11513
63.49092699088887,1,4.0,11664
63.49441243635013,7,1.0,11516
63.49579435934782,16,4.0,10441
63.496252958499255,10,2.0,11626
63.49753034783791,9,5.0,11393
63.497781150086105,7,4.0,11146
63.498241375000646,16,25.0,10505
63.49850811726643,3,55.0,11665
63.49887378920666,12,7.0,11581
63.50385687861538,5,1.0,0
63.50617060493127,6,1.0,11586
63.50959479688538,7,10.0,11358
63.5116285968012,1,1.0,11666
63.517830655126595,9,6.0,11430
63.520756239083504,6,1.0,11666
63.52166515153589,5,3.0,0
63.52761371508939,9,8.0,11195
63.528020294804485,7,1.0,11387
63.53330973040924,4,3.0,11667
63.53958091458997,4,3.0,11668
63.540321915294655,16,10.0,4437
63.542541529494656,7,6.0,11585
63.5472465211796,16,51.0,9775
63.549246991616634,6,2.0,11649
63.556713926519144,6,4.0,11590
63.56216753145649,4,3.0,11669
63.567760686981565,11,11.0,11473
63.571849314044776,12,4.0,11648
63.57226963445849,5,1.0,0
63.57505295414116,5,5.0,0
63.57526642715687,16,26.0,7625
63.58162407479775,10,29.0,11655
63.581991723445945,10,45.0,11656
63.582840673436735,9,7.0,11500
63.583487911469184,7,11.0,10724
63.583811895051454,9,11.0,11541
63.58440034683942,16,15.0,11198
63.58626064865831,5,4.0,0
63.58800603714967,13,2.0,-12723
63.59192244017979,6,4.0,11629
63.592712870405734,1,2.0,11670
63.59291868892192,10,3.0,11669
63.59490886864427,5,2.0,0
63.59604352932403,12,2.0,11550
63.60363287547806,4,2.0,11671
63.60643318384461,17,3.0,-12065
63.61381604703007,15,4.0,-12704
63.61401833651371,15,1.0,-12693
63.61440882770976,16,9.0,9639
63.61547556789722,16,5.0,11340
63.616719160616405,5,11.0,0
63.61887999713694,6,4.0,11661
63.62129406268557,7,2.0,11601
63.62199734753142,3,5.0,11672
63.624226304347594,5,3.0,0
63.62617518746914,5,9.0,0
63.6284358828614,5,2.0,0
63.63114372871101,9,55.0,11505
63.63402275233145,6,12.0,11465
63.63617469097452,6,2.0,11619
63.639208477314746,9,9.0,11514
63.64039081495186,16,8.0,11114
63.6426772400538,15,1.0,-12694
63.64498190402716,15,14.0,-12697
63.65773983218609,11,7.0,11503
63.665522306001556,11,5.0,11591
63.667300260511965,6,4.0,11512
63.66901600092613,10,8.0,11604
63.67361486852866,10,18.0,11643
63.67498739218715,10,10.0,11638
63.677776039590555,13,14.0,-12727
63.678109138901654,5,10.0,0
63.6890452078615,12,7.0,11624
63.690888316230414,7,1.0,11578
63.69349650589438,5,2.0,0
63.69570401185233,5,5.0,0
63.696089664238876,7,12.0,11159
63.69787356246421,11,1.0,11625
63.70079369908201,17,1.0,-405
63.70409203130319,7,3.0,11330
63.70468298126385,4,2.0,11673
63.71376929162612,16,7.0,9539
63.71518891935682,17,2.0,-12620
63.716008772935965,5,8.0,0
63.71865649425303,7,3.0,11487
63.721496571733724,17,3.0,-12634
63.72309188956846,1,3.0,11674
63.724904767682894,5,3.0,0
63.726612166437,10,55.0,11665
63.731639070256534,16,3.0,10444
63.733161993682664,16,4.0,10252
63.73515242394227,6,2.0,11635
63.73574027574786,10,2.0,11593
63.73697481729973,3,5.0,11675
63.73700531529273,5,3.0,0
63.737248750437615,5,3.0,0
63.73931625384939,5,1.0,0
63.74020750432819,5,1.0,0
63.740420354255214,5,3.0,0
63.748856768022584,5,1.0,0
63.756731437451315,17,3.0,-12305
63.75813949677008,5,3.0,0
63.76660636208947,17,1.0,-2209
63.778480088415336,9,4.0,11185
63.7901862816976,11,5.0,11491
63.797522962678144,17,1.0,-11458
63.80192000835976,11,34.0,11498
63.8026813716237,17,1.0,-12563
63.80344044223365,11,11.0,11502
63.80606360162745,9,4.0,11571
63.81887355042308,9,9.0,11631
63.823117197416046,1,10.0,11676
63.82506115659302,17,5.0,-12410
63.8260948018467,15,1.0,-12708
63.82646072686026,6,2.0,11659
63.828240905454635,5,6.0,0
63.830746969885965,13,3.0,-12729
63.83481896024127,16,3.0,11017
63.845929717529614,17,7.0,-12181
63.854356221091244,10,16.0,11644
63.85522294229217,8,4.0,11629
63.86336287274803,7,5.0,11422
63.86501812612063,6,2.0,11651
63.87280549856108,5,8.0,0
63.87486609891167,6,7.0,11557
63.879953588123435,7,1.0,11560
63.90035498473532,4,1.0,11677
63.901347520032814,11,5.0,11417
63.903832386740845,9,5.0,11546
63.90988743427877,16,4.0,10324
63.91362703082102,5,1.0,0
63.91843093156762,1,2.0,11678
63.92052485813349,7,5.0,11526
63.92141692914292,5,5.0,0
63.92317838746039,1,4.0,11679
63.92596653104725,6,4.0,11662
63.93318894940402,6,4.0,11679
63.93401111434319,5,1.0,0
63.93503530373592,17,7.0,-12344
63.935122138223534,17,1.0,-12182
63.95689648776598,4,17.0,11680
63.96327042063882,3,33.0,11681
63.97912239456387,12,2.0,11593
63.98861994384778,6,4.0,11664
63.99217325669406,17,8.0,-12644
63.99653003216792,16,15.0,10533
63.998123450508324,3,41.0,11682
64.00193136789602,4,3.0,11683
64.01028270368822,10,13.0,11654
64.01857205728604,10,7.0,11607
64.0213353394019,16,3.0,10041
64.02144441187772,10,4.0,11663
64.02973247587207,4,50.0,11684
64.03077004550398,5,8.0,0
64.0370585902253,5,1.0,0
64.03745387157734,5,1.0,0
64.03967074011878,7,2.0,11504
64.04632115001645,6,3.0,11421
64.04844823901382,9,4.0,11471
64.05082040443772,5,2.0,0
64.05097618607701,5,3.0,0
64.05111051939723,9,1.0,11356
64.06755334416887,1,7.0,11685
64.0687105871714,9,32.0,11555
64.07759551385095,11,4.0,11589
64.08215096116278,17,3.0,-12597
64.08239730639693,10,5.0,11517
64.08940806413307,12,4.0,11345
64.0988098136736,6,10.0,11676
64.10037768398344,1,2.0,11686
64.10162012032822,5,4.0,0
64.11078876614587,15,4.0,-12713
64.11320348890675,1,3.0,11687
64.11331294489851,7,4.0,11436
64.11564274049474,11,3.0,11669
64.11728924494899,7,1.0,11606
64.12505784070787,1,3.0,11688
64.13012464832951,15,3.0,-12710
64.1309983719424,15,2.0,-12700
64.13439802739877,15,1.0,-12703
64.13531282954827,1,2.0,11689
64.1358194312971,4,14.0,11690
64.13632099315103,15,1.0,-12712
64.13804897696072,7,1.0,11408
64.1393269998052,5,7.0,0
64.1424218423065,1,12.0,11691
64.14516850863549,10,3.0,11668
64.14970762763923,16,2.0,10233
64.1525931868787,17,1.0,-8534
64.15391147289768,5,5.0,0
64.15577271170558,7,3.0,11508
64.16850454995455,5,2.0,0
64.1716103881112,11,34.0,11622
64.17214270151109,5,3.0,0
64.17378505493956,5,1.0,0
64.17656235073362,4,1.0,11692
64.17671811140184,1,22.0,11693
64.18018640006957,4,4.0,11694
64.19018473934261,7,2.0,11376
64.19018473934261,16,2.0,11376
64.19057619267068,1,4.0,11695
64.1929435148826,12,5.0,11517
64.19725055534084,6,2.0,11686
64.19834312755017,6,2.0,11646
64.19961669284132,6,5.0,11542
64.20156996611088,17,1.0,-9933
64.20158872930442,4,2.0,11696
64.21053359281014,5,1.0,0
64.21067699470241,7,4.0,11661
64.21579512716023,5,2.0,0
64.21601087518938,17,1.0,-12404
64.22264008270783,15,2.0,-12709
64.22618802413552,17,2.0,-12516
64.23161646583614,16,2.0,1365
64.23396797450215,3,8.0,11697
64.2342383701833,1,1.0,11698
64.23934693178215,4,10.0,11699
64.23952209974283,7,1.0,11653
64.24323380982842,11,2.0,11545
64.24386442468433,16,1.0,10770
64.2529402221353,1,4.0,11700
64.2696222821816,1,8.0,11701
64.27231408946096,15,7.0,-12714
64.27413795096862,1,10.0,11702
64.27563038991059,5,1.0,0
64.27787649813423,9,1.0,11539
64.28452470503673,5,1.0,0
64.28996875395455,1,12.0,11703
64.29204634905713,3,14.0,11704
64.29234049337155,11,1.0,11520
64.29468667218842,5,6.0,0
64.30609103414224,10,4.0,11575
64.30776801135083,16,11.0,10156
64.30906290994655,10,3.0,11609
64.30988602234447,16,20.0,9411
64.31179158695679,1,1.0,11705
64.31243820645642,8,4.0,11300
64.31532195673485,10,3.0,11633
64.31632724842592,7,11.0,11612
64.32729744681188,10,41.0,11682
64.32836267513278,5,3.0,0
64.32973705148811,9,4.0,11566
64.34138238672074,10,4.0,11658
64.34495260149362,10,14.0,11690
64.35203622435358,5,3.0,0
64.35331604199729,14,2.0,-12736
64.35340019068451,16,34.0,10575
64.3540878593988,11,3.0,11490
64.35542771680649,8,2.0,11544
64.3569527891108,11,23.0,11628
64.35870855073023,11,24.0,11277
64.36554227787323,5,1.0,0
64.3658248633485,8,4.0,11512
64.37096262496365,7,2.0,11583
64.37175897770281,13,4.0,-12734
64.37312282827158,5,6.0,0
64.37433224009139,5,9.0,0
64.37773368793712,11,8.0,11598
64.39173835883697,5,1.0,0
64.39594756809883,6,3.0,11637
64.40105995839576,6,1.0,11618
64.41071437613483,15,3.0,-12706
64.41141807217012,16,1.0,9680
64.41812337814274,7,3.0,11610
64.4188551668333,7,8.0,11459
64.4192911818385,13,1.0,-12733
64.4257936377258,17,1.0,-1065
64.4284169133159,6,2.0,11582
64.42996787100739,5,13.0,0
64.4314401043002,6,22.0,11693
64.43239036007935,6,10.0,11702
64.43249080136955,5,3.0,0
64.43650882659084,1,2.0,11706
64.44625129888207,6,3.0,11596
64.44655363587555,11,54.0,11552
64.44707819745743,10,20.0,11652
64.4487197598032,1,3.0,11707
64.44892315504389,5,15.0,0
64.45419304585172,9,5.0,11573
64.45824871670786,6,3.0,11688
64.46355314871018,16,53.0,9702
64.46623940921165,17,1.0,-1155
64.4697913817019,6,7.0,11381
64.47108361432117,17,4.0,-12523
64.47414131436267,11,32.0,11497
64.48409096466987,5,3.0,0
64.4893933139086,15,3.0,-12702
64.49758555757295,11,55.0,11665
64.49801108126536,1,5.0,11708
64.498168460046,10,2.0,11630
64.51052378478009,8,2.0,11615
64.51071545113862,11,7.0,11458
64.51285597961677,6,3.0,11580
64.51908483493385,8,7.0,11603
64.52677305807698,9,4.0,11345
64.52932568129604,5,2.0,0
64.53592446652696,11,18.0,11643
64.54279625277356,5,1.0,0
64.54388481743204,5,7.0,0
64.54548875861614,3,49.0,11709
64.54655961842485,5,8.0,0
64.54908150620123,4,1.0,11710
64.55102109943508,6,4.0,11695
64.55538740382778,6,3.0,11674
64.5600888559607,5,3.0,0
64.56290889635605,3,19.0,11711
64.56386955414844,1,3.0,11712
64.56675850794781,12,14.0,11690
64.5671333994959,7,2.0,11547
64.57236716361248,13,1.0,-12735
64.57316191946828,17,50.0,-7795
64.57437132663077,16,32.0,1724
64.57639419090196,5,1.0,0
64.57675955548575,3,10.0,11713
64.57833617406881,9,4.0,11512
64.58580412397167,11,2.0,11489
64.59013696776796,5,4.0,0
64.59103965375664,6,3.0,11600
64.5947971297266,1,6.0,11714
64.60492383528812,4,4.0,11715
64.6059191340755,10,4.0,11715
64.6070351960924,16,1.0,68
64.61547404698223,10,2.0,11673
64.61938393523974,6,2.0,11706
64.62238015927812,13,1.0,-12732
64.63249456332181,16,6.0,9789
64.63393089574737,7,2.0,11574
64.63686442086801,5,3.0,0
64.64127234415385,10,2.0,11696
64.64691524299081,16,4.0,9993
64.6471482044361,5,1.0,0
64.64882672300119,16,2.0,10971
64.65122375174602,5,1.0,0
64.6536099286958,17,2.0,-12445
64.66002646980569,9,4.0,11300
64.66237979211506,4,7.0,11716
64.6631413684836,6,2.0,11390
64.66524512029414,5,1.0,0
64.67538219377495,13,2.0,-12731
64.67602082893589,12,13.0,11654
64.68224536258208,5,3.0,0
64.68387127983297,10,17.0,11680
64.68428834113342,5,12.0,0
64.68631151054119,1,1.0,11717
64.68786583775838,7,2.0,11641
64.68853958468499,10,5.0,11675
64.68879347112691,16,15.0,10775
64.69540195431742,11,1.0,11620
64.69670523043345,3,12.0,11718
64.70536161222633,16,1.0,10722
64.70921740361726,5,1.0,0
64.71607573580201,16,26.0,10685
64.71738708936952,6,1.0,11698
64.71879490792739,5,4.0,0
64.72504508721096,16,1.0,10883
64.7290004620718,3,31.0,11719
64.73031689269428,5,4.0,0
64.73056064333251,5,2.0,0
64.74143506267427,16,5.0,11068
64.74563856419086,11,8.0,11479
64.74899215542531,5,2.0,0
64.75322566725904,1,3.0,11720
64.75761900517051,5,3.0,0
64.75958930093792,9,7.0,11624
64.77007171351426,11,4.0,11152
64.77448700636658,7,1.0,11579
64.78263226643365,10,2.0,11671
64.78630224094444,10,1.0,11457
64.78885061453296,7,1.0,11666
64.78923799198382,17,1.0,-12508
64.79002768419957,4,4.0,11721
64.79826410956304,9,2.0,11224
64.80430188020046,16,1.0,10736
64.80455752450749,5,2.0,0
64.8116876696086,14,10.0,-12730
64.81249891206835,7,1.0,11559
64.81912820629948,10,4.0,11721
64.81938661620119,5,4.0,0
64.82494441430917,6,2.0,11572
64.82517157065061,7,2.0,11621
64.82800406770869,5,1.0,0
64.82941509904569,16,18.0,10426
64.83402359807461,11,4.0,11564
64.8342772139303,5,3.0,0
64.83823089364992,16,3.0,10276
64.83841504124138,1,5.0,11722
64.84405889011961,17,3.0,-11901
64.8567888775655,16,10.0,5026
64.85753519176167,10,31.0,11719
64.85823483954545,6,1.0,11506
64.85870066188451,10,8.0,11697
64.86108108595913,11,6.0,11483
64.86405308363133,16,5.0,5989
64.86427428036104,16,7.0,10903
64.86470967951338,16,46.0,9938
64.8715172215559,6,3.0,11687
64.8739098799576,4,2.0,11723
64.87796567458868,16,4.0,10414
64.88060438558401,1,3.0,11724
64.890228037235,17,6.0,-3464
64.89056844515056,6,2.0,11689
64.89648914012771,16,2.0,10026
64.89967963582797,7,4.0,11590
64.9051777687732,16,2.0,10784
64.9059992086433,7,12.0,11465
64.90671441367256,4,52.0,11725
64.92192066700076,6,2.0,11678
64.9234355390903,6,3.0,11712
64.926565182069,8,2.0,11659
64.93326259556065,9,4.0,11629
64.93384872873142,16,3.0,10491
64.93465221186216,17,5.0,-10851
64.93795723036149,9,7.0,11603
64.93920933028008,11,1.0,11599
64.939905184157,11,4.0,11563
64.94643703116647,5,2.0,0
64.94663515315546,6,12.0,11691
64.94726106383509,10,19.0,11711
64.94831597630616,17,4.0,-12102
64.96025116758119,16,2.0,10400
64.9625515283209,1,2.0,11726
64.97065701100419,15,9.0,-12701
64.97433593354214,10,14.0,11704
64.9840567904962,16,8.0,9744
64.98586634857983,16,5.0,9984
64.98818040184148,10,1.0,11710
64.98898344409756,16,14.0,3343
64.99193769285351,11,4.0,11608
64.99521544901292,11,5.0,11584
64.9954963851807,16,2.0,10225
65.00808958779324,5,1.0,0
65.00941861956713,16,1.0,10809
65.00951732276133,7,2.0,11386
65.01101976175444,10,12.0,11718
65.0157099107842,16,6.0,10110
65.02073062942208,7,4.0,11640
65.02089628261434,1,3.0,11727
65.03024114585388,6,4.0,11447
65.03615566927371,4,1.0,11728
65.03621474689709,7,1.0,11339
65.04009640458477,17,1.0,-9486
65.05376998512273,13,1.0,-12737
65.05926641959714,11,2.0,11626
65.06014960996778,11,42.0,11645
65.06015675784025,3,4.0,11729
65.06838996603564,5,1.0,0
65.06980975648935,16,2.0,7359
65.06999102652075,16,5.0,10598
65.07589000899611,13,1.0,-12738
65.08279333295283,17,1.0,-2309
65.0834431454411,11,2.0,11361
65.08581536788304,10,49.0,11709
65.09465384941481,6,4.0,11700
65.0984784470665,17,3.0,-5282
65.10064613201529,9,5.0,11517
65.11283360462008,15,2.0,-12717
65.11619454950281,5,1.0,0
65.11837637728547,17,11.0,-12322
65.12098454456077,13,1.0,-12740
65.12485129582353,15,2.0,-12719
65.13109088092824,11,10.0,11638
65.13112461074927,6,8.0,11701
65.13201757777557,7,5.0,11435
65.13215174167917,8,2.0,11678
65.14012356394235,1,6.0,11730
65.14838314599004,6,7.0,11647
65.15753593614518,16,4.0,9859
65.15921599127628,5,4.0,0
65.16082144456476,10,1.0,11677
65.16658973543912,9,2.0,11615
65.16804630173473,5,3.0,0
65.16957209452042,9,2.0,11659
65.17115635308001,11,5.0,11397
65.1752054987327,10,1.0,11728
65.17640896026414,16,55.0,10018
65.18249999884283,5,1.0,0
65.18555165617323,17,3.0,-12365
65.18588714230641,5,3.0,0
65.18747909920958,6,3.0,11720
65.19016766982656,7,8.0,11523
65.19384970961505,17,5.0,-12333
65.19404062216046,7,3.0,11688
65.19470932126197,7,1.0,11586
65.19957787730078,5,4.0,0
65.20549309043604,7,1.0,11496
65.20750347931467,7,3.0,11558
65.20997341823475,1,1.0,11731
65.2099912330611,15,1.0,-12715
65.21103603808768,11,29.0,11655
65.2201349339964,1,7.0,11732
65.22273109417608,13,2.0,-12741
65.22489811462651,7,3.0,11576
65.2309933809397,10,3.0,11613
65.23123003428215,17,2.0,-12238
65.24920799357587,7,2.0,11651
65.25171876048788,15,1.0,-12716
65.25357118575997,11,2.0,11630
65.26086369067814,15,2.0,-12721
65.26628567353825,1,7.0,11733
65.26839785787725,5,1.0,0
65.27276881287784,17,13.0,-12359
65.27829416198136,10,3.0,11683
65.2793368673002,16,45.0,10489
65.28434295940713,6,1.0,11717
65.28627803850173,16,7.0,10682
65.28933476741014,16,6.0,11423
65.28998647681922,16,1.0,2573
65.29027471117821,10,2.0,11723
65.29270868207824,7,10.0,11702
65.29289460911939,5,2.0,0
65.29387091052752,5,6.0,0
65.29632802466153,17,1.0,-11924
65.29714080192397,17,7.0,-12435
65.29847527294974,6,7.0,11587
65.30365076607109,7,7.0,11611
65.31101560614609,1,7.0,11734
65.31220765535528,1,3.0,11735
65.32347484453156,15,1.0,-12724
65.3370868860091,4,17.0,11736
65.34065097579487,6,1.0,11705
65.34278476519417,10,37.0,11627
65.34336188209822,10,1.0,11692
65.34382554919036,6,3.0,11727
65.35225441949805,10,10.0,11713
65.35303099380843,17,11.0,-8375
65.35343699220914,4,8.0,11737
65.35775264316344,1,1.0,11738
65.35799026035724,6,6.0,11714
65.3634581794598,8,4.0,11664
65.36428714087663,9,13.0,11654
65.37259820683414,4,3.0,11739
65.37282978277857,8,2.0,11623
65.37443547589915,1,6.0,11740
65.3803606743431,4,11.0,11741
65.38432616205203,11,45.0,11656
65.38631771785765,17,5.0,-11580
65.39211326893009,4,1.0,11742
65.39508172482329,16,23.0,9875
65.39622647939682,1,2.0,11743
65.39963550286406,17,1.0,-8482
65.40203128385656,16,1.0,5178
65.40244563172867,9,14.0,11690
65.4085972573145,11,4.0,11575
65.40977072800867,16,3.0,10005
65.41056490292947,10,33.0,11681
65.41317320108851,7,2.0,11582
65.42362097254698,16,2.0,9257
65.42751068585486,5,2.0,0
65.42879346541058,7,3.0,11421
65.4311616548298,7,3.0,11674
65.4314259116539,5,3.0,0
65.43485488784064,1,1.0,11744
65.44794390705961,6,6.0,11730
65.45954380170724,5,7.0,0
65.46353188447985,6,7.0,11733
65.48023466793246,12,1.0,11634
65.48821484899187,5,2.0,0
65.48908051000559,1,1.0,11745
65.4909227387323,7,2.0,11646
65.4965222620445,8,7.0,11587
65.5013661080764,14,1.0,-12743
65.50225699454415,10,3.0,11739
65.50740294463502,9,2.0,11544
65.51511503779105,6,2.0,11670
65.51525080701168,5,2.0,0
65.515560200464,10,5.0,11672
65.51652533908813,17,1.0,-3350
65.51714631910558,1,4.0,11746
65.52336479289427,16,6.0,10486
65.52356096932984,17,4.0,-12451
65.5352701328588,10,8.0,11737
65.53837065621363,1,3.0,11747
65.5442890329505,5,7.0,0
65.54451975380356,3,7.0,11748
65.54633565421264,9,8.0,11636
65.55680891867578,7,22.0,11693
65.57821980696426,1,4.0,11749
65.58295238066519,7,7.0,11557
65.59233843674684,17,2.0,-4043
65.60734814277053,1,3.0,11750
65.61172309628935,7,2.0,11649
65.61347402116282,9,1.0,11634
65.61366765355837,5,7.0,0
65.61585024749215,4,10.0,11751
65.61599435949859,15,1.0,-12720
65.61625988814917,5,6.0,0
65.61955367744557,16,3.0,9646
65.62032139739746,11,3.0,11609
65.62158609135007,10,10.0,11699
65.62465155753495,6,6.0,11740
65.63945744530902,15,50.0,-12722
65.64032211823945,10,11.0,11741
65.65729407243705,5,1.0,0
65.65989717480903,7,2.0,11619
65.66183580359991,15,2.0,-12718
65.66387601123458,11,15.0,11501
65.66615154012355,6,3.0,11747
65.67143350267239,5,2.0,0
65.68432527763365,5,3.0,0
65.69395989092885,1,10.0,11752
65.69531147749402,17,5.0,-12542
65.70933565379269,11,8.0,11604
65.71838095318107,9,2.0,11550
65.71947037648565,11,1.0,11710
65.72180588996211,6,3.0,11707
65.72481804682081,4,12.0,11753
65.72743586761774,5,1.0,0
65.74300942149162,8,8.0,11701
65.75237529020383,7,3.0,11642
65.7584470145169,10,7.0,11748
65.76692414116837,6,3.0,11735
65.76710885392868,5,4.0,0
65.76730292314237,3,57.0,11754
65.77055482225043,16,4.0,11203
65.77711349540412,4,7.0,11755
65.77726972396468,17,2.0,-11738
65.79184165999875,11,16.0,11644
65.79401859410773,5,1.0,0
65.79790075291355,13,3.0,-12739
65.80029810327015,9,2.0,11593
65.80761434385386,7,10.0,11676
65.81579432390711,16,3.0,10541
65.81953977660778,1,1.0,11756
65.82016250505966,10,7.0,11716
65.82092515328225,11,3.0,11632
65.82340414950254,16,5.0,9589
65.82890070535262,5,1.0,0
65.82980637476247,11,40.0,11551
65.83863553710741,7,5.0,11515
65.84323342129005,6,1.0,11744
65.85757961544874,6,2.0,11657
65.86210058836237,5,7.0,0
65.86341222888787,13,2.0,-12742
65.87285902544458,6,7.0,11734
65.8819567394308,9,4.0,11664
65.88709697140547,6,3.0,11507
65.88998367129066,7,6.0,11415
65.89822976807791,5,1.0,0
65.89915219879666,17,1.0,-11281
65.90010214120025,5,3.0,0
65.90217731459174,5,1.0,0
65.9224534149568,15,1.0,-12711
65.92427660063788,16,33.0,4809
65.9318984258924,2,2.0,11757
65.93989406175331,17,1.0,-11705
65.94046984897987,9,3.0,11477
65.94303133192837,6,3.0,11724
65.94685440502244,17,2.0,-12551
65.94785334743987,5,4.0,0
65.96291192493516,11,2.0,11605
65.97832426923641,10,4.0,11729
65.98657020988246,4,2.0,11758
65.99230565591243,5,2.0,0
66.00243008194204,13,5.0,-12769
66.00262798088123,11,4.0,11658
66.0191008115297,5,2.0,0
66.02787189532275,11,4.0,11663
66.03219238959866,16,2.0,10694
66.03387432039153,5,8.0,0
66.03623410921944,14,4.0,-12757
66.03983081061588,17,2.0,-11427
66.04051367233893,5,2.0,0
66.04239298101628,6,12.0,11703
66.04656093924535,16,3.0,10073
66.04788489993585,14,5.0,-12770
66.04829664366677,13,1.0,-12748
66.05660570453313,4,3.0,11759
66.05675428608092,13,1.0,-12746
66.05748526232931,1,5.0,11760
66.05857849802173,7,3.0,11543
66.06377524412703,12,10.0,11713
66.07173233838829,11,2.0,11673
66.07686058704917,13,1.0,-12760
66.07924870245517,13,1.0,-12750
66.08430634625125,1,4.0,11761
66.09054404116448,6,1.0,11745
66.09564986679487,5,8.0,0
66.09943587814463,7,4.0,11662
66.10458637675909,7,4.0,11695
66.10566980686552,5,1.0,0
66.10998720273965,10,1.0,11742
66.11207926998381,7,12.0,11691
66.11589390427778,16,4.0,9172
66.1243003895594,11,4.0,11721
66.12714557493683,11,1.0,11457
66.1389683310777,7,3.0,11616
66.1427530585677,16,36.0,2987
66.14900871289424,11,12.0,11718
66.14997898851185,6,1.0,11756
66.15172662158948,17,3.0,-12481
66.15196675801957,5,1.0,0
66.16234269188176,14,4.0,-12758
66.17081093204457,7,4.0,11679
66.17111280252499,13,3.0,-12753
66.17414547170284,8,6.0,11730
66.17604141280167,1,7.0,11762
66.18851505552978,16,11.0,10054
66.18963328837376,13,3.0,-12763
66.19263183249386,5,1.0,0
66.20570584499184,5,1.0,0
66.21038600863749,11,20.0,11652
66.21253104184044,15,2.0,-12736
66.21531221466284,16,3.0,10747
66.21626249592866,3,6.0,11763
66.22147968576817,16,3.0,5351
66.22297098063977,5,7.0,0
66.22445474018248,4,15.0,11764
66.22495668968682,15,2.0,-12723
66.22567405956421,5,3.0,0
66.2280155722296,16,6.0,10597
66.23188424270693,9,1.0,11602
66.23707117786518,5,2.0,0
66.24460168230611,5,1.0,0
66.24586470353333,3,25.0,11765
66.26319518137643,15,1.0,-12725
66.26447510789397,9,3.0,11597
66.2677428512104,5,4.0,0
66.2690626573429,10,17.0,11736
66.2782160288194,1,2.0,11766
66.28681553483835,9,7.0,11581
66.29238602800767,5,1.0,0
66.29397576436276,7,4.0,11700
66.30553518113338,10,57.0,11754
66.31011312030047,5,7.0,0
66.31324222053114,4,1.0,11767
66.31433744660262,14,3.0,-12767
66.31460070149122,10,12.0,11753
66.31995105062465,13,3.0,-12747
66.32201550735661,6,2.0,11766
66.3260548298119,16,3.0,11213
66.32811920230073,17,3.0,-6233
66.3423682247188,7,1.0,11698
66.3462100571838,16,1.0,10755
66.35710264811102,7,3.0,11712
66.35849513666918,11,1.0,11728
66.36177048159152,5,2.0,0
66.3673066087423,13,2.0,-12765
66.37687467725468,11,37.0,11627
66.38240341957021,5,4.0,0
66.39151232997757,11,7.0,11607
66.3917626249284,17,2.0,-11617
66.39294714095568,9,10.0,11713
66.3991128091858,11,31.0,11719
66.39925246843728,6,1.0,11731
66.40190468149011,11,3.0,11633
66.40543362188384,10,4.0,11694
66.40589945157502,7,1.0,11506
66.40639669934079,6,5.0,11760
66.41155174498981,5,2.0,0
66.41519143589355,6,5.0,11708
66.417825983896,5,23.0,0
66.41858402517246,6,7.0,11732
66.43826484839971,6,2.0,11757
66.44830087044512,10,7.0,11755
66.44921774612354,10,2.0,11758
66.45165872181525,5,4.0,0
66.45624342357284,6,4.0,11761
66.45663771883245,15,1.0,-12732
66.46568147892222,17,1.0,-1963
66.46881348266476,13,5.0,-12755
66.47663756642496,10,3.0,11660
66.47816665933652,3,2.0,11768
66.48269984318098,1,3.0,11769
66.49269793002664,6,2.0,11726
66.49745323842768,3,8.0,11770
66.4976052922585,16,3.0,9978
66.49917943183013,7,3.0,11707
66.5166165422458,5,4.0,0
66.52305882057361,9,8.0,11701
66.53363701404142,7,2.0,11706
66.54013814927208,14,6.0,-12745
66.54444899138598,14,2.0,-12771
66.55181843587799,10,52.0,11725
66.55236202911851,17,4.0,-12499
66.55636297527832,17,12.0,-11591
66.5627991012014,8,6.0,11714
66.56566002524723,11,8.0,11697
66.57946018942364,1,6.0,11771
66.5837875437352,13,1.0,-12752
66.58604127400196,10,8.0,11770
66.5871166210941,16,7.0,11078
66.59623707412943,3,57.0,11772
66.60911318078068,15,10.0,-12728
66.61383315454246,9,7.0,11587
66.61783192218718,7,2.0,11561
66.61900762368984,17,3.0,-12431
66.62217520834092,5,4.0,0
66.625724633157,17,5.0,-12301
66.62631321123297,1,3.0,11773
66.62723076167673,1,1.0,11774
66.63049753641502,5,3.0,0
66.63388279376038,1,1.0,11775
66.63926564513287,10,25.0,11765
66.6396105124183,5,1.0,0
66.64408558298398,17,1.0,-3045
66.64875930953707,5,1.0,0
66.66183580359991,17,2.0,-12718
66.66830132934989,5,4.0,0
66.66910792767945,14,4.0,-12773
66.67520200714284,16,5.0,10587
66.68254027366007,15,1.0,-12733
66.68488086559529,16,4.0,10636
66.69041864312995,6,1.0,11738
66.69132344896386,17,1.0,-9171
66.69349789329937,16,2.0,5329
66.69438020074045,16,22.0,10975
66.69596098804097,6,4.0,11746
66.70130616312596,6,4.0,11749
66.70397167672026,6,6.0,11771
66.70525900344693,13,6.0,-12749
66.70636688385835,17,1.0,-12439
66.70700239213598,17,7.0,-12688
66.70790342287468,5,3.0,0
66.70915326891054,9,2.0,11678
66.70941683132644,7,6.0,11740
66.70942573455712,13,5.0,-12759
66.71005253317959,15,1.0,-12735
66.71164655579452,15,2.0,-12731
66.71550294312073,5,2.0,0
66.7232872565657,16,15.0,10659
66.7256658357996,9,4.0,11648
66.72739437473692,5,15.0,0
66.72767603173087,16,11.0,10848
66.72932627557256,14,5.0,-12754
66.733305566827,7,7.0,11525
66.73381126607629,5,2.0,0
66.73438046948424,6,7.0,11762
66.73707891756594,7,3.0,11637
66.73995079970348,17,1.0,-12529
66.7472107554477,17,2.0,-12175
66.75028532831605,7,2.0,11635
66.76452278835355,15,14.0,-12727
66.76474925684211,1,3.0,11776
66.76621014694555,11,3.0,11613
66.77253350682953,5,7.0,0
66.77362028693204,13,1.0,-12764
66.7785010810763,5,2.0,0
66.78450905371594,11,4.0,11729
66.78686142430477,13,1.0,-12744
66.80005002041736,10,2.0,11768
66.80780113447548,17,14.0,-12294
66.81047057097766,11,5.0,11639
66.81650371980223,11,1.0,11692
66.81843495498372,5,1.0,0
66.82263995594815,6,2.0,11650
66.82291421306178,5,1.0,0
66.82423306239006,113,33.0,-12761
66.8256661207096,6,7.0,11685
66.8358514500744,8,7.0,11614
66.84078788301477,17,26.0,-7305
66.84700914992764,7,5.0,11542
66.84818783000654,16,28.0,10314
66.85569112591834,14,7.0,-12766
66.85727407421975,7,2.0,11689
66.85829192291243,15,4.0,-12734
66.8599759290358,13,4.0,-12756
66.86138077734884,5,2.0,0
66.86816620310972,6,1.0,11775
66.86831212994241,1,2.0,11777
66.87106320915072,15,3.0,-12729
66.87874464769536,13,1.0,-12762
66.88242619167602,1,1.0,11778
66.88967097956902,12,12.0,11753
66.89231719244088,1,4.0,11779
66.90823965238233,1,1.0,11780
66.91297268411539,7,3.0,11580
66.91451727502437,17,1.0,-10039
66.91560448830887,1,3.0,11781
66.93229620267441,9,6.0,11730
66.93580450176452,13,3.0,-12751
66.9390326105612,5,3.0,0
66.93912344254933,17,3.0,-12335
66.94004587474345,5,3.0,0
66.9442209969573,11,17.0,11680
66.95402070685108,5,10.0,0
66.95443942814296,7,2.0,11657
66.95850493209757,10,15.0,11764
66.95910904835148,15,10.0,-12730
66.96004602006022,8,6.0,11771
66.96200649652798,17,1.0,-7805
66.96303376158531,15,2.0,-12726
66.96885181880248,13,3.0,-12768
66.9801023002838,7,2.0,11686
66.9820110112853,16,1.0,3807
66.9883326842901,13,1.0,-12772
66.98876085794448,1,3.0,11782
66.99733936737724,9,2.0,11623
66.99896285717998,12,41.0,11682
67.00331110337073,14,6.0,-12785
67.01135767662552,16,2.0,10826
67.01490075257469,5,2.0,0
67.02250151418609,10,6.0,11763
67.024831415739,5,3.0,0
67.030332308883,16,1.0,10534
67.03211807956109,5,1.0,0
67.03583203968914,6,3.0,11776
67.03994382988189,4,3.0,11783
67.0446480037957,5,2.0,0
67.04764769936989,113,57.0,-12779
67.05239860668043,5,3.0,0
67.05519182352334,6,1.0,11774
67.05568912214699,16,8.0,9369
67.05599282949994,11,49.0,11709
67.06022039975721,13,1.0,-12784
67.0633163029083,5,1.0,0
67.06368258694009,6,3.0,11769
67.06542798634278,5,1.0,0
67.0667132425849,5,1.0,0
67.07607984626563,5,2.0,0
67.07647272976659,13,2.0,-12795
67.07943054066574,5,5.0,0
67.09276696490579,16,17.0,11400
67.09333681858679,6,2.0,11743
67.09524746437901,5,4.0,0
67.10235111818723,3,13.0,11784
67.104374834552,17,3.0,-11631
67.1110437644447,17,5.0,-9842
67.11283360462008,17,2.0,-12717
67.11672292653955,5,2.0,0
67.11986943542408,5,4.0,0
67.13061242031965,5,4.0,0
67.13944989936532,17,2.0,-12590
67.13986297933181,7,3.0,11596
67.14023978305899,3,39.0,11785
67.15109050050226,11,57.0,11754
67.15348517164256,1,5.0,11786
67.1737446507889,1,4.0,11787
67.17743787219837,9,12.0,11753
67.1782399549709,7,3.0,11727
67.17997080119751,13,11.0,-12802
67.18168701771401,7,1.0,11705
67.1842325146965,13,1.0,-12780
67.18936550417757,6,5.0,11786
67.19235054002861,1,3.0,11788
67.19420672611706,5,5.0,0
67.1961628389399,11,4.0,11715
67.1999468977367,17,1.0,-8412
67.21402129106133,17,2.0,-12614
67.21495651078914,5,5.0,0
67.21598067425637,14,1.0,-12781
67.22144701788126,7,1.0,11717
67.2273744480729,4,9.0,11789
67.2352678244084,16,42.0,11208
67.2371847183114,13,1.0,-12776
67.24123174605059,10,1.0,11767
67.24650801711752,3,2.0,11790
67.25053039246593,5,3.0,0
67.25729886037414,5,3.0,0
67.26026406272035,13,3.0,-12803
67.26148357423524,12,4.0,11694
67.26500221103623,7,3.0,11687
67.27083421213028,13,5.0,-12783
67.28821671070398,4,2.0,11791
67.28884967232034,10,57.0,11772
67.29691433373259,17,2.0,-4768
67.30469612466335,5,2.0,0
67.31693925308731,11,2.0,11696
67.31737015961022,17,6.0,-12520
67.32436845944915,7,3.0,11724
67.34566285078853,13,31.0,-12786
67.34671269629659,4,7.0,11792
67.34699530202383,10,50.0,11684
67.34832895831924,5,2.0,0
67.3575865394639,13,4.0,-12796
67.35816655974628,10,3.0,11759
67.35978671575513,113,47.0,-12800
67.36788098211599,7,7.0,11734
67.37035129291749,12,8.0,11770
67.37166138770112,7,3.0,11747
67.38053238306114,6,3.0,11781
67.38621035885511,16,5.0,9803
67.38674622446301,14,6.0,-12797
67.39791732428225,5,1.0,0
67.40317143144097,7,1.0,11745
67.40974528933347,11,3.0,11668
67.41517142187584,6,1.0,11778
67.42641279239496,5,4.0,0
67.42645780971715,1,1.0,11793
67.42841887444585,17,4.0,-4092
67.43064492409462,5,4.0,0
67.43371839400578,17,1.0,-12467
67.43746598019149,17,1.0,-12488
67.44194073780936,16,5.0,9676
67.44249612571667,1,37.0,11794
67.44252474539857,8,1.0,11774
67.45151483145665,11,2.0,11671
67.4553573066784,17,2.0,-10134
67.4570280877813,16,3.0,10430
67.46484049228644,1,8.0,11795
67.46628946521653,10,2.0,11790
67.46673194098935,6,1.0,11780
67.48081879848328,5,1.0,0
67.49078380566151,15,2.0,-12742
67.49132054973289,6,3.0,11782
67.50146138499238,1,2.0,11796
67.50454472157267,8,4.0,11749
67.51076581983313,16,2.0,9831
67.51566245473508,15,3.0,-12739
67.515684252773,11,14.0,11704
67.51964593590785,14,9.0,-12794
67.52341094502968,12,3.0,11759
67.5263889473213,6,4.0,11787
67.52719912228791,6,4.0,11779
67.53411930705299,17,1.0,-562
67.53600573860591,13,2.0,-12792
67.54104878912844,16,1.0,10663
67.54200147229767,7,3.0,11735
67.54359566575305,3,4.0,11797
67.54839819279498,5,4.0,0
67.5542688620604,15,1.0,-12740
67.556383925451,5,4.0,0
67.556893264064,5,2.0,0
67.56132252770476,14,1.0,-12799
67.5795550149052,1,2.0,11798
67.59098683114426,13,5.0,-12787
67.59533911445787,14,1.0,-12789
67.61533645874738,16,2.0,9940
67.62060766172442,9,7.0,11614
67.62163351118637,5,1.0,0
67.62375070618218,15,2.0,-12741
67.62684142880195,17,1.0,-6459
67.63375319128384,13,2.0,-12791
67.63681500156319,1,3.0,11799
67.64043450605611,7,5.0,11708
67.64059943907709,11,3.0,11739
67.64542484860293,10,39.0,11785
67.64999390293131,11,19.0,11711
67.65624795782227,17,5.0,-11751
67.65772442820241,10,3.0,11783
67.66320563674982,14,3.0,-12774
67.67047266145326,16,48.0,10788
67.68367665906888,1,3.0,11800
67.69187052190215,1,6.0,11801
67.69644559854903,5,2.0,0
67.6995573292594,1,5.0,11802
67.7032449863872,13,1.0,-12775
67.7056333796744,7,1.0,11744
67.70681359303336,5,5.0,0
67.70993709763587,6,3.0,11799
67.71299159809836,15,1.0,-12738
67.72090813839723,5,2.0,0
67.72126275511107,5,1.0,0
67.72437363365036,13,1.0,-12790
67.72839452824293,11,52.0,11725
67.73025838924191,5,2.0,0
67.7306345217102,10,4.0,11797
67.73078710628792,5,55.0,0
67.73351272806345,5,4.0,0
67.73386119948337,16,2.0,4064
67.74277366885103,14,7.0,-12778
67.74400720309903,6,5.0,11722
67.74421632173579,16,14.0,10220
67.74545964829618,6,2.0,11798
67.7464911214822,7,5.0,11760
67.74801309456686,16,4.0,10553
67.75775961965063,4,6.0,11803
67.7629835781411,17,2.0,-5855
67.76657485894334,13,1.0,-12798
67.76692158690923,7,2.0,11766
67.77083805414618,17,3.0,-7108
67.77435992213913,7,1.0,11618
67.78211001924119,5,1.0,0
67.79437806158876,17,1.0,-2305
67.79928577012767,5,6.0,0
67.80168531498326,14,1.0,-12801
67.80651781838209,7,2.0,11390
67.81337123439857,6,2.0,11777
67.81434000832945,5,3.0,0
67.82030559416081,12,1.0,11677
67.82353869639412,5,3.0,0
67.82881471747797,7,3.0,11720
67.8323434379851,8,5.0,11722
67.83513130873784,3,28.0,11804
67.83636749065498,7,12.0,11703
67.83824445243975,11,17.0,11736
67.84552924555193,3,27.0,11805
67.84721728211593,16,4.0,11079
67.8586839375358,10,9.0,11789
67.86665196100267,11,10.0,11699
67.87060109327712,11,5.0,11675
67.87135174440527,10,6.0,11803
67.87862187601942,16,4.0,10319
67.88113163217577,17,2.0,-12440
67.88763177183074,14,3.0,-12788
67.88789161860592,5,4.0,0
67.89069526263107,4,3.0,11806
67.89160324435602,16,52.0,9756
67.89175027946153,10,3.0,11667
67.8953942279744,5,1.0,0
67.90166481379316,5,2.0,0
67.92695537761124,11,3.0,11683
67.92723448815558,15,1.0,-12743
67.93016959221121,10,7.0,11792
67.93140570156733,6,3.0,11773
67.93526040435873,16,5.0,10293
67.93892080110966,7,3.0,11507
67.93980318186169,6,3.0,11750
67.94137927272818,7,2.0,11726
67.94396666075107,13,5.0,-12777
67.94466953568622,15,1.0,-12737
67.95330515608589,9,8.0,11770
67.97061326437648,13,46.0,-12782
67.98148302344903,11,2.0,11723
67.99111069873254,5,2.0,0
67.99518129274765,14,4.0,-12793
68.0018156441574,16,5.0,11041
68.00297781862149,5,1.0,0
68.0039695370445,11,33.0,11681
68.00550975751133,4,39.0,11807
68.00623712855074,16,3.0,10847
68.01278572215318,15,5.0,-12755
68.01702183003314,9,4.0,11749
68.02379837765659,16,3.0,10985
68.0402838114078,5,3.0,0
68.05976423963583,17,2.0,-8064
68.06372820259705,11,6.0,11763
68.06372820259705,16,6.0,11763
68.06689151887453,11,25.0,11765
68.06775375817574,10,3.0,11806
68.0687105871714,16,32.0,11555
68.06899686958232,13,3.0,-12808
68.07325233975428,14,3.0,-12832
68.07515557521175,7,4.0,11761
68.07816231044656,7,4.0,11447
68.0834289766813,5,7.0,0
68.09390541101672,17,1.0,-12650
68.09619186112008,1,5.0,11808
68.09692770295388,5,2.0,0
68.10270673575361,7,7.0,11732
68.10625194978992,16,57.0,10429
68.1063339591645,15,6.0,-12745
68.107585482946,4,33.0,11809
68.1145719093496,5,2.0,0
68.11473940536213,5,3.0,0
68.12685806107437,7,7.0,11647
68.13025507804049,13,2.0,-12812
68.13455645041351,10,28.0,11804
68.14547542320528,14,5.0,-12827
68.14723808998193,16,3.0,11010
68.14793924839324,15,2.0,-12765
68.14875053677041,1,1.0,11810
68.1568897112082,1,4.0,11811
68.15887609280782,13,1.0,-12817
68.16180241739674,5,3.0,0
68.16236637195011,11,1.0,11767
68.17001582156067,15,1.0,-12748
68.19634599607416,5,4.0,0
68.19913096138266,5,2.0,0
68.21169036030204,1,2.0,11812
68.21979064298978,13,7.0,-12816
68.22034013739209,11,11.0,11741
68.23017512756013,15,1.0,-12760
68.23328527989719,6,5.0,11802
68.23606107065093,11,7.0,11755
68.24088893177654,16,18.0,11254
68.2513490677188,5,1.0,0
68.2530571518177,7,7.0,11381
68.26281540516784,15,1.0,-12750
68.28002934478016,11,5.0,11672
68.28147799586037,12,8.0,11737
68.28432787702762,11,7.0,11748
68.28432787702762,16,7.0,11748
68.28485758271118,13,6.0,-12806
68.29142317196647,9,4.0,11694
68.30139405723507,5,2.0,0
68.3026767475741,7,2.0,11572
68.3048747249187,15,4.0,-12773
68.3109172318064,17,7.0,-1037
68.31628658583962,14,5.0,-12811
68.32126533772464,5,7.0,0
68.32836103756124,1,1.0,11813
68.33449138868039,5,2.0,0
68.33943748548583,5,1.0,0
68.35301858216192,16,43.0,11210
68.36292820026271,16,4.0,10600
68.36694843731313,12,3.0,11667
68.36860108581193,16,2.0,7550
68.37484524813955,5,4.0,0
68.37527509973296,17,2.0,-12631
68.3849621810812,7,3.0,11600
68.38790807686308,17,2.0,-12535
68.39043017565687,14,11.0,-12825
68.3951157245534,5,56.0,0
68.39996079326345,8,5.0,11802
68.40042220652077,16,2.0,10642
68.40091432329122,16,24.0,9854
68.40224054991194,14,1.0,-12829
68.40480591022973,5,3.0,0
68.41446755716463,5,2.0,0
68.418348387431,13,2.0,-12823
68.42155946398142,14,1.0,-12831
68.42911143716161,7,7.0,11762
68.43413169987856,9,8.0,11737
68.43678689119373,1,1.0,11814
68.45604556121468,10,2.0,11791
68.4585440612292,14,4.0,-12819
68.46644903467495,7,5.0,11786
68.46749920803448,17,3.0,-479
68.47252395058264,15,4.0,-12757
68.48064991684004,14,2.0,-12818
68.48078626216153,5,4.0,0
68.48596561271995,13,2.0,-12820
68.49859007115363,1,2.0,11815
68.50735038128268,5,7.0,0
68.50921567038606,5,4.0,0
68.51464993099572,1,2.0,11816
68.51638838694493,15,5.0,-12769
68.51688182451144,15,3.0,-12753
68.5204130787943,14,1.0,-12813
68.52279766445201,13,6.0,-12804
68.52589947039061,17,3.0,-9413
68.52943656057552,15,1.0,-12746
68.54206502940687,17,8.0,-10414
68.54986635972851,5,3.0,0
68.5665683111504,9,1.0,11774
68.56770897496781,7,2.0,11757
68.57191243892267,9,6.0,11771
68.57470794235107,5,2.0,0
68.57853361450078,12,28.0,11804
68.58116805327866,7,3.0,11781
68.58127177358132,5,5.0,0
68.58555854514391,13,14.0,-12814
68.59351201764517,15,1.0,-12752
68.59479816915416,17,8.0,-6177
68.5954106467624,17,3.0,-595
68.60443469749544,5,1.0,0
68.6050085707107,13,2.0,-12822
68.60816932746448,16,3.0,10572
68.61567639062552,3,3.0,11817
68.62710987424967,4,8.0,11818
68.63198799676904,5,49.0,0
68.63644943218961,14,31.0,-12826
68.63694854645358,15,3.0,-12747
68.6387624785234,16,2.0,11063
68.64311286585553,1,1.0,11819
68.64708046898804,5,1.0,0
68.65033723095937,17,5.0,-12661
68.65470470505414,16,5.0,11416
68.66346843076838,17,3.0,-3916
68.6641489606691,15,4.0,-12758
68.66551103025355,7,1.0,11756
68.66638152752334,1,1.0,11820
68.66707386293069,17,1.0,-12501
68.67401072625167,14,1.0,-12809
68.68027252449623,16,4.0,11320
68.68555812078108,11,3.0,11806
68.68713188747988,15,3.0,-12763
68.68713188747988,17,3.0,-12763
68.6884021086439,10,13.0,11784
68.70282342503894,6,1.0,11813
68.73160672875522,15,5.0,-12770
68.73274429791189,17,1.0,-4563
68.73466251368816,16,43.0,3128
68.73956207656553,5,1.0,0
68.75321939096683,9,41.0,11682
68.75355325958976,7,7.0,11733
68.75418661122994,16,11.0,309
68.76862277777154,7,2.0,11670
68.77170660246182,16,17.0,2023
68.77409057898325,13,5.0,-12815
68.77803031025418,6,2.0,11816
68.77947688732343,13,1.0,-12821
68.79054683962553,10,10.0,11751
68.79321329047198,16,4.0,10990
68.79329332621415,17,2.0,-4688
68.79422242868714,6,10.0,11752
68.79662665468064,15,3.0,-12767
68.8071890301496,14,4.0,-12810
68.81018920032332,4,1.0,11821
68.81398924957023,13,1.0,-12828
68.8214915397636,6,2.0,11815
68.82289179103384,17,2.0,-12580
68.82636662195804,5,2.0,0
68.83790014604774,7,3.0,11776
68.84334427415119,5,2.0,0
68.85490002505973,5,29.0,0
68.85562180947653,5,3.0,0
68.8569928062516,113,51.0,-12807
68.85847204528714,7,4.0,11779
68.86109571501221,5,4.0,0
68.86475563897463,16,8.0,10393
68.866269454955,13,17.0,-12824
68.87433926791404,10,27.0,11805
68.8754527752409,8,3.0,11773
68.87680224066652,9,6.0,11714
68.88432676246144,14,4.0,-12833
68.89755643016902,13,11.0,-12830
68.90096877106039,16,4.0,11521
68.91352549322852,17,9.0,-12687
68.91489445605062,15,2.0,-12771
68.91889888407336,7,2.0,11743
68.91944869033708,17,6.0,-6055
68.92985932984745,13,2.0,-12805
68.93709792115312,17,1.0,-12288
68.94168950276335,16,43.0,9230
68.95115302334185,3,8.0,11822
68.96177196381494,17,1.0,-12380
68.96713882435311,5,30.0,0
68.97101547148178,3,60.0,11823
68.9715015216836,5,2.0,0
68.97194446717158,7,1.0,11775
68.97915317553048,17,1.0,-2293
68.98479544160627,15,6.0,-12749
68.9936065741091,16,8.0,10757
68.99376029558522,11,2.0,11758
69.0047179015382,14,2.0,-12842
69.00980706854087,3,11.0,11824
69.01128126844951,1,53.0,11825
69.04585580969359,5,2.0,0
69.04628638892714,5,3.0,0
69.04756937150525,15,5.0,-12759
69.05309470524261,5,24.0,0
69.05551315522524,16,1.0,11043
69.06602910014621,13,1.0,-12846
69.07097776321923,9,28.0,11804
69.07238902796216,16,3.0,6485
69.07503812638858,15,1.0,-12784
69.07528720142068,17,5.0,-12692
69.0809116499097,16,3.0,11134
69.08135060866803,6,1.0,11820
69.08361432465654,17,9.0,-12191
69.08564137906312,5,2.0,0
69.08906863396771,15,3.0,-12751
69.0956168305232,114,36.0,-12857
69.09659394029616,13,30.0,-12844
69.10623180124847,5,3.0,0
69.1099963162053,17,1.0,-12654
69.11154066102716,1,4.0,11826
69.118399197597,16,24.0,8733
69.1207699449036,17,6.0,-10066
69.12559004964191,16,12.0,11029
69.14721842513627,8,3.0,11769
69.16182902512429,14,1.0,-12858
69.16332586562577,14,2.0,-12863
69.16565468201196,10,33.0,11809
69.17870653217881,14,2.0,-12838
69.17910940808156,16,1.0,3328
69.17916553180216,15,11.0,-12802
69.17985433609863,4,2.0,11827
69.18254961925611,13,1.0,-12835
69.18349240513633,9,3.0,11759
69.19609145961144,15,5.0,-12783
69.2039754505991,10,11.0,11824
69.20922798167561,10,8.0,11818
69.21189662514783,11,3.0,11660
69.21436073506061,5,3.0,0
69.22049644842548,5,1.0,0
69.22361619729092,114,29.0,-12855
69.22727878698501,16,1.0,11466
69.23190653124615,12,7.0,11716
69.23673124309494,17,1.0,-5110
69.24951864828085,13,2.0,-12837
69.2533626618516,17,10.0,-9099
69.2534289565772,3,46.0,11828
69.25549162785337,6,4.0,11811
69.25955164375165,5,3.0,0
69.27627911573136,15,1.0,-12762
69.28397820248989,11,1.0,11742
69.28763725223604,16,50.0,9732
69.28966467701714,5,18.0,0
69.29547657928632,13,3.0,-12859
69.30151912158821,5,2.0,0
69.30725601966198,14,4.0,-12839
69.3330149134846,13,1.0,-12861
69.3383887277338,1,9.0,11829
69.34155030807388,15,7.0,-12766
69.34735053192378,10,1.0,11821
69.35312824109934,6,1.0,11793
69.35516352761074,14,1.0,-12845
69.35571827345153,16,5.0,5358
69.36404054646971,4,1.0,11830
69.36897397974066,17,1.0,-8094
69.38357920485859,14,5.0,-12852
69.3964962118271,16,8.0,10212
69.40156845839851,16,1.0,10860
69.40608990236873,1,10.0,11831
69.41271710822087,16,1.0,10581
69.42425028827448,7,1.0,11731
69.4248950587144,16,8.0,10873
69.44454539761419,13,1.0,-12850
69.44589610602802,13,5.0,-12853
69.44712754699113,11,50.0,11684
69.45050108766587,7,2.0,11798
69.4548951555586,17,1.0,-12575
69.45525606127808,5,1.0,0
69.47469709010629,4,1.0,11832
69.48164748073931,11,57.0,11772
69.48384449648825,5,2.0,0
69.48604449625364,5,3.0,0
69.49112557507986,15,2.0,-12795
69.4951319685841,4,4.0,11833
69.4954900525865,1,2.0,11834
69.49980827065455,14,4.0,-12848
69.49980827065455,17,4.0,-12848
69.50120729517734,5,28.0,0
69.51076785705142,16,6.0,8856
69.51653750338457,3,14.0,11835
69.51688182451144,17,3.0,-12753
69.5380006931584,113,42.0,-12860
69.53855206041354,6,1.0,11814
69.54036186727123,11,2.0,11791
69.54830499562622,6,9.0,11829
69.55064152392674,15,4.0,-12756
69.55510865767421,15,1.0,-12764
69.55523585374645,17,30.0,-7183
69.55594075856858,3,4.0,11836
69.5619450211995,5,4.0,0
69.5738281395222,6,1.0,11810
69.57779865767039,5,1.0,0
69.58198131463243,9,1.0,11677
69.5874332428763,15,5.0,-12754
69.58912187320868,8,1.0,11810
69.59192165445921,10,8.0,11822
69.59247738570211,7,3.0,11782
69.59502160298939,15,1.0,-12776
69.59671437022642,10,4.0,11833
69.60206228389546,16,10.0,11279
69.6077485044244,16,4.0,6077
69.61079959865012,13,1.0,-12847
69.61226810790677,7,1.0,11778
69.61338111112853,5,7.0,0
69.6149865146788,17,1.0,-12297
69.61882301156385,16,2.0,10855
69.62475582816108,10,3.0,11817
69.6289475519308,5,1.0,0
69.64380339702817,16,24.0,9779
69.64965080236959,17,1.0,-11537
69.6547641073776,15,6.0,-12785
69.6557157613484,5,39.0,0
69.66748940655364,16,29.0,10348
69.67512092551362,13,2.0,-12841
69.67624782867495,5,27.0,0
69.68301465584959,5,3.0,0
69.68626458862494,6,2.0,11796
69.69828767897619,11,6.0,11803
69.70282654700276,15,1.0,-12772
69.70906842330388,9,5.0,11802
69.71028818384164,7,4.0,11746
69.71530625364157,1,6.0,11837
69.71569129037452,11,4.0,11797
69.72214280476379,16,3.0,9258
69.72832673528552,16,2.0,9485
69.73982672356728,6,1.0,11819
69.74783862378706,17,5.0,-12581
69.75563030969533,13,1.0,-12836
69.76069488314423,5,1.0,0
69.76112202195992,6,3.0,11800
69.76562221927631,6,4.0,11826
69.76660451928596,15,1.0,-12780
69.77547915980044,12,15.0,11764
69.78318900428802,5,4.0,0
69.7858361376864,6,10.0,11831
69.78672150751812,13,2.0,-12843
69.78811373564487,17,1.0,-12549
69.79658496983919,15,1.0,-12744
69.80550221909408,16,7.0,10617
69.8088802051021,13,3.0,-12854
69.8088802051021,17,3.0,-12854
69.81364152995549,9,7.0,11716
69.82494619144639,1,10.0,11838
69.82876910968669,16,4.0,11273
69.83402359807461,16,4.0,11564
69.85787692923697,16,9.0,10916
69.87225460160384,16,3.0,10580
69.8730558689679,16,4.0,9759
69.87501947537284,10,4.0,11836
69.88384851930668,14,5.0,-12851
69.8985179794074,13,2.0,-12856
69.89997199487169,5,5.0,0
69.9040491205221,14,2.0,-12849
69.90478493995128,7,2.0,11777
69.9111645356173,5,4.0,0
69.9146928537175,5,1.0,0
69.91516047945552,5,4.0,0
69.91538447400784,15,3.0,-12803
69.91699067439049,16,2.0,11115
69.92027144308861,15,1.0,-12781
69.92745409805208,7,7.0,11685
69.92985932984745,17,2.0,-12805
69.93759079825602,17,1.0,-12577
69.94243059489702,17,11.0,-6185
69.94363806854766,15,3.0,-12768
69.94569038894242,7,1.0,11738
69.94569038894242,16,1.0,11738
69.9496958748936,13,7.0,-12834
69.95495916723345,5,18.0,0
69.95696702745076,13,1.0,-12862
69.95757428641582,16,40.0,11257
69.9612186443255,5,3.0,0
69.97032105523273,5,2.0,0
69.97103318931048,8,3.0,11750
69.9722451433197,16,2.0,9949
69.97543356172207,17,5.0,-10676
69.98373370950237,6,2.0,11812
69.98502767481735,6,3.0,11788
69.98559859318958,14,4.0,-12840
69.98914604324914,11,33.0,11809
70.01399549050848,17,3.0,-12562
70.01418159041773,113,31.0,-12877
70.0149655533068,9,5.0,11722
70.02327664294012,5,1.0,0
70.02605986652563,15,3.0,-12774
70.0264650936815,5,2.0,0
70.03436441507321,7,2.0,11650
70.03618549808925,16,9.0,6460
70.04282442549291,10,1.0,11832
70.0454182799912,10,2.0,11827
70.04682364221821,16,8.0,11444
70.04896163876882,11,3.0,11783
70.06423504773812,16,4.0,8130
70.07134671288438,5,2.0,0
70.09739281550051,13,4.0,-12880
70.10480246079156,1,6.0,11839
70.10599348437977,5,1.0,0
70.11682926588279,10,39.0,11807
70.12061565015557,1,1.0,11840
70.13231132665088,14,6.0,-12876
70.13716980943589,15,1.0,-12798
70.1378488929076,5,3.0,0
70.14756272934996,3,10.0,11841
70.14971072150628,17,1.0,-11226
70.15894942393135,1,3.0,11842
70.16835024296394,15,5.0,-12787
70.1709377163354,1,3.0,11843
70.17618332284346,15,31.0,-12786
70.18256721827204,10,14.0,11835
70.19512459929172,5,3.0,0
70.20111132596953,6,10.0,11838
70.20315585613422,6,5.0,11808
70.20350805545206,11,27.0,11805
70.20516187366172,16,22.0,10467
70.20557612397069,10,1.0,11830
70.20878499654089,16,10.0,10404
70.2109076816208,14,14.0,-12873
70.21155791101008,6,1.0,11840
70.21774095915411,11,9.0,11789
70.22459321914184,13,1.0,-12886
70.23202656574377,17,3.0,-7958
70.25188775854635,11,39.0,11785
70.2519482005482,5,3.0,0
70.25601902497216,6,53.0,11825
70.2778393759473,5,1.0,0
70.28379918681894,14,17.0,-12870
70.28461858478866,7,4.0,11787
70.28799325730563,7,4.0,11811
70.2905996633212,13,3.0,-12874
70.2988775445611,17,4.0,-5418
70.3038985787529,17,3.0,-8697
70.3145348128568,7,9.0,11829
70.31592673438365,5,2.0,0
70.31707583050078,17,1.0,-12384
70.31727346743212,17,5.0,-3050
70.31984391219768,15,1.0,-12799
70.34248178602338,14,3.0,-12883
70.34252452064578,15,1.0,-12775
70.34518811412481,5,3.0,0
70.34776085369565,15,4.0,-12796
70.35098300320693,9,15.0,11764
70.35433547764517,5,1.0,0
70.36200777934032,3,36.0,11844
70.37831186527085,15,9.0,-12794
70.3786424702894,8,10.0,11752
70.39299050234601,5,2.0,0
70.39915691359863,113,40.0,-12864
70.40020389736952,17,2.0,-10627
70.40434812104756,13,5.0,-12881
70.41448967106942,5,6.0,0
70.41775771581777,5,1.0,0
70.42101200535078,5,1.0,0
70.42254175134804,6,8.0,11795
70.42457421828922,4,2.0,11845
70.43167634896898,5,3.0,0
70.44067368198158,13,1.0,-12869
70.44470111689672,17,12.0,-3879
70.4549712270118,1,1.0,11846
70.45598326244169,17,2.0,-12676
70.46290301995221,6,1.0,11846
70.46612878097748,14,8.0,-12867
70.47192795365439,17,2.0,-12383
70.47692100158368,5,3.0,0
70.4846929560003,1,1.0,11847
70.50110268845096,16,45.0,10774
70.53160619039537,17,6.0,-12518
70.53711868081922,13,1.0,-12875
70.54721486352565,12,1.0,11832
70.54931507793381,16,1.0,11176
70.55096364608195,5,10.0,0
70.55410262081442,6,2.0,11834
70.56292785771011,8,2.0,11796
70.5714569086068,3,9.0,11848
70.57431333567033,16,8.0,10660
70.581170667234,7,1.0,11780
70.58257253145189,13,7.0,-12885
70.5847030672928,16,30.0,10529
70.59124281042496,1,49.0,11849
70.59574005396951,5,4.0,0
70.59769731901336,5,3.0,0
70.6071480899116,11,2.0,11768
70.60767318610932,15,2.0,-12791
70.63203347457468,5,2.0,0
70.6415616399254,11,7.0,11792
70.6507094433225,16,5.0,10983
70.67035953935859,14,12.0,-12871
70.67586366919527,13,2.0,-12879
70.68023887332986,11,11.0,11824
70.68023887332986,16,11.0,11824
70.68425294897268,9,3.0,11773
70.69701923151435,16,5.0,11216
70.70477548476909,9,3.0,11769
70.71174656566201,8,2.0,11834
70.71369636858456,7,3.0,11788
70.71972760783189,17,1.0,-12477
70.72369443131919,13,1.0,-12878
70.72464940239269,16,3.0,8573
70.72904985630039,16,16.0,11367
70.7294267462234,7,5.0,11808
70.72992708592432,16,6.0,11321
70.73562769466506,15,7.0,-12778
70.7385660544505,13,8.0,-12868
70.75311456018596,5,6.0,0
70.76391833392411,5,43.0,0
70.76889153102172,5,1.0,0
70.76976416853896,15,2.0,-12792
70.77784900940358,16,1.0,11314
70.78444055713678,15,1.0,-12801
70.7848688201361,10,36.0,11844
70.78844258598694,16,46.0,4272
70.7919837981985,16,2.0,6492
70.79243838009222,7,2.0,11815
70.82385379981173,5,44.0,0
70.82706516784401,14,7.0,-12882
70.82706516784401,17,7.0,-12882
70.82845846095316,14,2.0,-12866
70.82881471747797,16,3.0,11720
70.83195488975923,15,1.0,-12789
70.85496391536755,6,6.0,11801
70.85685834688051,5,1.0,0
70.87407496074712,13,1.0,-12865
70.87765805144632,7,1.0,11793
70.88208510835901,5,3.0,0
70.88997800982615,7,1.0,11813
70.89605406856418,4,7.0,11850
70.89670010102839,5,2.0,0
70.89734350975479,15,1.0,-12790
70.89780439935235,5,1.0,0
70.90780995639211,5,6.0,0
70.91070996266059,1,3.0,11851
70.91961702335458,5,4.0,0
70.93663153896367,11,13.0,11784
70.94895840127099,4,21.0,11852
70.95381090749,9,1.0,11832
70.95608678509589,13,2.0,-12872
70.96224255919061,5,4.0,0
70.9630259466214,14,4.0,-12884
70.97723387276548,16,5.0,10478
70.99183085819348,16,6.0,10448
70.99481244300412,15,6.0,-12797
70.99725269536472,17,3.0,-6365
70.99885674596239,5,4.0,0
70.99889563963733,5,4.0,0
71.00258321945331,10,7.0,11850
71.00428973389619,5,2.0,0
71.0084554359581,5,4.0,0
71.0096479892215,1,6.0,11853
71.01631334965897,13,10.0,-12895
71.01993043234282,16,3.0,11384
71.03651115164578,15,11.0,-12825
71.05207848926037,6,3.0,11851
71.0666377600089,15,6.0,-12806
71.069187157629,15,5.0,-12811
71.07329048004861,5,1.0,0
71.07367732868057,16,19.0,10263
71.07723718589045,6,6.0,11853
71.07818138252829,11,1.0,11821
71.08512845165455,15,3.0,-12832
71.11416837108624,16,1.0,10250
71.11722117980364,5,15.0,0
71.12339424610661,16,4.0,11137
71.12818254668524,17,4.0,-10520
71.14384665143976,16,19.0,10751
71.14604658744453,15,3.0,-12788
71.14604658744453,17,3.0,-12788
71.16469398707636,13,2.0,-12902
71.1664521836203,16,4.0,10771
71.17180357729514,9,10.0,11752
71.1860033414341,16,49.0,1334
71.2041597009031,16,5.0,11533
71.2129916584586,5,9.0,0
71.22203143348077,13,1.0,-12889
71.22334485859862,14,4.0,-12891
71.23416291636786,16,4.0,8348
71.24209946862202,17,3.0,-1784
71.24626209711785,17,3.0,-12525
71.26086005572263,15,4.0,-12793
71.26462027832183,16,7.0,10248
71.26810261409435,5,1.0,0
71.27114165633236,6,37.0,11794
71.27783950317973,10,46.0,11828
71.28115715881486,10,21.0,11852
71.29543551602535,16,10.0,10577
71.3227178144723,13,6.0,-12907
71.32474505785724,16,6.0,10472
71.3426537805929,3,2.0,11854
71.34875746695707,16,2.0,10940
71.35648915584807,16,24.0,10815
71.3664702592832,10,10.0,11841
71.37516752111503,5,1.0,0
71.37788238628166,7,3.0,11800
71.38157862135624,17,1.0,-2587
71.39308124411083,5,11.0,0
71.39575697671653,5,5.0,0
71.39711067632777,17,26.0,-5879
71.40072924824173,13,11.0,-12901
71.4049881957529,13,2.0,-12899
71.40805761616221,17,2.0,-5772
71.42299981323757,5,1.0,0
71.42524468959556,7,10.0,11831
71.4388925954027,17,3.0,-4980
71.46156678693067,9,2.0,11796
71.46980517222237,5,3.0,0
71.48802037461363,16,1.0,11109
71.49080714134102,17,1.0,-9880
71.49635159751664,11,2.0,11790
71.49670721807807,13,4.0,-12887
71.49670965372637,16,4.0,9423
71.49685857220067,7,10.0,11838
71.49685857220067,16,10.0,11838
71.50734481514294,15,3.0,-12808
71.54128783761946,5,2.0,0
71.54128908128513,15,5.0,-12827
71.54292420781164,10,9.0,11848
71.5507703657048,17,5.0,-11127
71.55704734827383,7,8.0,11795
71.56565979880759,5,3.0,0
71.56824863906532,13,3.0,-12908
71.57517052539912,15,2.0,-12812
71.57855081822085,5,2.0,0
71.59014925723903,17,2.0,-5190
71.59562425469892,16,4.0,9737
71.5964391363585,1,5.0,11855
71.5996777762917,15,46.0,-12782
71.60918296979379,16,31.0,11087
71.61226810790677,16,1.0,11778
71.61979859368941,14,5.0,-12909
71.62361773095743,4,5.0,11856
71.63161246837444,5,7.0,0
71.63316489213909,15,5.0,-12777
71.63915029845072,16,6.0,11013
71.64609585219486,16,2.0,11072
71.65179690764242,13,1.0,-12905
71.65273855031546,16,4.0,10622
71.65537931286076,16,53.0,2781
71.66839402496181,5,2.0,0
71.67167515451212,5,28.0,0
71.67575410547633,7,1.0,11840
71.67586366919527,17,2.0,-12879
71.68018835010358,16,6.0,10074
71.68057520332752,5,7.0,0
71.68518998826326,5,1.0,0
71.69020226910548,13,2.0,-12900
71.69076496614804,3,12.0,11857
71.69329481351296,10,60.0,11823
71.70150423312944,16,44.0,958
71.70547548583971,5,2.0,0
71.70716563222774,4,4.0,11858
71.70803247896538,17,1.0,-7972
71.70823484188145,13,1.0,-12894
71.71131086701793,17,3.0,-3133
71.71422126579893,13,1.0,-12904
71.71546773487378,13,3.0,-12888
71.71546773487378,17,3.0,-12888
71.72858444845644,5,3.0,0
71.73546305912888,16,13.0,10997
71.7385660544505,17,8.0,-12868
71.7432944811211,5,4.0,0
71.74360900542075,17,19.0,-12666
71.74528801456078,1,4.0,11859
71.75528430727584,8,6.0,11853
71.78173155501388,11,8.0,11818
71.78350150594002,14,5.0,-12903
71.78450905371594,16,4.0,11729
71.7845181042371,3,33.0,11860
71.78557887257735,15,2.0,-12823
71.79104049633173,17,2.0,-9303
71.79581470186422,5,2.0,0
71.79584767448752,9,3.0,11750
71.80365134711623,16,4.0,4384
71.80874289250409,5,5.0,0
71.81732774675852,14,1.0,-12896
71.82061097760348,5,2.0,0
71.82162556417478,13,2.0,-12897
71.82162556417478,17,2.0,-12897
71.84494904513241,16,10.0,11253
71.84742195446776,9,1.0,11810
71.84807023173188,5,5.0,0
71.85455840631879,6,3.0,11842
71.85597748131273,5,1.0,0
71.85776789633815,16,3.0,10973
71.86062317921932,11,4.0,11833
71.86323336049563,4,6.0,11861
71.86537214531832,17,2.0,-332
71.86819415502359,15,1.0,-12829
71.87230860876492,6,6.0,11839
71.8741427628002,16,1.0,11373
71.87620309332056,7,4.0,11826
71.8813020735873,5,2.0,0
71.88927568328916,4,1.0,11862
71.89769279692644,13,2.0,-12892
71.89773947593608,16,4.0,10161
71.9019551581964,14,3.0,-12898
71.90247601443087,13,4.0,-12906
71.90833560356333,6,4.0,11859
71.92653587997452,17,4.0,-8480
71.92829159090496,13,6.0,-12890
71.92829159090496,17,6.0,-12890
71.93010433415785,15,7.0,-12816
71.94140915439408,17,1.0,-12679
71.94265024874501,13,4.0,-12893
71.94332529543053,5,3.0,0
71.96108451409789,15,1.0,-12817
71.96267210817618,16,19.0,4985
71.96300047166494,4,2.0,11863
71.96527503692579,10,33.0,11860
71.9699151242182,11,14.0,11835
71.97414894655884,8,3.0,11851
71.98150765101977,5,10.0,0
71.99411685934513,6,6.0,11837
72.02457940416684,5,4.0,0
72.03404833982005,5,1.0,0
72.04405883418364,13,2.0,-12927
72.04879354526246,6,49.0,11849
72.05367858528902,5,35.0,0
72.05651065882634,1,3.0,11864
72.07050630391136,1,2.0,11865
72.07503812638858,17,1.0,-12784
72.08702029295279,5,1.0,0
72.08959640873012,17,2.0,-11869
72.09120376297105,12,10.0,11751
72.09256795236297,16,2.0,8825
72.10204201786604,9,2.0,11834
72.10324147756253,17,1.0,-12074
72.11693111096363,13,1.0,-12915
72.11844151779778,5,3.0,0
72.14165491229508,14,1.0,-12926
72.15010348537581,15,6.0,-12804
72.15028525065236,14,1.0,-12931
72.15523022238636,11,2.0,11827
72.15523957818029,10,4.0,11858
72.15736460347517,5,2.0,0
72.15983440937922,7,1.0,11814
72.16468067210057,5,2.0,0
72.17382932984381,7,2.0,11812
72.17754642375778,9,10.0,11751
72.18707891348578,11,3.0,11817
72.19180079605137,1,3.0,11866
72.19805089056867,13,44.0,-12911
72.2128447418606,13,1.0,-12913
72.2213419512779,16,4.0,11530
72.2278830786639,17,2.0,-8756
72.23609419256739,10,2.0,11854
72.23750781292384,13,1.0,-12912
72.23810124693766,13,5.0,-12928
72.2471445586638,5,1.0,0
72.25191278215276,17,3.0,-5447
72.2544063972348,14,9.0,-12920
72.26097166004756,14,5.0,-12925
72.26606344523978,16,3.0,10052
72.28873072138366,13,1.0,-12929
72.29330189986774,11,39.0,11807
72.30708122178424,16,3.0,3644
72.31437533331896,14,1.0,-12917
72.32032079763061,1,2.0,11867
72.33191538130046,4,17.0,11868
72.33644697113424,5,1.0,0
72.33730819468916,10,12.0,11857
72.34629355963483,7,3.0,11799
72.35253066898227,17,1.0,-7186
72.35566159473984,17,2.0,-12707
72.36414178317787,16,3.0,11066
72.37121512938968,15,1.0,-12821
72.37121512938968,17,1.0,-12821
72.38488645008883,16,4.0,6493
72.38613507290145,14,1.0,-12922
72.38613507290145,17,1.0,-12922
72.39815408668149,3,4.0,11869
72.40487174989752,16,4.0,1436
72.41215964400472,5,2.0,0
72.41247332313954,15,1.0,-12809
72.4150433630326,1,12.0,11870
72.4154584229085,5,5.0,0
72.41703690075606,6,1.0,11847
72.42134450926265,14,4.0,-12910
72.42197944302067,15,2.0,-12820
72.4220591807791,13,1.0,-12914
72.42771606724466,16,1.0,10555
72.42915988502232,17,1.0,-9957
72.43696780235439,11,1.0,11830
72.44816453725565,15,2.0,-12822
72.45277427401722,13,6.0,-12924
72.46344775605297,10,5.0,11856
72.46351021791719,1,5.0,11871
72.47591915414391,10,17.0,11868
72.48191355602852,5,2.0,0
72.48316046872786,15,31.0,-12826
72.49047619960511,5,1.0,0
72.49365182512634,15,1.0,-12813
72.50438105500298,15,17.0,-12824
72.50791592302446,5,4.0,0
72.51084326055015,17,1.0,-2931
72.51867302323245,16,1.0,10702
72.51982473494914,13,1.0,-12921
72.52360421861421,1,5.0,11872
72.52405376126579,15,1.0,-12831
72.5244124144214,3,7.0,11873
72.52746047451606,15,1.0,-12828
72.52877832831153,10,2.0,11863
72.53567019205079,13,7.0,-12923
72.53820786608959,16,10.0,331
72.54280653635503,14,7.0,-12916
72.5469387596851,16,2.0,7227
72.55240034877951,16,4.0,9418
72.57412427222737,16,1.0,11015
72.59841787894513,13,9.0,-12932
72.60179037494044,5,5.0,0
72.61329583913864,5,4.0,0
72.62807949480992,3,26.0,11874
72.63440511094106,4,5.0,11875
72.65067862889916,13,2.0,-12918
72.6528417086829,15,14.0,-12814
72.66601760499633,5,1.0,0
72.67389482263087,14,1.0,-12919
72.68484464783401,7,6.0,11801
72.69612022868806,11,7.0,11850
72.69823181314837,1,19.0,11876
72.69897004495351,5,6.0,0
72.70042093810869,16,13.0,11112
72.70200439349969,5,1.0,0
72.7050866597055,6,5.0,11855
72.70630940501135,16,3.0,10894
72.73863729048702,16,2.0,11099
72.7403275138589,9,3.0,11667
72.7471331328197,15,2.0,-12818
72.74854269913666,16,5.0,11449
72.75361343155707,11,36.0,11844
72.75478046133236,16,3.0,10127
72.76572922867179,5,3.0,0
72.76820896415998,17,1.0,-12655
72.76870519282052,9,6.0,11853
72.7746617094848,16,4.0,1169
72.78263775918562,13,1.0,-12930
72.78633012691196,5,1.0,0
72.7875230137523,4,4.0,11877
72.79312807278625,5,1.0,0
72.7962126566099,16,9.0,8162
72.7962425272109,1,1.0,11878
72.79783568981512,10,5.0,11875
72.81047057097766,16,5.0,11639
72.82016262297846,5,3.0,0
72.83282270615709,5,4.0,0
72.83306907105171,15,4.0,-12819
72.83342734638265,5,11.0,0
72.84258821263931,7,53.0,11825
72.8455749196551,5,1.0,0
72.8509232874731,11,21.0,11852
72.88320182457372,5,5.0,0
72.9098944823346,15,4.0,-12810
72.92119036467923,16,3.0,11034
72.9256645009254,17,2.0,-6229
72.9422886734833,16,56.0,2471
72.94265024874501,17,4.0,-12893
72.94537155047246,7,1.0,11846
72.95386699925686,9,3.0,11851
72.95412838373538,7,1.0,11819
72.96668405062223,15,5.0,-12815
72.96668405062223,17,5.0,-12815
72.97027820135901,7,49.0,11849
72.97715341340958,1,6.0,11879
72.9775079696647,10,26.0,11874
72.97785963111106,7,1.0,11847
73.0044713608519,13,4.0,-12943
73.01627176360181,14,1.0,-12951
73.0219854422219,17,3.0,-12043
73.0276879480607,5,4.0,0
73.04226894343914,5,1.0,0
73.04242625918582,14,1.0,-12954
73.04685814585923,13,1.0,-12942
73.05830205617356,16,2.0,4218
73.07450311491299,13,6.0,-12938
73.08115959624371,7,37.0,11794
73.08364339831469,16,1.0,11188
73.09028463139275,13,1.0,-12941
73.0918943245232,6,2.0,11865
73.09517203171295,5,4.0,0
73.11113216862319,15,1.0,-12850
73.13722699382504,3,50.0,11880
73.13998027718921,16,1.0,11353
73.14578323941946,6,3.0,11864
73.14927335498315,17,9.0,-3351
73.14996411425521,17,5.0,-12237
73.15251140470808,6,2.0,11867
73.15914041546765,12,5.0,11856
73.16480618735267,14,4.0,-12934
73.18308239050891,5,2.0,0
73.18356469437178,16,16.0,11329
73.18609704416882,1,8.0,11881
73.18714071281148,10,2.0,11845
73.18853081690165,5,3.0,0
73.20212707574056,13,2.0,-12945
73.22013516903746,15,1.0,-12846
73.221202081483,11,9.0,11848
73.22681943974469,13,8.0,-12935
73.22789950589781,3,59.0,11882
73.24231659521438,6,5.0,11872
73.24380593584245,14,4.0,-12949
73.24616212803376,17,3.0,-12586
73.25017279737291,5,6.0,0
73.25983221161297,6,3.0,11843
73.26872510050015,4,2.0,11883
73.283211226655,15,1.0,-12845
73.2884917514586,16,12.0,10359
73.29400819053201,7,6.0,11839
73.29753636771578,5,2.0,0
73.30147039539699,16,55.0,11001
73.30210007912045,5,2.0,0
73.30233272908148,11,4.0,11836
73.30343865666867,17,1.0,-7080
73.30764471798649,16,9.0,2850
73.31431580903842,4,6.0,11884
73.32165897229234,14,1.0,-12950
73.32842389380166,6,12.0,11870
73.33392070264543,16,7.0,10923
73.3351120227382,5,1.0,0
73.34594267583947,1,4.0,11885
73.3553614845446,6,4.0,11885
73.35792296835808,16,8.0,11058
73.35823317838883,114,16.0,-12955
73.35925965497927,13,3.0,-12952
73.36201344511626,16,7.0,11172
73.36911605932862,15,5.0,-12852
73.37139331044244,13,1.0,-12937
73.37139331044244,17,1.0,-12937
73.38766245299259,11,10.0,11841
73.41437448630677,7,4.0,11859
73.42134450926265,17,4.0,-12910
73.44116826011722,6,1.0,11878
73.44536472752488,13,4.0,-12953
73.45857645449729,1,3.0,11886
73.46661274103037,11,12.0,11857
73.47501815651945,5,1.0,0
73.4780120305412,17,11.0,-12534
73.48095020239975,5,2.0,0
73.48260884591346,6,6.0,11879
73.48905254504868,17,4.0,-9897
73.50916949983281,15,1.0,-12858
73.51433744416927,4,6.0,11887
73.51759087011057,5,1.0,0
73.51824822450081,7,1.0,11820
73.52305882057361,16,8.0,11701
73.52346362327856,5,3.0,0
73.52513173355672,15,2.0,-12863
73.53384986434098,13,1.0,-12946
73.53661855836182,5,4.0,0
73.53816081259966,15,30.0,-12844
73.53907633118696,15,2.0,-12838
73.54103920729186,10,50.0,11880
73.54544261559687,6,5.0,11871
73.5460900368171,4,1.0,11888
73.54667952137784,16,11.0,6223
73.54673993178348,5,1.0,0
73.55648731504131,5,8.0,0
73.56120781653092,1,4.0,11889
73.56428124702667,6,4.0,11889
73.56760786215025,5,4.0,0
73.5720415901885,14,2.0,-12944
73.57293865421889,15,2.0,-12842
73.58078013048372,16,3.0,10919
73.58953346231735,5,2.0,0
73.5984401076758,4,2.0,11890
73.60224522132698,1,1.0,11891
73.606028375876,15,1.0,-12835
73.62287758179397,5,4.0,0
73.62764982581375,14,4.0,-12940
73.65046422679411,5,1.0,0
73.65882956725399,10,2.0,11890
73.6622146301243,10,4.0,11877
73.68109478126914,17,1.0,-11421
73.68782104081525,5,2.0,0
73.69517532071816,9,5.0,11856
73.70229667896909,11,8.0,11822
73.70508780477965,11,33.0,11860
73.71384444351709,13,1.0,-12933
73.71384444351709,17,1.0,-12933
73.72176464545096,3,53.0,11892
73.72220198827291,14,6.0,-12939
73.7241307520503,4,2.0,11893
73.72626728272854,5,1.0,0
73.7365212501008,5,3.0,0
73.741375739262,10,1.0,11888
73.7448025287925,17,3.0,-3848
73.74487095509681,13,2.0,-12947
73.7517457374618,1,4.0,11894
73.7543596590504,10,1.0,11862
73.75471491698664,16,14.0,297
73.76679244812937,17,1.0,-12564
73.79211261305005,16,8.0,11534
73.79543943168325,16,1.0,863
73.79738330360026,5,4.0,0
73.8128053239423,15,3.0,-12859
73.81410893095362,5,7.0,0
73.83872987959636,5,1.0,0
73.85106961968091,10,2.0,11883
73.85538011756566,16,45.0,2061
73.85661400539448,15,4.0,-12839
73.85881153113478,6,4.0,11894
73.85968486954582,113,59.0,-12936
73.86042469960341,16,24.0,10166
73.86044955132809,15,2.0,-12837
73.86550037144981,5,1.0,0
73.86885805597639,13,1.0,-12948
73.86885805597639,17,1.0,-12948
73.8696597069663,5,2.0,0
73.87941604444025,15,5.0,-12853
73.90766236267473,5,7.0,0
73.91641660198519,17,2.0,-11010
73.92321159809083,16,12.0,11553
73.9280406021532,16,5.0,10759
73.9379261529948,5,4.0,0
73.93841119682321,7,2.0,11816
73.94185226346924,5,3.0,0
73.94396962448073,3,11.0,11895
73.9456246053865,5,3.0,0
73.95754541963204,5,6.0,0
73.9656553027301,16,59.0,10907
73.979441021008,6,3.0,11866
73.97974196520819,16,2.0,10834
73.98254217336738,15,1.0,-12861
73.98479544160627,17,6.0,-12749
73.98554115802187,7,3.0,11842
73.9887330334167,17,4.0,-151
73.99688279696059,16,2.0,6051
73.99772692859231,17,4.0,-7281
74.0061953047788,15,17.0,-12870
74.0099899675708,8,5.0,11855
74.01179499057554,10,2.0,11893
74.01266544323552,18,,0
74.01266550353365,103,4.0,11896
74.0138534147758,13,7.0,-12968
74.01777221094574,16,7.0,10417
74.03238884157507,13,3.0,-12962
74.03702470505682,5,2.0,0
74.04515533067034,15,1.0,-12869
74.04851777661094,4,4.0,11897
74.05828968782117,5,3.0,0
74.0585158992705,16,25.0,1200
74.07756619702577,13,3.0,-12967
74.08496868166976,6,19.0,11876
74.08745322461873,11,17.0,11868
74.09301845377644,4,6.0,11898
74.09345321595033,15,1.0,-12886
74.09895734627136,11,4.0,11858
74.10867825336015,6,3.0,11886
74.12377966125747,3,5.0,11899
74.12814195465077,4,5.0,11900
74.1432221204954,10,4.0,11869
74.14980241408344,15,14.0,-12873
74.17100329207153,11,5.0,11875
74.17978006041054,11,60.0,11823
74.18776115719177,4,31.0,11901
74.18828766496942,5,1.0,0
74.19001141977837,16,54.0,11219
74.19865179587042,17,13.0,-1782
74.19882078105655,12,2.0,11883
74.20661145161448,5,3.0,0
74.21673962837247,15,1.0,-12875
74.21974791765395,5,5.0,0
74.22104405237373,5,2.0,0
74.22484325729089,5,2.0,0
74.22763612693241,15,3.0,-12883
74.23350129997218,6,1.0,11891
74.2527192520485,5,2.0,0
74.27394463287527,1,4.0,11902
74.27837697085954,3,15.0,11903
74.27998978351133,17,1.0,-12689
74.30001219558123,1,43.0,11904
74.31049585827478,17,1.0,-12615
74.31437533331896,17,1.0,-12917
74.31984391219768,17,1.0,-12799
74.33720744616117,14,4.0,-12970
74.35062265857464,10,6.0,11884
74.35098300320693,16,15.0,11764
74.35661522391048,5,2.0,0
74.35736753156412,12,1.0,11888
74.35788305868087,13,6.0,-12959
74.3682167137959,15,3.0,-12874
74.37299575883952,15,6.0,-12876
74.38694849196008,13,2.0,-12958
74.40401773969418,16,12.0,10839
74.40772023613083,10,31.0,11901
74.43079061861269,17,1.0,-11822
74.45343417782856,8,3.0,11843
74.45584302215528,16,55.0,10494
74.46841444336447,11,1.0,11862
74.47901409120891,12,2.0,11893
74.48121434328628,1,5.0,11905
74.48196353643277,16,4.0,11051
74.5179601795354,5,2.0,0
74.52570651370137,16,10.0,11049
74.53275865174768,13,1.0,-12969
74.53278100122132,7,1.0,11878
74.53467331289283,5,1.0,0
74.53640584839607,13,56.0,-12971
74.56504042851856,13,2.0,-12972
74.56796000078796,11,2.0,11854
74.56866264058073,10,6.0,11861
74.59053759524289,13,5.0,-12965
74.6071480899116,16,2.0,11768
74.62361850652016,16,3.0,11442
74.65067862889916,17,2.0,-12918
74.67497887928319,15,4.0,-12880
74.67588857246834,6,43.0,11904
74.69936358006204,7,4.0,11885
74.71012434216176,13,1.0,-12966
74.71966226174452,5,2.0,0
74.72320737731572,13,2.0,-12963
74.72364090766783,7,6.0,11837
74.72409512064698,16,3.0,11012
74.72683949833429,4,16.0,11906
74.74453764338999,13,1.0,-12957
74.74896003046277,5,1.0,0
74.7521949070895,15,5.0,-12881
74.75472414875586,7,12.0,11870
74.76122616984293,9,5.0,11855
74.77256861286934,5,2.0,0
74.77787485609541,13,3.0,-12964
74.80123996051358,4,2.0,11907
74.81981224204677,12,4.0,11896
74.83009518844563,5,3.0,0
74.83863553710741,16,5.0,11515
74.84010484162162,1,2.0,11908
74.84215466050347,17,4.0,-12618
74.8463943803965,5,8.0,0
74.85220996587367,9,3.0,11843
74.85884154806755,7,2.0,11867
74.86108108595913,16,6.0,11483
74.86835303648992,10,6.0,11887
74.86870949118017,13,1.0,-12960
74.86870949118017,17,1.0,-12960
74.87136897325837,5,1.0,0
74.87319146682344,16,5.0,11267
74.87648887867039,6,5.0,11905
74.88188358481052,5,5.0,0
74.8822744885554,11,2.0,11890
74.89187588409773,6,4.0,11902
74.89548955262893,16,45.0,11527
74.90006353868834,15,8.0,-12867
74.91624691461578,17,2.0,-333
74.91747726125318,14,1.0,-12961
74.92663314483397,17,1.0,-6866
74.93668356358015,5,3.0,0
74.9369732419034,10,16.0,11906
74.94981684197936,7,2.0,11865
74.95278875086706,5,7.0,0
74.96253078039723,10,5.0,11900
74.96801648884583,10,5.0,11899
74.97063533701215,16,7.0,9003
74.98038663761241,10,4.0,11897
74.98559859318958,17,4.0,-12840
74.98807553265712,13,6.0,-12956
75.00004643273286,15,4.0,-12887
75.00324847946533,1,2.0,11909
75.00623157367708,1,2.0,11910
75.01441205979923,5,4.0,0
75.04336400066333,5,7.0,0
75.04344165632294,15,6.0,-12907
75.05387250094908,17,10.0,-12680
75.05791971535385,3,10.0,11911
75.06977192718401,1,6.0,11912
75.08438702977686,10,6.0,11898
75.08581007871616,15,1.0,-12889
75.0893845396647,13,1.0,-12973
75.096336572861,5,1.0,0
75.10183300789792,17,1.0,-9239
75.11010348113436,11,2.0,11845
75.11010348113436,16,2.0,11845
75.11773717164397,15,3.0,-12908
75.12326132013148,5,6.0,0
75.14111418311298,17,3.0,-5906
75.14900871289424,16,12.0,11718
75.16259963101135,16,29.0,10668
75.19650778119339,11,46.0,11828
75.20250618283443,17,2.0,-9250
75.22844782633064,15,10.0,-12895
75.22844782633064,17,10.0,-12895
75.25041495419866,5,4.0,0
75.25842242987264,4,1.0,11913
75.25893471886833,5,1.0,0
75.26319518137643,17,1.0,-12725
75.26586099143292,16,4.0,8402
75.26805505089678,14,4.0,-12988
75.28310965970402,16,6.0,10821
75.29318833635858,7,19.0,11876
75.30113693958512,16,1.0,9899
75.33105471132157,13,2.0,-12979
75.33932800828245,5,1.0,0
75.34784055691347,10,7.0,11873
75.35764984637395,5,2.0,0
75.37653681258695,13,1.0,-12987
75.37964064095002,15,2.0,-12899
75.38426839876087,10,2.0,11907
75.38999794629478,5,1.0,0
75.39569546009257,16,5.0,2077
75.39739152537786,7,5.0,11871
75.44358940280827,15,4.0,-12891
75.44814888738658,13,4.0,-12977
75.44983254938707,11,26.0,11874
75.46849622539062,14,4.0,-12985
75.47079591554552,10,59.0,11882
75.48612861001061,16,2.0,11278
75.49067701836717,13,1.0,-12980
75.49163533772273,5,2.0,0
75.5039499565488,14,10.0,-12976
75.50480067511914,17,2.0,-912
75.52037477217671,15,11.0,-12901
75.5249518823086,9,2.0,11883
75.53693800748958,13,1.0,-12984
75.53883308435987,17,6.0,-9562
75.53978677950793,17,1.0,-2154
75.54280653635503,17,7.0,-12916
75.56064049800027,7,3.0,11864
75.56325602063835,15,5.0,-12909
75.58645775028991,6,6.0,11912
75.58897140196768,5,1.0,0
75.59154959273997,11,4.0,11877
75.59841787894513,17,9.0,-12932
75.61276455868064,11,16.0,11906
75.61997390113368,11,5.0,11900
75.62054864688523,13,1.0,-12983
75.62976332478001,17,1.0,-12400
75.63545206638359,5,4.0,0
75.64689960404245,17,1.0,-908
75.6491192347666,5,2.0,0
75.67166170635194,11,6.0,11861
75.67194079161612,9,4.0,11896
75.70060049972429,17,1.0,-12527
75.70767313399566,5,1.0,0
75.71640785026065,16,8.0,10307
75.7464911214822,16,5.0,11760
75.75013391168298,5,2.0,0
75.7511773197216,14,2.0,-12982
75.76372670601683,16,3.0,5889
75.76563406858772,10,1.0,11913
75.77706099168306,14,2.0,-12974
75.78076242476224,14,2.0,-12981
75.79038838562113,11,4.0,11869
75.7925225655336,16,2.0,1755
75.79843943860993,5,2.0,0
75.80414306043672,5,7.0,0
75.8260948018467,17,1.0,-12708
75.82812657226269,11,50.0,11880
75.83815983563302,10,15.0,11903
75.83953954274433,4,2.0,11914
75.84733680798854,16,6.0,10498
75.85020780296914,3,5.0,11915
75.85217875382494,1,6.0,11916
75.85358240366538,5,6.0,0
75.87027184077374,7,3.0,11886
75.88644519833808,5,4.0,0
75.8879720592026,17,7.0,-10527
75.89148255530523,5,1.0,0
75.9047241570702,4,11.0,11917
75.9138303331951,13,2.0,-12978
75.91489445605062,17,2.0,-12771
75.91804947197426,15,2.0,-12902
75.94258043846051,14,4.0,-12989
75.94424179169602,13,2.0,-12986
75.94974428594091,6,2.0,11909
75.96684225716216,13,1.0,-12975
75.9845981760376,5,2.0,0
75.98511890916376,5,1.0,0
75.98785367381419,15,1.0,-12905
75.98807553265712,17,6.0,-12956
76.00886175948322,16,7.0,10477
76.01813099837872,18,,0
76.01814719992956,104,10.0,11918
76.01935621142131,15,1.0,-12929
76.0241212123134,5,4.0,0
76.02436691517772,5,2.0,0
76.02796173044683,17,1.0,-9350
76.02931052320027,10,10.0,11911
76.03289534406464,10,53.0,11892
76.04279464792819,17,1.0,-12267
76.04645710829348,16,37.0,1570
76.05125570064558,17,1.0,-10442
76.05581163991206,6,2.0,11910
76.06689151887453,16,25.0,11765
76.0743842384486,8,4.0,11902
76.09280327439075,1,3.0,11919
76.094974554171,16,4.0,11042
76.11636062356484,12,7.0,11873
76.14063744868362,5,3.0,0
76.14190464508526,13,3.0,-12994
76.16309617363194,16,3.0,5969
76.16743822831653,13,1.0,-12993
76.17001582156067,17,1.0,-12748
76.18034538286706,7,6.0,11879
76.20791621929534,1,4.0,11920
76.20896122807251,13,1.0,-13004
76.21039883544759,14,8.0,-13001
76.21253104184044,17,2.0,-12736
76.21548287788988,5,3.0,0
76.22791653258139,7,3.0,11866
76.24174805641925,12,10.0,11918
76.24786053941861,16,4.0,9432
76.2530571518177,16,7.0,11381
76.26428059755622,6,4.0,11920
76.27767211325217,16,3.0,8043
76.28641238941424,5,6.0,0
76.29723596968324,14,6.0,-13006
76.30617905352341,11,5.0,11899
76.32253382366306,13,1.0,-13002
76.33259515132717,5,2.0,0
76.34219550395852,7,43.0,11904
76.35341815720659,10,5.0,11915
76.3668305878376,17,1.0,-12616
76.37389236494394,5,5.0,0
76.39151232997757,16,7.0,11607
76.40190468149011,16,3.0,11633
76.42208868684786,5,1.0,0
76.43413169987856,16,8.0,11737
76.4362214462206,7,1.0,11891
76.43627054898766,5,2.0,0
76.44553382928771,17,11.0,-9667
76.46156678693067,16,2.0,11796
76.4825194721785,16,4.0,10539
76.49131029537854,16,5.0,8539
76.49690430637428,11,59.0,11882
76.49710162110556,11,4.0,11897
76.49781936139428,13,7.0,-12997
76.51660401743129,5,3.0,0
76.52843091539755,15,1.0,-12913
76.53410853254023,5,21.0,0
76.5398839507726,14,1.0,-12999
76.55219123266086,15,1.0,-12931
76.56575910055392,16,45.0,11223
76.57406515044411,15,2.0,-12927
76.59341198139583,17,1.0,-12623
76.601375402907,1,1.0,11921
76.61015507228656,5,1.0,0
76.61409188318706,16,3.0,11316
76.64613352510236,16,1.0,10874
76.65690427835644,16,28.0,8981
76.65784305947784,5,1.0,0
76.66428605065907,14,2.0,-13000
76.66924628734377,5,18.0,0
76.66976869272581,13,1.0,-13003
76.70008270406112,5,1.0,0
76.70290252923454,16,4.0,10063
76.713680828809,13,3.0,-12992
76.73477602694048,9,2.0,11893
76.74637048306955,15,5.0,-12928
76.74820694040106,15,44.0,-12911
76.74980164568005,7,4.0,11889
76.75060608983075,17,1.0,-12603
76.7623636328096,5,1.0,0
76.76639549864163,1,1.0,11922
76.76692158690923,16,2.0,11766
76.76952960358278,16,4.0,11424
76.7732251440505,5,3.0,0
76.7901491939375,14,10.0,-12990
76.79043470248952,15,1.0,-12912
76.79964138119709,15,1.0,-12926
76.8010072911005,17,39.0,-7901
76.80973495834323,5,1.0,0
76.82994756936073,13,1.0,-12996
76.84745506429469,17,4.0,-12635
76.84805609864516,14,4.0,-12991
76.85606000211585,6,2.0,11908
76.8588924547794,15,5.0,-12925
76.87800565956013,15,9.0,-12920
76.88931788906912,6,1.0,11921
76.89209563834979,17,2.0,-4848
76.90237396762437,9,1.0,11888
76.90555434433787,15,1.0,-12915
76.9129669724991,14,1.0,-12998
76.9207734532567,5,2.0,0
76.92112133162226,17,9.0,-3087
76.93050343926556,5,2.0,0
76.94052360159044,17,3.0,-2879
76.94742356394774,13,3.0,-13005
76.95596824329022,6,6.0,11916
76.96958490115367,9,10.0,11918
76.9736988031971,16,8.0,10447
76.97385642891727,113,45.0,-12995
76.97399664163983,5,2.0,0
76.98129334948835,5,4.0,0
76.99976992588333,11,6.0,11884
77.02844248465712,5,3.0,0
77.04983917510745,5,3.0,0
77.0649690582385,7,5.0,11905
77.07388729289889,14,2.0,-13020
77.07463730600179,14,1.0,-13014
77.07600286356572,5,3.0,0
77.07814109864648,7,4.0,11894
77.07936245279132,16,3.0,10419
77.07959848711744,16,2.0,11256
77.11078876614587,17,4.0,-12713
77.11728924494899,16,1.0,11606
77.12343167640742,10,11.0,11895
77.1317189831429,15,8.0,-12935
77.1482247370635,15,4.0,-12943
77.15393432470356,16,11.0,10075
77.16333105547535,11,2.0,11863
77.16696772166799,11,6.0,11887
77.188566089309,5,3.0,0
77.18907766187645,11,15.0,11903
77.19305779849937,15,4.0,-12934
77.19305779849937,17,4.0,-12934
77.19335362370788,1,2.0,11923
77.19417195948478,5,4.0,0
77.2014771400825,13,6.0,-13023
77.22609005460075,7,5.0,11872
77.23896031252576,15,1.0,-12942
77.2428124725617,5,4.0,0
77.24775786956893,16,34.0,1526
77.25460999020753,5,1.0,0
77.25708164221325,14,3.0,-13015
77.32383645206126,14,2.0,-13017
77.3315428128001,17,1.0,-9728
77.33454092329025,5,3.0,0
77.33457083897984,9,7.0,11873
77.3518446589165,11,53.0,11892
77.35351575830576,17,1.0,-4115
77.3576964822229,15,1.0,-12954
77.37693420285875,9,4.0,11902
77.37773368793712,16,8.0,11598
77.38265932052886,16,47.0,1379
77.38683388502182,17,1.0,-901
77.38726803141557,16,2.0,10045
77.39042408673328,16,1.0,10466
77.39392778598238,17,1.0,-5007
77.39868344436022,5,3.0,0
77.40871860558337,17,3.0,-7783
77.41263872539204,15,2.0,-12945
77.4338960949938,4,4.0,11924
77.44477600445438,15,6.0,-12938
77.44556245075285,11,1.0,11913
77.45876121548721,14,3.0,-13008
77.48419979925448,13,1.0,-13022
77.50949755800542,15,1.0,-12950
77.5128988508243,10,4.0,11924
77.51597743985772,13,4.0,-13007
77.52681955586681,16,4.0,10279
77.52702709368988,1,1.0,11925
77.53513067271301,16,8.0,4268
77.54169452431816,11,10.0,11911
77.57316506322411,11,6.0,11898
77.5743553739592,1,5.0,11926
77.58224943508327,13,2.0,-13019
77.5828749588794,5,3.0,0
77.5913851402404,14,3.0,-13011
77.60371470988551,17,8.0,-1472
77.61347123611723,5,1.0,0
77.61370753768435,14,7.0,-13009
77.6153337697617,13,1.0,-13013
77.61558482079721,5,1.0,0
77.61832811312179,17,5.0,-9081
77.61987953855986,5,2.0,0
77.63694854645358,17,3.0,-12747
77.63949134899892,11,5.0,11915
77.6415616399254,16,7.0,11792
77.65208533002767,7,2.0,11909
77.66004912631422,5,1.0,0
77.68404643531599,14,1.0,-13021
77.69615235427993,7,2.0,11908
77.70348406809316,5,3.0,0
77.70941683132644,16,6.0,11740
77.73562769466506,17,7.0,-12778
77.75028532831605,16,2.0,11635
77.75265433265544,11,31.0,11901
77.76915747129691,5,3.0,0
77.78224439730297,13,3.0,-13018
77.80343956596874,6,2.0,11923
77.80586348502973,13,4.0,-13010
77.85727407421975,16,2.0,11689
77.86016208299849,15,1.0,-12951
77.87195774169041,15,1.0,-12941
77.87806715389942,17,1.0,-12130
77.88878069814656,13,20.0,-13012
77.88998367129066,16,6.0,11415
77.89170975067866,13,3.0,-13016
77.92068691361033,15,4.0,-12949
77.93235755445494,5,8.0,0
77.93486122629113,16,5.0,11364
77.97728778347175,16,7.0,10814
77.98918187076198,11,2.0,11907
78.00263124833911,15,5.0,-12965
78.00554746519447,17,9.0,-9073
78.01278572215318,17,5.0,-12755
78.01461367447105,16,22.0,4280
78.03949902762685,6,1.0,11922
78.04759458311693,6,8.0,11881
78.05654764181683,13,1.0,-13029
78.05857849802173,16,3.0,11543
78.06284823793875,15,2.0,-12958
78.08724015836411,14,1.0,-13030
78.09837033141653,13,1.0,-13026
78.1189320644545,15,3.0,-12967
78.1189320644545,17,3.0,-12967
78.13925442190327,14,1.0,-13039
78.1487601086954,5,1.0,0
78.16054668155931,13,1.0,-13027
78.17886667661676,6,3.0,11919
78.18372197315524,11,11.0,11895
78.20780268933751,16,13.0,10761
78.20851965154037,4,1.0,11927
78.21198193987661,16,2.0,10162
78.21372936093756,14,3.0,-13035
78.21423527001996,16,2.0,102
78.21790015493518,15,6.0,-12959
78.22156269222351,5,3.0,0
78.22515440000548,16,3.0,6311
78.23072663092395,16,2.0,9510
78.2376928582008,13,2.0,-13032
78.23982621920334,5,2.0,0
78.24307969033224,6,5.0,11926
78.2482606941554,14,5.0,-13040
78.31657557453174,15,1.0,-12966
78.31810955441051,10,1.0,11927
78.34938626021983,7,1.0,11921
78.36180957955193,5,1.0,0
78.36990450132802,14,3.0,-13038
78.37272581307015,5,3.0,0
78.38168488373591,5,2.0,0
78.38766245299259,16,10.0,11841
78.3907050394072,14,13.0,-13031
78.40695492628348,17,3.0,-9860
78.41247332313954,17,1.0,-12809
78.42958996320375,4,10.0,11928
78.44710081479056,5,5.0,0
78.45277427401722,17,6.0,-12924
78.48973754303373,16,10.0,10911
78.50399904036017,5,1.0,0
78.51038355855525,17,2.0,-12483
78.53567019205079,17,7.0,-12923
78.5623188782516,5,4.0,0
78.5662192328149,13,7.0,-13036
78.56757905122424,13,4.0,-13025
78.57191243892267,16,6.0,11771
78.58828511631967,5,4.0,0
78.59234077603696,113,47.0,-13028
78.59866406268702,16,3.0,10305
78.61599435949859,17,1.0,-12720
78.6293702644431,13,6.0,-13024
78.65353554286418,17,2.0,-12685
78.65532422209888,16,8.0,11259
78.68415474958891,16,1.0,9840
78.68565742703265,17,1.0,-9043
78.69020226910548,17,2.0,-12900
78.69286770084507,5,3.0,0
78.70323627679163,1,2.0,11929
78.70770684020268,15,2.0,-12972
78.71034257179713,5,2.0,0
78.71454081119457,7,4.0,11920
78.71468134297038,11,4.0,11924
78.7396832582847,14,3.0,-13034
78.74063041990185,5,2.0,0
78.76766644031578,15,4.0,-12970
78.77535271245777,5,3.0,0
78.80083213421678,15,1.0,-12969
78.80823269897019,14,5.0,-13037
78.81655072096726,15,56.0,-12971
78.81887355042308,16,9.0,11631
78.8208657440594,16,3.0,5850
78.8263803038517,5,7.0,0
78.82789529323782,16,3.0,1980
78.85586214052763,15,3.0,-12962
78.8630693218288,5,5.0,0
78.8715850353472,17,5.0,-12345
78.8848353005583,15,7.0,-12968
78.8848353005583,17,7.0,-12968
78.89447688277495,14,1.0,-13033
78.90461636470431,17,16.0,-12642
78.94045580475361,16,29.0,11362
79.00676194426791,5,13.0,0
79.01147011139115,13,3.0,-13052
79.01407786192664,15,2.0,-12982
79.02566609240492,15,1.0,-12987
79.03490671429458,16,2.0,11538
79.0491337901239,10,2.0,11914
79.05623989386362,17,3.0,-2805
79.05738194919633,13,1.0,-13066
79.0658013069093,14,2.0,-13056
79.0684862254443,7,6.0,11912
79.07525083089311,16,7.0,10929
79.08062213618642,16,58.0,9816
79.09724418936165,14,1.0,-13055
79.11353239414727,14,19.0,-13060
79.12887700365593,13,3.0,-13049
79.13990990417591,15,1.0,-12983
79.14223356428697,8,1.0,11922
79.16401462308527,14,3.0,-13057
79.17254271180929,5,4.0,0
79.17618332284346,17,31.0,-12786
79.18075500821541,15,2.0,-12978
79.1893978748682,5,10.0,0
79.20751629205976,10,11.0,11917
79.21852089938402,16,2.0,10820
79.23017512756013,17,1.0,-12760
79.23360408949208,15,1.0,-12973
79.25851678902556,13,1.0,-13054
79.25855802362423,7,2.0,11910
79.26906151669871,15,1.0,-12975
79.28703984476003,13,5.0,-13070
79.28840724791651,5,1.0,0
79.30709098519542,15,1.0,-12984
79.31339833799755,5,4.0,0
79.33044849520127,1,1.0,11930
79.3423682247188,16,1.0,11698
79.35835106465322,13,2.0,-13062
79.36788098211599,16,7.0,11734
79.38035636339585,16,40.0,4446
79.38738192467372,5,1.0,0
79.38895706653068,13,1.0,-13051
79.39125652127098,17,3.0,-9980
79.41987130357167,16,54.0,10522
79.42197944302067,17,2.0,-12820
79.42554523971145,16,6.0,11218
79.42912185048397,15,4.0,-12988
79.44119252897262,5,18.0,0
79.44712754699113,16,50.0,11684
79.45064724959295,15,4.0,-12977
79.45064724959295,17,4.0,-12977
79.45858152279146,16,12.0,11565
79.4773762289743,13,1.0,-13048
79.48437904839138,15,10.0,-12976
79.50740294463502,16,2.0,11544
79.5175379255234,14,15.0,-13045
79.51936527317395,13,20.0,-13050
79.53816081259966,17,30.0,-12844
79.55943538302309,13,2.0,-13058
79.56788711565547,13,19.0,-13065
79.5763395803304,14,1.0,-13043
79.58914050324678,16,9.0,7394
79.61724322359817,14,5.0,-13042
79.62726363412746,5,3.0,0
79.63047843764122,17,5.0,-9969
79.6501998651804,6,1.0,11925
79.65973363928659,15,1.0,-12993
79.665453625608,15,2.0,-12974
79.66819156148031,13,1.0,-13064
79.67600466754033,5,4.0,0
79.68128303001848,1,3.0,11931
79.70029896916057,7,3.0,11919
79.70541070225015,11,11.0,11917
79.70823484188145,17,1.0,-12894
79.72283642607171,6,2.0,11929
79.7294267462234,16,5.0,11808
79.7471331328197,17,2.0,-12818
79.75472414875586,16,12.0,11870
79.75612567287318,16,4.0,11271
79.77205492006489,17,6.0,-861
79.77787485609541,17,3.0,-12964
79.78175565236369,5,1.0,0
79.78450706421607,14,12.0,-13047
79.78466498470821,13,3.0,-13068
79.79298064983335,16,3.0,11024
79.79658496983919,17,1.0,-12744
79.8004208732598,13,5.0,-13061
79.80192000835976,16,34.0,11498
79.8020483088574,10,10.0,11928
79.80579795650554,15,4.0,-12985
79.80849249191267,15,2.0,-12981
79.80950746018047,15,1.0,-12980
79.82472214050827,13,2.0,-13063
79.82801151565738,15,3.0,-12994
79.8329425774844,13,3.0,-13046
79.83363081566694,5,1.0,0
79.83476592463239,13,1.0,-13059
79.84345295516862,7,6.0,11916
79.87109977780078,15,2.0,-12979
79.88599852475869,17,11.0,-8002
79.89656946648753,13,1.0,-13067
79.89769279692644,17,2.0,-12892
79.90176307163338,13,1.0,-13053
79.9168253354429,7,2.0,11923
79.92127791975972,14,1.0,-13041
79.92128081118098,5,1.0,0
79.92723448815558,17,1.0,-12743
79.92854302758802,5,2.0,0
79.93017477399296,5,2.0,0
79.93823925118858,15,4.0,-12989
79.94032670336416,13,4.0,-13044
79.94032670336416,17,4.0,-13044
79.96279746573687,15,2.0,-12986
79.96324864914396,14,3.0,-13069
79.97059238157613,7,5.0,11926
79.98333659777678,5,2.0,0
79.98771831293689,16,2.0,4711
79.99015170816035,3,15.0,11932
80.0034903535802,14,4.0,-13096
80.00724672607134,13,7.0,-13091
80.00871055438412,17,4.0,-9044
80.00902402339383,13,2.0,-13074
80.01481590032219,15,3.0,-13005
80.02043203203712,5,7.0,0
80.02811633242312,17,9.0,-11158
80.02846907660184,13,3.0,-13077
80.07087280523388,5,1.0,0
80.08358729444666,14,3.0,-13088
80.08918565012286,16,33.0,10665
80.09794459937667,6,3.0,11931
80.09853475666654,15,4.0,-12991
80.11139900329057,15,8.0,-13001
80.12378046717832,16,3.0,1240
80.14422763374762,5,4.0,0
80.15103563439509,13,1.0,-13073
80.15523022238636,16,2.0,11827
80.15849879166143,15,3.0,-12992
80.16146536643342,16,44.0,5547
80.16930873629853,15,6.0,-13023
80.16940456326542,16,24.0,232
80.17309724372113,13,34.0,-13092
80.17763406500612,17,2.0,-12041
80.1862093386939,5,4.0,0
80.19578894926605,17,1.0,-9731
80.20526412683752,15,3.0,-13015
80.25065926501864,15,1.0,-13014
80.26512168485269,14,1.0,-13086
80.29778315898949,15,2.0,-13020
80.29883711373243,5,1.0,0
80.31478540801642,13,1.0,-13072
80.34173735489469,13,2.0,-13075
80.3457001086741,15,1.0,-13003
80.34776085369565,17,4.0,-12796
80.35139511898821,5,1.0,0
80.37389502092952,5,15.0,0
80.40164487175468,14,2.0,-13080
80.40164487175468,17,2.0,-13080
80.43008986854157,15,6.0,-13006
80.4306396676303,16,5.0,4651
80.44001790665078,15,10.0,-12990
80.44530046459313,13,2.0,-13094
80.44870629981078,13,9.0,-13084
80.44990249838466,10,15.0,11932
80.45465300050219,16,2.0,10705
80.46114145900935,17,2.0,-12682
80.4782511109583,16,2.0,11562
80.48342944758076,14,2.0,-13097
80.48342944758076,17,2.0,-13097
80.48616875600344,13,1.0,-13089
80.49651251421459,14,1.0,-13078
80.50077073728438,17,2.0,-3681
80.50436223632053,5,3.0,0
80.50709885155152,13,11.0,-13071
80.50762538387491,15,1.0,-13002
80.53909440893594,11,1.0,11927
80.56237670212862,6,1.0,11930
80.56304453441655,15,7.0,-12997
80.56566002524723,16,8.0,11697
80.56968094600984,5,1.0,0
80.5720415901885,17,2.0,-12944
80.57671723923649,5,4.0,0
80.58348791146918,16,11.0,10724
80.60442646774825,13,49.0,-13081
80.60442646774825,17,49.0,-13081
80.60911318078068,17,10.0,-12728
80.61227051617318,15,2.0,-13017
80.61973259742103,17,6.0,-5704
80.62370628111564,15,1.0,-13004
80.63159886151641,5,28.0,0
80.64978546540046,5,3.0,0
80.65424098322566,5,2.0,0
80.66629155017655,16,8.0,9723
80.67003523920269,13,2.0,-13100
80.67389482263087,17,1.0,-12919
80.67677380734075,13,2.0,-13090
80.67718233445314,5,6.0,0
80.68695533168822,5,2.0,0
80.69608966423888,16,12.0,11159
80.70088447345825,1,4.0,11933
80.70506463735875,114,14.0,-13087
80.74196615858875,11,2.0,11914
80.75603505010977,15,1.0,-12998
80.75665453451195,16,5.0,11306
80.77832288340835,13,1.0,-13076
80.77832288340835,17,1.0,-13076
80.77961717541613,15,1.0,-12999
80.77961717541613,17,1.0,-12999
80.78350150594002,17,5.0,-12903
80.78450706421607,17,12.0,-13047
80.78633523212103,13,1.0,-13095
80.78684698106206,15,2.0,-13000
80.7884314646145,13,2.0,-13085
80.79277454929662,8,3.0,11931
80.82581364820982,13,8.0,-13083
80.82581364820982,17,8.0,-13083
80.84795640935836,13,1.0,-13098
80.85144589898492,7,8.0,11881
80.86016208299849,17,1.0,-12951
80.86776017471466,13,1.0,-13082
80.86783669698573,13,6.0,-13099
80.88313721652153,13,1.0,-13079
80.88924044105299,17,3.0,-12696
80.9059441321616,13,1.0,-13093
80.91747984335886,15,1.0,-12996
80.93942830213727,5,4.0,0
80.96359478602945,5,35.0,0
80.99595253983676,17,2.0,-8174
80.99698723283316,5,2.0,0
81.0061953047788,17,17.0,-12870
81.01059331804244,15,3.0,-13008
81.01750450126183,13,2.0,-13107
81.02843575914557,18,,0
81.02854237124859,101,7.0,11934
81.03151548255659,5,4.0,0
81.05783043528831,13,1.0,-13114
81.06467826552185,15,1.0,-13021
81.07293015825451,13,5.0,-13111
81.07483868697196,5,5.0,0
81.07735929938707,5,4.0,0
81.08581007871616,17,1.0,-12889
81.11091933764322,15,4.0,-13007
81.11317000148826,15,1.0,-13027
81.11350327051086,15,3.0,-13011
81.12438757677072,15,1.0,-13030
81.12658979137365,15,3.0,-13035
81.13716980943589,17,1.0,-12798
81.15577271170558,16,3.0,11508
81.15645151460964,15,1.0,-13013
81.1575289792956,14,6.0,-13118
81.16300318922256,16,3.0,7583
81.16835024296394,17,5.0,-12787
81.17786817893173,5,1.0,0
81.18349240513633,16,3.0,11759
81.19016766982656,16,8.0,11523
81.19470932126197,16,1.0,11586
81.19841525275606,16,6.0,4435
81.19905231636879,15,1.0,-13029
81.2059545352962,15,7.0,-13009
81.22597696595928,14,7.0,-13128
81.22822826836295,16,4.0,9362
81.23583688096387,5,3.0,0
81.23952209974283,16,1.0,11653
81.24257407560036,14,7.0,-13116
81.25255596388108,16,6.0,4005
81.2605253298144,5,3.0,0
81.26102622453554,5,1.0,0
81.26236183480839,15,4.0,-13010
81.26710959429863,14,1.0,-13126
81.27978982144671,13,1.0,-13115
81.28542272935161,16,3.0,10308
81.30063566975107,15,2.0,-13019
81.30922245166785,5,2.0,0
81.3235675228214,13,1.0,-13125
81.33879928338212,14,1.0,-13130
81.34592835755346,17,2.0,-11896
81.34990879193393,5,5.0,0
81.35288712698501,17,1.0,-2013
81.3590594255048,14,3.0,-13108
81.37373020437113,13,2.0,-13117
81.39960231574467,17,2.0,-1206
81.40349299195114,8,2.0,11929
81.41296406367667,5,3.0,0
81.4311616548298,16,3.0,11674
81.43453522948832,17,1.0,-8818
81.43650730028025,5,7.0,0
81.44199949828709,14,4.0,-13119
81.44777151696877,5,1.0,0
81.45966491602927,13,6.0,-13105
81.48183607993646,15,3.0,-13016
81.48365686005094,14,2.0,-13102
81.48405081308258,5,2.0,0
81.48659772501345,14,1.0,-13120
81.49493952353238,15,3.0,-13018
81.49493952353238,17,3.0,-13018
81.49762228097858,14,4.0,-13113
81.51176478960944,14,3.0,-13104
81.5163942060747,17,1.0,-399
81.51672358137075,16,24.0,8665
81.52039211380608,5,1.0,0
81.52476118233514,17,1.0,-12539
81.53984894520255,5,2.0,0
81.542029668944,9,1.0,11922
81.54937902637054,13,2.0,-13129
81.57072513543606,8,1.0,11925
81.57171574113745,15,1.0,-13026
81.57573454137062,14,13.0,-13106
81.58381189505145,16,11.0,11541
81.58648315405006,16,45.0,1193
81.58715730401397,15,1.0,-13039
81.59932488059252,17,3.0,-6061
81.61108523440933,5,1.0,0
81.62206065076293,5,1.0,0
81.6743747117573,15,20.0,-13012
81.74243793603097,14,4.0,-13127
81.75454289071271,17,2.0,-11502
81.75802166845087,5,1.0,0
81.76083244404438,14,2.0,-13121
81.76083244404438,17,2.0,-13121
81.79826410956304,16,2.0,11224
81.80093370281543,5,1.0,0
81.80547770412858,13,2.0,-13122
81.81197163617833,17,1.0,-11997
81.82198554161198,11,15.0,11932
81.82633554125184,13,15.0,-13101
81.82685954520451,17,1.0,-6058
81.84654083511408,14,3.0,-13124
81.84654083511408,17,3.0,-13124
81.86034759565425,5,4.0,0
81.8645751157873,15,1.0,-13022
81.86538095064145,13,9.0,-13110
81.86813568986192,15,2.0,-13032
81.88351773348761,5,1.0,0
81.9059441321616,17,1.0,-13093
81.9059992086433,16,12.0,11465
81.91019872035174,14,9.0,-13123
81.91838345252822,13,1.0,-13112
81.9200357111404,17,3.0,-3522
81.92414120689688,17,8.0,-10740
81.92922186606742,14,2.0,-13109
81.97027820135901,16,49.0,11849
81.97567435928218,13,2.0,-13103
81.97567435928218,17,2.0,-13103
81.99244385098794,17,8.0,-9479
82.00000561757132,15,3.0,-13057
82.00950503361715,13,2.0,-13132
82.01517982149429,15,13.0,-13031
82.01575880857439,15,7.0,-13036
82.02958891089646,9,3.0,11931
82.03128330844619,13,1.0,-13157
82.04344165632294,17,6.0,-12907
82.05599282949994,16,49.0,11709
82.05633580330506,13,4.0,-13142
82.09236932740329,5,4.0,0
82.0969682206411,15,1.0,-13054
82.0969682206411,17,1.0,-13054
82.11946488570678,16,2.0,2834
82.14821090674305,5,1.0,0
82.15269588847454,13,2.0,-13135
82.16042228340801,5,1.0,0
82.16181340807482,14,2.0,-13155
82.17563947392158,113,56.0,-13145
82.18694825552244,15,1.0,-13033
82.20384990864318,13,1.0,-13152
82.21255206718456,17,2.0,-12207
82.21257918171204,5,2.0,0
82.23840100974748,15,3.0,-13049
82.25109684189604,14,2.0,-13148
82.25628801928683,15,3.0,-13052
82.26086369067814,17,2.0,-12721
82.30761246959489,15,3.0,-13038
82.3105594694681,13,1.0,-13136
82.31082108830586,5,38.0,0
82.3233788000688,5,1.0,0
82.32440304075908,16,11.0,11453
82.34894275035123,4,9.0,11935
82.34956850589676,14,1.0,-13160
82.35140490958946,13,17.0,-13151
82.3712949253532,15,2.0,-13056
82.37537637008984,17,5.0,-868
82.40928690254155,17,3.0,-11684
82.41262585304045,15,1.0,-13066
82.41466843236705,14,2.0,-13134
82.41466843236705,17,2.0,-13134
82.4178453548327,5,1.0,0
82.43837526915961,5,8.0,0
82.4479970511718,16,58.0,730
82.48685487306078,17,1.0,-12507
82.49455935364973,8,7.0,11934
82.50112164900423,17,8.0,-7563
82.50338488203118,13,37.0,-13138
82.52843091539755,17,1.0,-12913
82.53278100122132,16,1.0,11878
82.5353084026804,15,1.0,-13055
82.55836885497627,10,9.0,11935
82.5665683111504,16,1.0,11774
82.57267183229153,15,6.0,-13024
82.5857961910679,15,5.0,-13070
82.58717520556652,14,1.0,-13147
82.60767318610932,17,2.0,-12791
82.61783192218718,16,2.0,11561
82.6225376744051,13,2.0,-13154
82.62375070618218,17,2.0,-12741
82.62382858956408,14,2.0,-13150
82.62764982581375,17,4.0,-12940
82.62978147442047,15,3.0,-13034
82.6303063293322,13,1.0,-13146
82.63473105122324,5,1.0,0
82.64356655256636,13,1.0,-13133
82.64699776891783,11,10.0,11928
82.65629284732229,16,2.0,2092
82.67753807215854,5,2.0,0
82.68149043500091,14,7.0,-13153
82.69423375574831,15,2.0,-13062
82.69627290682385,15,19.0,-13060
82.70690255785335,13,1.0,-13156
82.7091698816175,13,1.0,-13159
82.71543092349661,114,14.0,-13149
82.72955951263114,13,11.0,-13141
82.72955951263114,17,11.0,-13141
82.7498836425905,5,2.0,0
82.75105817562108,14,4.0,-13143
82.75105817562108,17,4.0,-13143
82.78263775918562,17,1.0,-12930
82.78684698106206,17,2.0,-13000
82.78841943533634,5,4.0,0
82.79023205449357,13,5.0,-13139
82.80406941941087,17,5.0,-10882
82.80625301775159,13,1.0,-13158
82.80697835641205,5,4.0,0
82.81084959987544,13,9.0,-13131
82.81710629913695,17,1.0,-8167
82.81732774675852,17,1.0,-12896
82.81910772293197,16,5.0,2924
82.82144867256619,5,2.0,0
82.82744509302547,14,8.0,-13137
82.83039517367818,15,4.0,-13025
82.84694767758768,17,2.0,-12472
82.85594793365942,16,12.0,1584
82.87664022440923,9,7.0,11934
82.8835605368509,16,4.0,10791
82.88997800982615,16,1.0,11813
82.89649119613563,13,2.0,-13144
82.89649119613563,17,2.0,-13144
82.89831664414581,15,5.0,-13040
82.90478493995128,16,2.0,11777
82.9063258739259,17,7.0,-6128
82.90652551550126,15,5.0,-13037
82.90854891125038,9,1.0,11925
82.91508577252304,5,4.0,0
82.91893219603936,5,4.0,0
82.94390808926045,14,3.0,-13140
82.95155756088008,5,1.0,0
82.96127875205428,16,6.0,4766
82.97905293224004,5,1.0,0
82.97983866373714,5,3.0,0
83.03436441507321,16,2.0,11650
83.05117377853507,16,13.0,1891
83.08906863396771,17,3.0,-12751
83.09345321595033,17,1.0,-12886
83.13509572584596,15,19.0,-13065
83.16615050687454,5,2.0,0
83.18383547106369,15,20.0,-13050
83.19906460902524,13,2.0,-13161
83.21286726182166,4,2.0,11936
83.2292642109118,16,1.0,11399
83.23063221031911,114,38.0,-13170
83.26236183480839,17,4.0,-13010
83.27010293476259,15,1.0,-13043
83.27146017738156,13,1.0,-13171
83.30955764550944,5,1.0,0
83.33358970346099,15,2.0,-13058
83.3345086207928,17,2.0,-12218
83.33840965603865,5,8.0,0
83.35704892351353,15,1.0,-13051
83.36108641571997,17,1.0,-12154
83.36636523104626,5,1.0,0
83.38222398622403,17,2.0,-367
83.39300793318516,5,3.0,0
83.40595277484461,5,1.0,0
83.41921599602102,16,31.0,5510
83.42509775023699,16,1.0,6225
83.43111177034257,17,12.0,-7887
83.43820256203423,6,4.0,11933
83.44530046459313,17,2.0,-13094
83.47834391724719,13,3.0,-13164
83.47834391724719,17,3.0,-13164
83.49841701161367,13,1.0,-13165
83.52131326735507,13,2.0,-13162
83.52841311079764,13,8.0,-13168
83.52852704330734,5,6.0,0
83.54337413269452,15,1.0,-13048
83.54587872769261,13,1.0,-13173
83.56956907703638,5,5.0,0
83.56974672721803,7,1.0,11930
83.56974672721803,16,1.0,11930
83.57220956686774,17,2.0,-840
83.57819112060218,17,1.0,-11244
83.59438170139785,5,3.0,0
83.60575584875605,15,15.0,-13045
83.6082034773547,5,15.0,0
83.60918736975472,13,1.0,-13172
83.61079959865012,17,1.0,-12847
83.62619668870957,5,4.0,0
83.63628849859424,16,1.0,10398
83.67078224095327,15,5.0,-13042
83.68198565829559,16,3.0,11202
83.69457885929067,5,4.0,0
83.70384067369025,5,1.0,0
83.70677835906973,5,4.0,0
83.70801471537837,17,1.0,-7835
83.7204815174078,11,9.0,11935
83.73477602694048,16,2.0,11893
83.7646857533002,17,1.0,-10502
83.76478374121994,13,3.0,-13169
83.78292078788729,5,4.0,0
83.7884314646145,17,2.0,-13085
83.7906413754793,9,2.0,11929
83.80579795650554,17,4.0,-12985
83.81002502975701,5,3.0,0
83.8128053239423,17,3.0,-12859
83.8192865684813,14,1.0,-13167
83.8192865684813,17,1.0,-13167
83.82198554161198,16,15.0,11932
83.83014174538611,13,1.0,-13174
83.83014174538611,17,1.0,-13174
83.83123079979102,13,1.0,-13166
83.85544286761312,16,28.0,9251
83.86324549616799,5,7.0,0
83.88358396989088,16,57.0,304
83.88746312482601,113,41.0,-13163
83.8985179794074,17,2.0,-12856
83.91838345252822,17,1.0,-13112
83.92818649157023,16,2.0,7208
83.94466953568622,17,1.0,-12737
83.96108451409789,17,1.0,-12817
83.97059238157613,16,5.0,11926
84.00139260589302,16,7.0,1990
84.04463929633913,5,2.0,0
84.0452540293857,16,2.0,11073
84.0493605765345,15,1.0,-13086
84.07360102085721,15,3.0,-13088
84.07464326788131,15,3.0,-13077
84.08512845165455,17,3.0,-12832
84.0971356445864,5,44.0,0
84.10385177483828,5,3.0,0
84.12360191422754,13,15.0,-13186
84.1483173133976,14,2.0,-13185
84.19403223282623,16,5.0,10558
84.20652788512118,15,34.0,-13092
84.21350128819458,13,1.0,-13180
84.21350128819458,17,1.0,-13180
84.22034013739209,16,11.0,11741
84.25357118575997,16,2.0,11630
84.2625658315442,10,2.0,11936
84.26568991809933,14,1.0,-13184
84.27740852380992,13,1.0,-13183
84.28524782704213,16,3.0,3808
84.3070531059277,16,3.0,6204
84.31749415431402,17,22.0,-5079
84.40258114792982,14,2.0,-13187
84.40651250156887,17,4.0,-9603
84.40974528933347,16,3.0,11668
84.4231048329622,16,6.0,3972
84.42951452759408,5,18.0,0
84.438874070606,5,1.0,0
84.44483828966773,5,3.0,0
84.45249841958481,15,2.0,-13074
84.45554759871187,14,4.0,-13175
84.47218708678133,15,7.0,-13091
84.48268832775842,16,3.0,11481
84.48986545812213,16,13.0,5047
84.49762228097858,17,4.0,-13113
84.53045202385458,16,39.0,1845
84.53082643245291,13,2.0,-13188
84.53681768110498,13,10.0,-13181
84.5497056469844,5,2.0,0
84.56285945423615,14,5.0,-13178
84.57406515044411,17,2.0,-12927
84.62680008153922,5,5.0,0
84.64452106545177,16,3.0,11437
84.64611018289983,17,2.0,-8631
84.64661396734289,17,1.0,-5530
84.65292612097261,14,5.0,-13177
84.65292612097261,17,5.0,-13177
84.67410821246793,13,3.0,-13179
84.67677380734075,17,2.0,-13090
84.69079612174097,17,1.0,-4967
84.69813391412121,16,10.0,8285
84.70481509421168,5,4.0,0
84.70689519737442,16,7.0,4686
84.71035875824728,17,1.0,-12653
84.72121352955382,5,1.0,0
84.7226750538156,5,4.0,0
84.72320737731572,17,2.0,-12963
84.73273227760322,5,2.0,0
84.74842197536061,16,2.0,4785
84.78286286004702,15,1.0,-13073
84.79136865951614,13,2.0,-13182
84.79580951423634,5,15.0,0
84.8012627132237,5,2.0,0
84.80197914500445,17,2.0,-6896
84.80625301775159,17,1.0,-13158
84.83476592463239,17,1.0,-13059
84.83555965574543,5,4.0,0
84.84081114277336,5,9.0,0
84.85742883659339,17,1.0,-11343
84.86769317944623,5,4.0,0
84.86925336641029,17,1.0,-1082
84.89451910676709,17,1.0,-10346
84.89621136182271,16,3.0,8282
84.90555434433787,17,1.0,-12915
84.92127791975972,17,1.0,-13041
84.92900748471541,15,4.0,-13096
84.95910904835148,17,10.0,-12730
84.96089652983869,16,9.0,11260
84.96958490115367,16,10.0,11918
84.97530918785316,17,4.0,-9023
84.97847547046425,13,1.0,-13176
84.98434972708614,5,3.0,0
85.03147518045978,5,1.0,0
85.0433994940313,15,7.0,-13128
85.0568619429601,5,6.0,0
85.07138666977603,15,7.0,-13116
85.11480272711523,113,34.0,-13193
85.1494345463904,14,4.0,-13191
85.15929989022167,15,1.0,-13126
85.1655099236276,17,2.0,-11651
85.21935863616096,16,4.0,9822
85.22535432926516,15,2.0,-13107
85.2469886688394,5,4.0,0
85.24734476382089,15,1.0,-13115
85.27146017738156,17,1.0,-13171
85.28629540026,16,2.0,7329
85.32990174781548,5,2.0,0
85.34570360315385,14,1.0,-13197
85.34570360315385,17,1.0,-13197
85.35286146603868,13,6.0,-13201
85.3576964822229,17,1.0,-12954
85.37158245487126,5,3.0,0
85.37278741710809,16,4.0,9099
85.37882319279636,17,1.0,-12281
85.39819596910993,5,2.0,0
85.40332572420058,5,2.0,0
85.41071437613483,17,3.0,-12706
85.42404648797134,5,1.0,0
85.43190085771718,14,5.0,-13200
85.43891322659776,13,5.0,-13192
85.44231442634387,5,2.0,0
85.48936762015788,17,1.0,-5854
85.52405376126579,17,1.0,-12831
85.53157188052367,15,1.0,-13114
85.54153201068041,13,1.0,-13202
85.54153201068041,17,1.0,-13202
85.54624590425324,13,2.0,-13194
85.54624590425324,17,2.0,-13194
85.54937902637054,17,2.0,-13129
85.5542688620604,17,1.0,-12740
85.56042751961382,5,3.0,0
85.56316121597222,13,2.0,-13199
85.56316121597222,17,2.0,-13199
85.58580412397167,16,2.0,11489
85.59213036371631,5,3.0,0
85.61797351556781,5,3.0,0
85.65523433322605,5,3.0,0
85.69620751680198,5,1.0,0
85.70906842330388,16,5.0,11802
85.74789161038397,15,5.0,-13111
85.75080590253758,17,1.0,-3028
85.75255285983786,5,2.0,0
85.76384298965874,17,4.0,-2280
85.78444055713678,17,1.0,-12801
85.78723785689512,16,1.0,11519
85.78763530190642,16,5.0,10980
85.79412326659622,14,2.0,-13198
85.80215679936025,13,5.0,-13196
85.8253776536171,13,6.0,-13190
85.85586214052763,17,3.0,-12962
85.86204798804116,5,3.0,0
85.89067443989804,16,6.0,6495
85.90247601443087,17,4.0,-12906
85.91156886391835,17,4.0,-10289
85.9254250158733,13,2.0,-13189
85.9254250158733,17,2.0,-13189
85.93593703662125,17,3.0,-5341
85.93982442677338,17,1.0,-6417
85.96238039676598,5,1.0,0
85.96279746573687,17,2.0,-12986
85.97734826606394,13,7.0,-13195
85.99089622010696,15,6.0,-13118
85.99827144587222,5,3.0,0
86.0305947590509,13,2.0,-13208
86.03785941449708,15,2.0,-13135
86.09266111255785,13,1.0,-13216
86.11227274157739,17,1.0,-12674
86.12041250288115,15,1.0,-13136
86.13077385898325,5,6.0,0
86.13258202524239,17,2.0,-1396
86.18094459079249,15,2.0,-13148
86.18463024849305,13,1.0,-13213
86.18725082738254,5,2.0,0
86.21180707828655,7,4.0,11933
86.22246911111164,13,3.0,-13206
86.22891821660907,13,1.0,-13215
86.23919165164162,17,1.0,-3575
86.24202474140357,13,1.0,-13205
86.26554587262227,13,1.0,-13209
86.28838080034294,15,2.0,-13155
86.29527670631325,5,2.0,0
86.30418845677565,13,2.0,-13210
86.30617905352341,16,5.0,11899
86.31132822525771,17,1.0,-2745
86.33839332136037,17,5.0,-3809
86.37373020437113,17,2.0,-13117
86.40157624536998,5,2.0,0
86.41198374568268,17,1.0,-6736
86.4263776219768,17,3.0,-10513
86.42811348212047,17,6.0,-5573
86.45151483145665,16,2.0,11671
86.46151585796736,113,60.0,-13211
86.47030802517513,5,2.0,0
86.48825971451205,16,2.0,10880
86.518892294903,15,2.0,-13132
86.53818204005907,16,23.0,11206
86.54204570164524,17,2.0,-12625
86.54357907742634,17,1.0,-11514
86.55510865767421,17,1.0,-12764
86.55704734827383,16,8.0,11795
86.56102260700814,13,6.0,-13212
86.56102260700814,17,6.0,-13212
86.56738071544196,5,1.0,0
86.56770897496781,16,2.0,11757
86.5706397571746,5,1.0,0
86.57573454137062,17,13.0,-13106
86.64369611357989,15,1.0,-13157
86.64978969614899,11,2.0,11936
86.66713045506123,13,10.0,-13207
86.67003523920269,17,2.0,-13100
86.67497887928319,17,4.0,-12880
86.67748025898592,5,4.0,0
86.690755572959,5,3.0,0
86.71536869764785,17,1.0,-7152
86.74319919548674,15,1.0,-13152
86.76122616984293,16,5.0,11855
86.7838885531261,5,3.0,0
86.78652617783608,16,25.0,10620
86.78672150751812,17,2.0,-12843
86.81084959987544,17,9.0,-13131
86.83032568081856,5,8.0,0
86.84967255687584,16,1.0,6823
86.88141048182896,5,17.0,0
86.88354835960028,15,4.0,-13142
86.8993440932162,13,2.0,-13204
86.8993440932162,17,2.0,-13204
86.93821257704145,13,15.0,-13214
86.94123429834299,17,2.0,-11323
86.97673971406567,13,3.0,-13203
86.99319180965213,17,1.0,-8394
87.0082058144231,17,3.0,-12608
87.01687206683118,17,3.0,-11486
87.09283301001315,16,10.0,3038
87.10837323078046,5,3.0,0
87.11126654138346,16,7.0,3494
87.12714557493683,16,1.0,11457
87.14399325276193,17,2.0,-9924
87.1693442113082,5,9.0,0
87.1716103881112,16,34.0,11622
87.18423722181103,5,9.0,0
87.19906460902524,17,2.0,-13161
87.22953648744661,5,8.0,0
87.25405674000957,5,6.0,0
87.25877875138171,5,2.0,0
87.28229108815903,5,8.0,0
87.3157338813227,5,7.0,0
87.44556918675143,17,7.0,-5281
87.46115561093042,5,4.0,0
87.46827639299752,16,2.0,10097
87.49690430637428,16,59.0,11882
87.50099434843642,5,1.0,0
87.52573935497135,5,3.0,0
87.53909440893594,16,1.0,11927
87.5413062120433,16,2.0,1128
87.57234358684018,5,10.0,0
87.60830094746646,5,5.0,0
87.62978147442047,17,3.0,-13034
87.66894197004575,17,1.0,-12678
87.72470548397297,17,3.0,-4159
87.72948569823613,5,2.0,0
87.8329425774844,17,3.0,-13046
87.87288955952417,5,5.0,0
87.87862518709609,5,1.0,0
87.88149296025972,17,4.0,-8339
87.88344054232181,17,2.0,-740
87.89178034021211,5,10.0,0
87.93280736015555,17,6.0,-8418
87.97079086073718,17,3.0,-11500
87.99327076308391,17,1.0,-163
88.0068540042495,16,2.0,10038
88.01890686655409,5,4.0,0
88.11091933764322,17,4.0,-13007
88.12809697510055,5,2.0,0
88.13509572584596,17,19.0,-13065
88.14063921469545,16,7.0,5061
88.14272227903642,5,3.0,0
88.14980241408344,17,14.0,-12873
88.16517146528066,16,1.0,5749
88.16720366025072,17,1.0,-11748
88.26554587262227,17,1.0,-13209
88.26844857081974,17,1.0,-4914
88.29061857922278,17,1.0,-12378
88.30709098519542,17,1.0,-12984
88.34193591304236,5,4.0,0
88.378731321737,5,4.0,0
88.41986380303338,5,2.0,0
88.42971040755624,16,3.0,9593
88.44816453725565,17,2.0,-12822
88.48809826180631,16,3.0,9045
88.51175102160886,16,6.0,10435
88.51982473494914,17,1.0,-12921
88.53814397959705,5,2.0,0
88.58775898655037,17,2.0,-4289
88.606028375876,17,1.0,-12835
88.61036675065121,5,1.0,0
88.61041423156841,5,1.0,0
88.61402815906165,17,2.0,-5252
88.61436221293545,5,3.0,0
88.62382858956408,17,2.0,-13150
88.67410821246793,17,3.0,-13179
88.67680458847559,16,1.0,4266
88.72150338543254,17,6.0,-928
88.74820658129185,5,2.0,0
88.76162768071434,5,2.0,0
88.80547770412858,17,2.0,-13122
88.81659103862303,16,38.0,2427
88.82973953214496,16,8.0,8850
88.84345295516862,16,6.0,11916
88.87680224066652,16,6.0,11714
88.920210513385,16,25.0,6475
88.93133076726765,5,4.0,0
88.93262340488944,5,9.0,0
88.96663336054068,17,1.0,-8428
89.01481590032219,17,3.0,-13005
89.11700260669946,16,15.0,5459
89.13150709592024,16,1.0,7451
89.14281604590852,5,8.0,0
89.14596778652195,5,1.0,0
89.16696772166799,16,6.0,11887
89.22013516903746,17,1.0,-12846
89.24920799357587,16,2.0,11651
89.25628801928683,17,3.0,-13052
89.30233272908148,16,4.0,11836
89.34453676218712,16,33.0,11348
89.34719526254219,5,9.0,0
89.34899988853027,16,12.0,2866
89.40771826051346,17,7.0,-10874
89.4347037025486,16,47.0,2893
89.44157937819587,16,1.0,1091
89.50223657195639,17,4.0,-2108
89.55290541694966,17,1.0,-7562
89.57988038905123,17,4.0,-11129
89.59739494993647,17,1.0,-10394
89.683309348237,17,1.0,-4773
89.69756914428379,5,2.0,0
89.70625538042691,5,1.0,0
89.74487095509681,17,2.0,-12947
89.77048660796326,16,1.0,11121
89.79821178998121,5,3.0,0
89.8029933580526,5,2.0,0
89.85617977393045,5,1.0,0
89.87728225794474,5,2.0,0
89.98189967028587,17,2.0,-6216
90.02325634741794,5,3.0,0
90.02948697646141,18,,0
90.02965928996585,101,11.0,11937
90.03341999015005,16,1.0,10960
90.04845043238646,5,3.0,0
90.05407027398233,17,2.0,-9764
90.06533957639007,17,4.0,-9549
90.11350327051086,17,3.0,-13011
90.1231471732747,5,2.0,0
90.17100329207153,16,5.0,11875
90.17563683510558,5,5.0,0
90.1779684463877,16,13.0,2751
90.18491126834839,5,1.0,0
90.25874318038404,16,1.0,6850
90.28683018417198,16,4.0,3725
90.30418845677565,17,2.0,-13210
90.31755491521693,5,3.0,0
90.31767791225775,16,5.0,3430
90.34413689993855,16,4.0,1328
90.35140490958946,17,17.0,-13151
90.35286146603868,17,6.0,-13201
90.36743628648873,5,3.0,0
90.36792705843646,5,3.0,0
90.45394197088112,5,5.0,0
90.51748123741558,17,9.0,-12651
90.52513173355672,17,2.0,-12863
90.53681768110498,17,10.0,-13181
90.57455644484243,17,2.0,-2427
90.60202597827029,17,2.0,-10884
90.61215817818484,5,1.0,0
90.6303063293322,17,1.0,-13146
90.71237932560803,17,1.0,-4423
90.72364090766783,16,6.0,11837
90.72768126322326,5,7.0,0
90.73217449324432,16,18.0,1662
90.73639529947746,17,2.0,-8517
90.76320477854823,5,3.0,0
90.76478374121994,17,3.0,-13169
90.83449791171903,16,5.0,3356
90.85287113187229,5,1.0,0
90.85553394051057,17,2.0,-8156
90.91771587581286,16,3.0,2803
90.91914987035429,17,2.0,-2510
90.9224534149568,17,1.0,-12711
90.94390808926045,17,3.0,-13140
90.94992503827882,16,2.0,286
90.99296569523666,5,10.0,0
91.00521299089372,5,9.0,0
91.03417739318887,5,3.0,0
91.07360102085721,17,3.0,-13088
91.09266111255785,17,1.0,-13216
91.1494345463904,17,4.0,-13191
91.23322124371134,16,9.0,3142
91.27215301527302,16,2.0,1418
91.28942167582125,16,4.0,3696
91.29288201298472,16,5.0,7828
91.31917515936816,8,11.0,11937
91.33742999367034,5,2.0,0
91.35069935417927,17,4.0,-984
91.3590594255048,17,3.0,-13108
91.35925965497927,17,3.0,-12952
91.37444063274928,5,1.0,0
91.45311119091492,5,1.0,0
91.47753028969375,5,2.0,0
91.49525008347402,5,3.0,0
91.49651251421459,17,1.0,-13078
91.50126889604694,5,1.0,0
91.50689384864101,5,1.0,0
91.5178306551266,16,6.0,11430
91.5483710886669,5,13.0,0
91.61933115824299,5,1.0,0
91.63516859040578,17,3.0,-12598
91.65126331291081,5,6.0,0
91.65630263016934,16,4.0,8705
91.67966966202653,5,1.0,0
91.71164655579452,17,2.0,-12731
91.72038392243783,5,3.0,0
91.74196615858875,16,2.0,11914
91.76857917313643,17,5.0,-4974
91.77996778405426,17,4.0,-4050
91.79038838562113,16,4.0,11869
91.7918432499535,17,2.0,-4035
91.79651189375751,5,3.0,0
91.8509232874731,16,21.0,11852
91.86783669698573,17,6.0,-13099
91.88313721652153,17,1.0,-13079
91.91019872035174,17,9.0,-13123
91.92922186606742,17,2.0,-13109
91.93753902935178,5,6.0,0
91.9613502794085,17,10.0,-4414
91.99062841669456,5,1.0,0
92.01771430613792,18,,0
92.0178179049382,101,4.0,11938
92.0433994940313,17,7.0,-13128
92.07097776321923,16,28.0,11804
92.07515557521175,16,4.0,11761
92.09870212055324,17,1.0,-8826
92.15531988003993,16,2.0,6263
92.23466764855682,5,1.0,0
92.23803395136188,5,4.0,0
92.25590470639703,5,19.0,0
92.25630098185918,9,11.0,11937
92.26568991809933,17,1.0,-13184
92.2890720237993,8,4.0,11938
92.33323777764906,17,1.0,-5336
92.38359063074424,17,1.0,-5570
92.39203746098002,5,4.0,0
92.4085972573145,16,4.0,11575
92.44627667952365,5,2.0,0
92.45082484904592,5,7.0,0
92.51802806972105,17,2.0,-12187
92.59719701613895,16,6.0,1889
92.62770080384293,16,4.0,10833
92.64356655256636,17,1.0,-13133
92.66713045506123,17,10.0,-13207
92.66819156148031,17,1.0,-13064
92.71468134297038,16,4.0,11924
92.73648763732618,17,1.0,-8111
92.75603505010977,17,1.0,-12998
92.78596636236756,16,3.0,2795
92.79023205449357,17,5.0,-13139
92.79100036578407,16,7.0,8827
92.79136865951614,17,2.0,-13182
92.82744509302547,17,8.0,-13137
92.84795640935836,17,1.0,-13098
92.8661751184678,5,2.0,0
92.86776017471466,17,1.0,-13082
92.86868112063573,17,1.0,-4532
92.89656946648753,17,1.0,-13067
92.91747726125318,17,1.0,-12961
92.94414363237222,5,6.0,0
92.9689689507616,17,4.0,-8171
92.98025693062631,5,4.0,0
92.98446527440927,5,6.0,0
93.03407221554913,18,,0
93.03408339671822,104,2.0,11939
93.09766021801383,16,52.0,1477
93.13990990417591,17,1.0,-12983
93.14698765812905,16,2.0,10443
93.20160147915496,5,1.0,0
93.22694268796747,5,7.0,0
93.22891821660907,17,1.0,-13215
93.2561999044347,16,3.0,4750
93.26086005572263,17,4.0,-12793
93.26387476272973,5,1.0,0
93.29994230146428,9,4.0,11938
93.33358970346099,17,2.0,-13058
93.34675774536043,16,2.0,1273
93.35753310069362,16,3.0,7745
93.37567180301801,5,6.0,0
93.43891322659776,17,5.0,-13192
93.45785837666581,5,1.0,0
93.47048516885086,5,7.0,0
93.50429588043534,5,1.0,0
93.50801976422439,5,7.0,0
93.57125752948144,5,3.0,0
93.63501005168787,16,44.0,2055
93.68525956211053,16,3.0,7242
93.69319625042384,5,3.0,0
93.69325965450022,5,20.0,0
93.74243793603097,17,4.0,-13127
93.74458550813927,12,2.0,11939
93.75227819783171,5,1.0,0
93.75859972605146,5,1.0,0
93.77765000263044,5,1.0,0
93.880614172705,5,1.0,0
93.88817520625038,16,2.0,5011
93.91815663761608,5,3.0,0
93.92012588121577,16,18.0,10945
93.9221391182535,5,10.0,0
93.93821257704145,17,15.0,-13214
93.9884489318221,17,1.0,-4119
93.99849441786571,17,3.0,-8407
94.0105138780863,16,3.0,8682
94.05767926120232,16,5.0,7964
94.069187157629,17,5.0,-12811
94.12104101456403,5,5.0,0
94.14998216275454,16,2.0,11090
94.15801888133393,17,2.0,-12227
94.17335002471779,16,8.0,11426
94.19811571866752,5,11.0,0
94.22723457004594,17,3.0,-1389
94.23199290462824,16,3.0,11104
94.25875063434943,17,44.0,-7711
94.26016271448778,5,8.0,0
94.27686578646006,16,6.0,4394
94.31253278656585,5,1.0,0
94.3235675228214,17,1.0,-13125
94.32589071779492,5,2.0,0
94.37299575883952,17,6.0,-12876
94.37488332215482,16,5.0,411
94.37772614486616,17,2.0,-3377
94.39529005692476,5,5.0,0
94.40258114792982,17,2.0,-13187
94.42341016552218,5,9.0,0
94.50219921966722,16,5.0,3270
94.52087473064977,5,5.0,0
94.54587872769261,17,1.0,-13173
94.547170770472,5,3.0,0
94.54936384415879,5,1.0,0
94.57833617406881,16,4.0,11512
94.62828058471048,5,1.0,0
94.67065963958406,5,3.0,0
94.68149043500091,17,7.0,-13153
94.71648180954682,17,1.0,-7928
94.72728937683644,17,4.0,-3591
94.77293906091927,16,5.0,10763
94.78535279021128,17,5.0,-8319
94.80490478868003,17,1.0,-7846
94.8499512535195,5,3.0,0
94.90176307163338,17,1.0,-13053
94.91153314606551,17,7.0,-8711
94.9735290891028,16,46.0,738
94.98401287660354,5,15.0,0
94.99846000712098,16,2.0,11067
95.00599047022595,18,,0
95.00602910322317,104,2.0,11940
95.0165389646736,12,2.0,11940
95.02870971450811,16,2.0,6479
95.07187484928166,17,1.0,-9649
95.11139900329057,17,8.0,-13001
95.1283837894363,17,5.0,-11850
95.14770973020813,17,1.0,-12166
95.19992306094105,5,4.0,0
95.22392670631065,5,3.0,0
95.26927877871034,16,3.0,33
95.28203849936607,17,2.0,-3651
95.35243407722159,17,4.0,-1843
95.3891991893383,17,6.0,-6081
95.40894548799629,16,9.0,4195
95.49675271121748,17,7.0,-12270
95.5241569960777,5,1.0,0
95.55726452132768,16,3.0,11462
95.62032875519535,5,4.0,0
95.63787660747137,9,2.0,11939
95.70444657656985,5,4.0,0
95.7503711796974,16,10.0,2022
95.77842544167855,5,4.0,0
95.80097518771883,17,1.0,-8422
95.80500763787069,16,32.0,1236
95.88192618564187,17,1.0,-2327
95.91667258667033,16,26.0,2338
95.92926859569229,5,4.0,0
95.96842410229227,5,1.0,0
95.99323832240299,5,3.0,0
96.01935621142131,17,1.0,-12929
96.02661837419906,5,2.0,0
96.03769648527339,16,2.0,3339
96.11773717164397,17,3.0,-12908
96.15476719678745,17,1.0,-8006
96.23896031252576,17,1.0,-12942
96.2791545109689,5,3.0,0
96.32774097333261,5,5.0,0
96.3712949253532,17,2.0,-13056
96.3849621810812,16,3.0,11600
96.44358940280827,17,4.0,-12891
96.44941208497778,17,2.0,-11976
96.45926465646305,5,4.0,0
96.48365686005094,17,2.0,-13102
96.518892294903,17,2.0,-13132
96.55822967799148,16,20.0,3224
96.56036951485967,5,1.0,0
96.60575584875605,17,15.0,-13045
96.66908327843774,9,2.0,11940
96.6743747117573,17,20.0,-13012
96.68167029811721,16,8.0,6730
96.73887299771886,5,1.0,0
96.7616479877055,5,19.0,0
96.80290387456606,17,1.0,-11754
96.8253776536171,17,6.0,-13190
96.83123079979102,17,1.0,-13166
96.86560177316886,16,42.0,860
96.88246601364155,16,3.0,3099
96.88387430422405,5,3.0,0
96.89498583357091,5,6.0,0
96.90652551550126,17,5.0,-13037
96.921398626051,5,3.0,0
96.97561784897741,16,3.0,6625
96.97673971406567,17,3.0,-13203
96.98224028090996,17,2.0,-7779
97.00138805545687,16,2.0,4154
97.00553715928136,5,3.0,0
97.00831048094426,16,2.0,10292
97.01891668236884,17,1.0,-9978
97.0305947590509,17,2.0,-13208
97.04505962534056,16,3.0,9501
97.07576688661774,16,4.0,2887
97.10687425079848,16,5.0,11315
97.14354497916057,5,2.0,0
97.15197528632618,16,33.0,819
97.18694825552244,17,1.0,-13033
97.20126562376821,5,12.0,0
97.23937793105844,5,4.0,0
97.24594898619158,16,48.0,2633
97.26587089030282,5,2.0,0
97.31702328718927,5,3.0,0
97.38569816343895,16,4.0,1684
97.39531235356812,5,2.0,0
97.42627143327924,5,1.0,0
97.4326462800818,17,1.0,-10617
97.46473205175906,16,2.0,7105
97.49363019447071,16,9.0,7529
97.53082643245291,17,2.0,-13188
97.57022773289263,17,3.0,-8576
97.60420907655725,5,1.0,0
97.72432448311788,17,2.0,-194
97.73634802878254,5,3.0,0
97.73861935739961,5,1.0,0
97.7521949070895,17,5.0,-12881
97.76156568491257,5,2.0,0
97.76704466019001,5,7.0,0
97.82004372195253,17,4.0,-11853
97.8460392330633,16,39.0,7537
97.86285047979713,16,5.0,3469
97.94639146793412,16,33.0,902
97.96324864914396,17,3.0,-13069
97.96751061128981,5,2.0,0
97.97175814112057,16,15.0,10886
97.99089622010696,17,6.0,-13118
97.99305653243357,16,48.0,675
98.0054251001181,5,2.0,0
98.04212429129107,17,9.0,-6138
98.1940145806303,5,9.0,0
98.21878229043752,5,12.0,0
98.27584897770876,5,2.0,0
98.28952186749643,16,10.0,6370
98.29138808058015,5,3.0,0
98.29177388701152,5,1.0,0
98.35131848386408,17,17.0,-9157
98.37923948442887,5,2.0,0
98.41686489767532,5,4.0,0
98.41848124022559,5,23.0,0
98.43574364143535,17,3.0,-10345
98.45535120571121,17,2.0,-5093
98.45947647647193,17,4.0,-3861
98.48972034960492,5,2.0,0
98.52377326435636,5,2.0,0
98.54872117480895,16,2.0,1926
98.58744671068388,16,3.0,5622
98.62370628111564,17,1.0,-13004
98.65299266143359,17,2.0,-5904
98.659012275961,17,3.0,-7158
98.66500180913353,5,1.0,0
98.665453625608,17,2.0,-12974
98.70067057064335,17,1.0,-12163
98.7091698816175,17,1.0,-13159
98.7204815174078,16,9.0,11935
98.73628797747173,5,4.0,0
98.78182220556667,5,4.0,0
98.82376589815011,5,1.0,0
98.82981468455121,5,3.0,0
98.8494786113647,5,8.0,0
98.91525066070159,5,3.0,0
98.94466473774642,5,2.0,0
98.95511610947098,16,3.0,1693
98.97769827669714,16,20.0,9389
99.10605579737964,5,3.0,0
99.1081043683056,5,1.0,0
99.15261757027996,5,3.0,0
99.19691313152327,16,5.0,5505
99.21560121058955,16,1.0,9162
99.26925372798793,5,2.0,0
99.29094321824492,5,6.0,0
99.34418500258886,5,4.0,0
99.39689539348875,16,5.0,258
99.41346096814571,5,3.0,0
99.44090079142717,5,4.0,0
99.45185083658338,5,2.0,0
99.51065832237731,16,5.0,1952
99.55258344103005,5,1.0,0
99.55894223770561,17,1.0,-454
99.64369611357989,17,1.0,-13157
99.73195998801164,16,2.0,548
99.79448762298918,5,2.0,0
99.84468064933094,17,2.0,-12633
99.85241538653993,5,1.0,0
99.94961949547843,17,1.0,-9970
99.99824779420543,17,4.0,-11140
100.02958891089646,16,3.0,11931
100.03034322785362,5,1.0,0
100.09243271825238,5,1.0,0
100.09706926643537,16,1.0,1308
100.21006574784197,17,48.0,-4706
100.22895402010167,16,2.0,5892
100.25486100101188,5,2.0,0
100.29076996874905,17,1.0,-11810
100.31653678022496,17,4.0,-9750
100.32402382506992,5,3.0,0
100.38099158798954,5,9.0,0
100.44983254938707,16,26.0,11874
100.45268787009618,5,1.0,0
100.46060763998851,16,5.0,7369
100.46836150873283,5,3.0,0
100.52131443290784,17,3.0,-9233
100.53105956909775,17,2.0,-9474
100.53731647997972,5,2.0,0
100.57440970529133,17,1.0,-9432
100.6044376931758,5,3.0,0
100.61026726592063,17,1.0,-10691
100.64243303525562,5,2.0,0
100.69581301141666,16,59.0,2259
100.70356036003173,5,3.0,0
100.74673574739046,5,1.0,0
100.76180516914685,16,6.0,6688
100.77059513447747,5,2.0,0
100.79707541224518,5,2.0,0
100.86920943243359,17,5.0,-5985
100.87901978698787,5,1.0,0
100.97253001504473,17,1.0,-1229
100.9879325819296,17,3.0,-8716
101.00004643273286,17,4.0,-12887
101.00670701537354,5,4.0,0
101.09075152942279,5,1.0,0
101.09617120708424,16,6.0,9000
101.10825611763732,5,1.0,0
101.1512156743943,5,3.0,0
101.17200050799302,5,3.0,0
101.1848904740091,16,6.0,5341
101.18764348890414,16,5.0,5540
101.19505614109727,5,1.0,0
101.20758974856861,16,4.0,9505
101.23748258952659,5,1.0,0
101.27926430784242,5,20.0,0
101.50343604806672,17,1.0,-6964
101.51657558859839,17,2.0,-4535
101.53272829806558,16,6.0,8520
101.60016436068639,16,48.0,6315
101.60405505740789,17,1.0,-6030
101.64050294944415,5,1.0,0
101.71439039550951,17,3.0,-4037
101.83999221372247,5,3.0,0
101.86930603590858,16,28.0,1983
101.8866629727873,5,1.0,0
101.89730777150214,17,8.0,-7895
101.90818014218293,16,2.0,1647
101.91457215740071,17,3.0,-5525
101.9405260684558,17,7.0,-7534
101.96126191048018,5,3.0,0
102.01503240585706,17,1.0,-10387
102.02492824568799,5,2.0,0
102.03850190178238,17,5.0,-8906
102.05739883415468,5,1.0,0
102.06467826552185,17,1.0,-13021
102.07138666977603,17,7.0,-13116
102.12189288708852,17,3.0,-9701
102.15460042636535,17,1.0,-6350
102.18742943767477,16,14.0,6624
102.21366811759924,16,4.0,8584
102.24120564161386,17,4.0,-3594
102.24202474140357,17,1.0,-13205
102.27258639931061,5,10.0,0
102.29392970366705,17,3.0,-5486
102.29784520471796,17,1.0,-7435
102.30849940257104,17,3.0,-4695
102.33518723797162,5,3.0,0
102.41045674541667,5,1.0,0
102.44406331577316,5,3.0,0
102.47614998303979,17,1.0,-3650
102.67018020865407,17,1.0,-11786
102.78481166753946,5,2.0,0
102.79366195221701,16,3.0,6109
102.79699037561124,16,29.0,8724
102.84440962642927,16,21.0,9989
102.87762339034215,17,1.0,-5872
102.91020349539956,5,5.0,0
102.92550146212479,17,1.0,-3176
102.93522367288493,17,2.0,-6619
102.95584394062284,16,5.0,3704
103.01575880857439,17,7.0,-13036
103.0437174626389,5,9.0,0
103.0441980558492,17,1.0,-11662
103.0617187737323,16,49.0,728
103.18298779955045,17,5.0,-10722
103.1913018084096,16,2.0,7079
103.21783650407971,16,1.0,3280
103.28002934478016,16,5.0,11672
103.30735926310905,17,46.0,-1274
103.36190998370904,17,4.0,-10728
103.47604672301098,17,3.0,-1049
103.49078380566151,17,2.0,-12742
103.49725481951444,17,3.0,-101
103.49926362117155,5,7.0,0
103.53158085215343,16,1.0,4548
103.54052521037163,17,2.0,-9011
103.56892433207878,16,48.0,2209
103.61174935281701,17,2.0,-8344
103.61205513259942,5,4.0,0
103.67982190579025,5,7.0,0
103.77558153209486,5,1.0,0
103.78185348711467,17,1.0,-3717
103.84565141411235,16,2.0,11191
103.87407496074712,17,1.0,-12865
103.90957986401648,17,9.0,-3586
103.94242345838474,17,4.0,-1510
103.95608678509589,17,2.0,-12872
104.02565801929855,5,8.0,0
104.03955026496888,5,2.0,0
104.14048889829729,17,1.0,-11872
104.15645151460964,17,1.0,-13013
104.19896441740906,17,2.0,-9881
104.22535432926516,17,2.0,-13107
104.25584024481098,17,2.0,-12369
104.28442743819622,16,8.0,9596
104.30687748228175,5,1.0,0
104.32379855157959,16,3.0,2368
104.35986369223713,16,2.0,2284
104.37229041508104,16,7.0,11568
104.48357181258461,17,6.0,-6431
104.55875784414805,17,2.0,-9454
104.56838601693386,16,1.0,3324
104.66544439177844,17,6.0,-1928
104.7204647587028,5,1.0,0
104.76870519282052,16,6.0,11853
104.81522251665272,16,14.0,4041
104.84952498518275,5,1.0,0
104.87887761830166,17,2.0,-2282
104.89946290761826,5,2.0,0
104.91009689895633,17,1.0,-3425
104.97065821518623,17,2.0,-3870
104.98494306047624,5,2.0,0
105.08560464338797,5,9.0,0
105.09204661320433,16,8.0,8890
105.1226557344167,16,3.0,4056
105.21561488966148,5,3.0,0
105.23646278824661,17,8.0,-9722
105.23912886140121,5,1.0,0
105.30761246959489,17,3.0,-13038
105.37574509387021,5,1.0,0
105.38281155945242,17,2.0,-10764
105.41485948700091,16,8.0,8929
105.45223509580494,5,9.0,0
105.45756793228699,17,2.0,-11317
105.47636675972257,5,1.0,0
105.48659772501345,17,1.0,-13120
105.5345028445195,5,1.0,0
105.56419917067657,5,6.0,0
105.68801761771064,5,4.0,0
105.71625421809846,17,1.0,-10954
105.71656721091841,16,1.0,612
105.80914953519397,5,12.0,0
105.80955114405482,5,1.0,0
105.847959563597,16,7.0,1651
105.85297930259034,5,2.0,0
105.90562588546811,16,5.0,28
105.94257695451425,17,1.0,-5842
105.9790542800961,5,6.0,0
106.00498150518087,5,1.0,0
106.09261702791197,16,6.0,11003
106.1355702457656,5,9.0,0
106.16972102705763,5,1.0,0
106.17432408416153,17,3.0,-12160
106.32160374956257,16,3.0,4604
106.32180703722372,5,8.0,0
106.3457001086741,17,1.0,-13003
106.47438689193825,17,1.0,-7684
106.51875793113923,5,2.0,0
106.55991995382762,5,2.0,0
106.57517052539912,17,2.0,-12812
106.68162328820742,16,1.0,10578
106.7006588776418,16,7.0,3957
106.7210748589653,16,1.0,5007
106.8442167990516,17,4.0,-6332
106.87238213847182,16,2.0,3607
106.92178188766503,5,2.0,0
106.9220532254984,17,3.0,-1946
106.95054630529039,5,2.0,0
106.98059597630291,16,2.0,4873
107.07467097923819,5,15.0,0
107.20148580312545,5,3.0,0
107.23783345236131,16,4.0,2357
107.28493523148745,17,1.0,-9727
107.30599235767019,5,1.0,0
107.3335911863679,16,17.0,2139
107.34128680444313,5,4.0,0
107.36931192089898,17,1.0,-10767
107.44225000186405,5,1.0,0
107.50182552483227,17,2.0,-4442
107.51469036055843,5,1.0,0
107.5671315251773,17,3.0,-12573
107.5974989415561,5,2.0,0
107.61048330394405,17,1.0,-11902
107.62729360047125,5,2.0,0
107.68439480924599,17,1.0,-3376
107.70804752710114,16,1.0,11097
107.70886400498024,17,7.0,-9221
107.7271103913547,5,4.0,0
107.84836855004403,17,1.0,-8100
107.89590580175916,5,11.0,0
107.89802013817452,17,1.0,-2278
107.93735052837229,5,1.0,0
108.05335341648062,5,2.0,0
108.12263830025185,17,3.0,-11891
108.1230755486911,16,4.0,9232
108.1294801551472,17,3.0,-2439
108.18038655442751,17,2.0,-6938
108.18094459079249,17,2.0,-13148
108.25422513130671,5,5.0,0
108.38905105973204,16,14.0,9654
108.40101475306808,5,9.0,0
108.41971498527556,17,5.0,-12050
108.45206037838116,5,6.0,0
108.45786176392181,5,2.0,0
108.46750993246528,17,5.0,-8622
108.52802029480449,16,1.0,11387
108.58946093321977,16,24.0,10030
108.62290116519439,5,3.0,0
108.6664840469215,5,1.0,0
108.68071960935929,5,3.0,0
108.69671310717419,17,4.0,-5902
108.72845773747778,17,14.0,-705
108.78792812397454,5,1.0,0
108.86270294326536,5,4.0,0
108.91888918301649,5,4.0,0
108.93210482940027,17,6.0,-12660
108.9863271715338,5,1.0,0
109.0342509389293,17,3.0,-10544
109.06251290037672,17,2.0,-2747
109.15953520166735,5,1.0,0
109.18263656036845,5,1.0,0
109.2959607464096,17,1.0,-3049
109.31170855000215,5,6.0,0
109.4530769117961,16,35.0,10124
109.50631964118273,5,4.0,0
109.53581566042703,17,3.0,-10130
109.5746216986392,16,4.0,673
109.57657049174202,17,5.0,-4899
109.59447974375126,17,5.0,-3218
109.61263268683992,5,1.0,0
109.64816634998158,5,7.0,0
109.68875901644081,5,31.0,0
109.69710002321057,16,2.0,10316
109.72183726371236,5,7.0,0
109.76006242517228,17,2.0,-881
109.77194387657347,17,3.0,-9775
109.86148466555466,17,3.0,-6686
109.91741313284199,17,1.0,-5455
109.92177096023977,17,1.0,-6776
109.98319372533575,17,14.0,-9908
110.0851231679072,16,8.0,3556
110.2047402363556,17,1.0,-5124
110.28291873661925,5,3.0,0
110.32297055470926,5,6.0,0
110.32467600912665,5,8.0,0
110.33718732190447,5,4.0,0
110.36867743492517,16,14.0,3101
110.3702504250505,16,2.0,3690
110.42888318935658,5,3.0,0
110.46596967716212,17,2.0,-6001
110.49762353812065,17,1.0,-23
110.50093893862481,5,2.0,0
110.51264412231077,16,44.0,642
110.5527109810513,5,1.0,0
110.59626762773674,5,3.0,0
110.62849741336225,16,5.0,3663
110.66733594380564,16,4.0,163
110.72824673373768,17,1.0,-193
110.75753200669833,16,3.0,7460
110.76787783298116,17,3.0,-3426
110.8097764255675,5,4.0,0
110.90854891125038,16,1.0,11925
110.93096081222356,17,3.0,-98
110.95381090749,16,1.0,11832
111.00601691516431,16,1.0,10205
111.0553220539088,5,6.0,0
111.07267148464516,5,4.0,0
111.1033929057492,17,16.0,-2370
111.11617119698509,5,3.0,0
111.12486769884951,16,4.0,3311
111.13523742977125,5,4.0,0
111.17772059855696,5,3.0,0
111.28420768142817,17,5.0,-1125
111.3060193176932,16,7.0,1492
111.44852023134321,5,2.0,0
111.45028060898339,16,1.0,4902
111.4567384512139,5,1.0,0
111.48129694358697,16,1.0,10854
111.53118051189229,17,2.0,-5514
111.60291708078347,5,3.0,0
111.60500084244296,16,26.0,2180
111.6125869053973,5,3.0,0
111.63787660747137,16,2.0,11939
111.70136676490777,17,2.0,-2476
111.707960819117,17,3.0,-10107
111.77842371096396,16,8.0,5183
111.78456944481883,17,3.0,-7368
111.78499745067617,16,5.0,4630
111.82749585316932,17,4.0,-10796
111.84768830000927,17,1.0,-8704
111.88016126326855,5,4.0,0
111.98254217336738,17,1.0,-12861
112.00470711403298,18,,0
112.00476533286763,103,31.0,11941
112.05758282910769,17,1.0,-9920
112.06849774609603,16,2.0,5614
112.0896290862209,17,5.0,-2601
112.17217581815473,5,4.0,0
112.18757419118458,17,3.0,-3533
112.19138785269719,5,3.0,0
112.26281540516784,17,1.0,-12750
112.33628146098722,5,1.0,0
112.42603937193867,3,6.0,11942
112.43397428425173,17,1.0,-6656
112.45658706489097,5,1.0,0
112.64277484370044,10,6.0,11942
112.71217029556863,5,2.0,0
112.75958116869936,17,1.0,-1694
112.76289212183283,5,3.0,0
112.8373868778838,17,27.0,-893
112.91295739712776,5,6.0,0
112.91299586248071,16,1.0,152
112.9446215151689,16,59.0,9035
112.9653195242316,16,1.0,6549
112.96717779899832,16,3.0,4054
112.97922671160443,3,5.0,11943
113.0559807416937,5,34.0,0
113.14345133366865,12,31.0,11941
113.20532549492627,17,4.0,-2919
113.20630024713536,16,3.0,6894
113.21180707828655,16,4.0,11933
113.26570077573942,5,3.0,0
113.36509945734028,16,6.0,3055
113.36541423487137,17,1.0,-920
113.37511336728875,17,1.0,-120
113.4088298018213,16,6.0,3794
113.44544464408504,5,4.0,0
113.44905438121187,5,2.0,0
113.48770165766571,16,2.0,8823
113.54401817072026,16,6.0,549
113.67056074466242,5,10.0,0
113.67219232356788,9,31.0,11941
113.71666840979384,16,44.0,9094
113.71779996163355,5,1.0,0
113.77019352835866,17,1.0,-6673
113.8174870357014,5,3.0,0
113.84167548139118,16,5.0,8758
113.84455689041002,17,2.0,-10604
113.88354835960028,17,4.0,-13142
113.93885289166172,17,1.0,-10160
113.99483492981955,16,6.0,7524
114.02204982925848,5,3.0,0
114.02214849872223,1,2.0,11944
114.15398824293187,5,1.0,0
114.2810739435315,5,2.0,0
114.29248711209216,16,1.0,5553
114.42530403433074,5,1.0,0
114.68669751054614,16,13.0,8290
114.69942429972801,5,4.0,0
114.7021177494991,5,8.0,0
114.72087260217447,16,2.0,8424
114.73835367661691,5,3.0,0
114.7638402072904,11,6.0,11942
114.80938110903175,6,2.0,11944
114.84980693518476,5,2.0,0
114.86451867673124,5,7.0,0
114.89000364723847,5,3.0,0
115.1154312483544,17,1.0,-6283
115.13273746639346,5,5.0,0
115.1594806833221,17,5.0,-1891
115.1951100737096,17,4.0,-10246
115.20244549434392,5,4.0,0
115.24599040283881,17,10.0,-2680
115.31002259470301,16,1.0,2501
115.3284705152016,16,2.0,9466
115.33302749171615,17,3.0,-3757
115.37489201033708,17,1.0,-9911
115.43554885587601,5,4.0,0
115.49101186223427,16,54.0,9231
115.49797199617937,16,4.0,2729
115.52083383052913,17,4.0,-1366
115.54160678507643,16,6.0,9364
115.58609383941646,16,6.0,4052
115.60499521374611,5,1.0,0
115.67850928168515,17,4.0,-1884
115.75090402946395,5,1.0,0
115.80717315675061,10,5.0,11943
115.89439812607696,17,1.0,-4742
115.89886496381476,16,3.0,11167
115.93679687547345,16,5.0,1516
115.96467484927665,16,5.0,3307
115.9691407717476,5,7.0,0
116.01554242055225,18,,0
116.01555765224637,104,3.0,11945
116.06621208360954,17,1.0,-4886
116.08773809587406,17,2.0,-9193
116.10042820634608,7,2.0,11944
116.11206297966113,5,2.0,0
116.11279787007877,16,2.0,1638
116.14825502667213,17,2.0,-9226
116.15466867164619,5,2.0,0
116.18032470145496,12,3.0,11945
116.22848855375949,16,3.0,7515
116.23151037932216,12,5.0,11943
116.26789971554808,16,8.0,8052
116.31660301909922,17,1.0,-4674
116.34991658155306,5,4.0,0
116.43158985640305,17,4.0,-8464
116.48768694978054,5,2.0,0
116.533712944001,16,1.0,1066
116.57523208480265,17,2.0,-6294
116.61822279455784,17,5.0,-1535
116.65096636092629,5,5.0,0
116.6646083517022,17,1.0,-5779
116.69268251812055,17,1.0,-4781
116.71851254942847,16,43.0,346
116.73483339714804,17,2.0,-2374
116.76898815017942,16,19.0,564
116.78649471386231,9,5.0,11943
116.7927497180381,16,15.0,1533
116.82582830006861,16,8.0,8439
116.84988398626408,17,3.0,-7810
116.8620225739964,17,1.0,-6419
116.87109977780078,17,2.0,-12979
116.95606779586315,16,1.0,469
117.0790428597589,16,8.0,6252
117.15331220777382,17,4.0,-1750
117.15352633471475,17,2.0,-11652
117.18247535774299,5,4.0,0
117.32958185808198,16,55.0,994
117.39168884821297,9,3.0,11945
117.53360951980873,16,3.0,7237
117.55123868961252,16,1.0,7058
117.63949134899892,16,5.0,11915
117.6881007595962,5,4.0,0
117.71729601683364,16,9.0,5658
117.77352885593683,16,5.0,1856
117.79375558526596,5,2.0,0
117.80232610930824,17,42.0,-12619
117.84751407971957,17,1.0,-6652
117.94145195598959,5,2.0,0
117.98401094976522,17,3.0,-6681
118.00503341221142,16,3.0,3881
118.04097497061629,18,,0
118.0410531141126,103,8.0,11946
118.04917771341637,5,3.0,0
118.05341100146313,17,21.0,-11169
118.10164961319379,16,3.0,2143
118.1483173133976,17,2.0,-13185
118.25349550954296,12,8.0,11946
118.31907385214797,5,2.0,0
118.32850345823624,5,3.0,0
118.33080632689233,5,1.0,0
118.44653386221944,17,3.0,-7631
118.48005140015394,17,3.0,-12173
118.68717803696886,17,2.0,-641
118.70593701071658,17,43.0,-8543
118.72834386074277,17,1.0,-7236
118.73017503077733,17,4.0,-7845
118.75373159347706,17,1.0,-10585
118.77959922712677,16,6.0,7353
118.78745843544002,16,1.0,9463
118.82050351880386,17,1.0,-10923
118.83066050695801,16,5.0,652
118.85226952732216,17,1.0,-1940
118.87087364155012,9,8.0,11946
118.91861749461467,17,3.0,-3662
118.92611740450788,17,3.0,-7907
119.00263124833911,17,5.0,-12965
119.00695982745486,16,11.0,5087
119.0298840766558,5,2.0,0
119.11407688611011,5,5.0,0
119.12598127444451,5,1.0,0
119.15859425605097,17,4.0,-3159
119.16519344817402,5,2.0,0
119.19238356511092,5,4.0,0
119.21008803023958,16,4.0,2817
119.29460153441569,5,2.0,0
119.45666538409061,17,1.0,-9166
119.48989295129066,16,5.0,657
119.52809561594209,17,1.0,-2656
119.53551232967853,5,2.0,0
119.55055981100303,17,9.0,-10282
119.62267952508773,5,4.0,0
119.65355221012396,17,1.0,-11156
119.71221711804678,16,19.0,3361
119.71664353641978,16,4.0,108
119.7978425553117,5,2.0,0
119.92450177667335,17,1.0,-9567
119.93267246714365,17,6.0,-9945
119.95312941273795,16,1.0,2151
119.95812410559566,17,4.0,-816
119.99066612984751,16,3.0,1147
119.99372462791494,16,3.0,4563
120.0388697250423,18,,0
120.03888211902034,104,10.0,11947
120.05418564431514,17,1.0,-11252
120.06763327964448,16,3.0,145
120.10027762522519,12,10.0,11947
120.2164077725403,5,2.0,0
120.21784761101834,17,5.0,-11866
120.27323587404025,17,1.0,-12143
120.5006930960151,16,50.0,93
120.63342727209674,5,1.0,0
120.65110620369866,16,5.0,6837
120.69767190931528,17,3.0,-5240
120.71186944875163,16,6.0,3354
120.71242410364744,17,3.0,-2547
120.73182121400541,9,10.0,11947
120.74839829790031,17,3.0,-8893
120.81144457998053,16,21.0,3886
120.82291711687745,17,1.0,-7773
120.82421952152174,17,2.0,-12493
120.8318845250302,5,6.0,0
120.91088855971557,16,43.0,3732
120.91950176413219,5,4.0,0
120.9235004743924,16,47.0,2397
121.02227235227014,5,5.0,0
121.0454507565762,16,4.0,10227
121.15368253002643,16,2.0,4252
121.30396099545192,17,1.0,-1264
121.34515104134466,17,1.0,-647
121.38951774753346,17,2.0,-2143
121.40243781859334,17,2.0,-12500
121.42869484964737,16,2.0,4378
121.56612223854445,5,6.0,0
121.581170667234,16,1.0,11780
121.58714050902472,17,6.0,-10015
121.63012666173584,17,1.0,-10781
121.672545619322,16,4.0,8175
121.7140849951506,17,1.0,-4435
121.73926806420309,17,4.0,-7280
121.7890932584064,5,3.0,0
121.82142722876529,16,9.0,276
121.83753230486197,5,1.0,0
121.93874002727799,5,2.0,0
122.00672649461089,17,3.0,-10559
122.05210821956067,17,3.0,-10473
122.07278385093711,17,2.0,-12005
122.14289050698956,16,12.0,3492
122.2799587221569,16,7.0,10453
122.34631169448116,16,5.0,3816
122.34664243535899,17,1.0,-1270
122.35874334899134,17,2.0,-11128
122.4122719716258,16,4.0,10099
122.47501720525739,5,2.0,0
122.5893452324712,5,1.0,0
122.71762401263084,17,2.0,-6715
122.73589834986765,17,3.0,-4382
122.75220623754089,17,14.0,-8219
122.83790014604774,16,3.0,11776
122.8600885368476,17,4.0,-8719
122.88539499067711,17,2.0,-11960
122.89835100698491,17,6.0,-10411
122.92257699477284,5,8.0,0
122.9377736385483,16,2.0,4607
122.95980569579282,16,52.0,2763
123.08631837484214,16,1.0,8571
123.10078456418864,5,5.0,0
123.2679118031115,16,6.0,10345
123.35333524678977,5,8.0,0
123.35982698691099,5,1.0,0
123.44526834963881,16,1.0,1775
123.475255448053,16,1.0,2266
123.51934105250986,5,2.0,0
123.52892213268288,17,1.0,-9170
123.58227884630163,17,1.0,-8322
123.9894322806577,16,3.0,3967
124.04982535179144,5,1.0,0
124.07419851910949,16,3.0,5750
124.07818138252829,16,1.0,11821
124.13148693327919,16,4.0,7309
124.22238298101723,17,1.0,-8097
124.23070862683004,16,2.0,597
124.23801246823908,17,1.0,-9205
124.26711830580253,16,2.0,2036
124.32142676002539,16,5.0,6933
124.50691442324077,16,11.0,6020
124.56879667032901,5,7.0,0
124.58566574267563,17,1.0,-3679
124.6152098033399,5,32.0,0
124.62152266527264,16,5.0,8640
124.71206598746267,17,9.0,-7960
124.7139210148595,16,4.0,11407
124.72306309812541,17,2.0,-4525
124.72649823712261,5,3.0,0
124.76176287165751,5,10.0,0
124.7638402072904,16,6.0,11942
124.78819305303446,17,2.0,-7441
124.85401858142967,17,4.0,-1696
124.85553409669296,5,55.0,0
124.90562316862548,16,4.0,1645
124.93943947032143,17,8.0,-5191
124.95046050046216,16,6.0,8236
124.95501476869438,5,3.0,0
125.01948432512839,16,3.0,3608
125.0539490313126,5,1.0,0
125.09056667897366,16,6.0,3217
125.12110268477248,17,2.0,-8497
125.19337275220862,17,1.0,-1965
125.36530896703533,5,1.0,0
125.38843767263292,5,4.0,0
125.40317143144097,16,1.0,11745
125.4135063149829,5,4.0,0
125.42439146390542,16,7.0,5208
125.42960331199549,5,7.0,0
125.44408430323682,16,59.0,60
125.48128948563246,17,6.0,-9950
125.62573429046216,5,3.0,0
125.65179890360886,17,2.0,-10018
125.653003486918,17,1.0,-10836
125.65678388300188,17,1.0,-68
125.67325761510767,17,1.0,-8600
125.71167916864717,5,1.0,0
125.72009908312678,17,2.0,-10718
125.76608597192502,5,2.0,0
125.78135964758343,17,1.0,-7239
125.91051987643219,17,2.0,-1985
126.04060759149701,5,3.0,0
126.04144618797365,18,,0
126.04151741099832,101,2.0,11948
126.04318416770211,16,6.0,3452
126.13182237999473,16,4.0,6138
126.13943853967075,5,2.0,0
126.17584063641391,17,1.0,-212
126.17674934856636,16,5.0,7535
126.29721420377851,16,13.0,7146
126.35327188035646,17,1.0,-12224
126.38411863284813,5,2.0,0
126.42771865267531,5,7.0,0
126.44882747253052,17,3.0,-395
126.48493457360631,17,1.0,-5936
126.49398763741281,16,2.0,4694
126.59571398009446,17,1.0,-509
126.7597866080118,17,4.0,-11009
126.77148031286708,17,2.0,-11002
126.77379954685826,16,7.0,2176
126.78418054546574,17,2.0,-5251
126.91048219451253,17,5.0,-9466
126.98534065378719,17,1.0,-5415
126.99648993438255,5,2.0,0
126.9979017838417,5,1.0,0
127.0331365255459,17,4.0,-12606
127.1132237902214,5,3.0,0
127.11860478632066,17,7.0,-6609
127.14402681174558,16,4.0,7793
127.23364465582566,5,3.0,0
127.26389107506331,5,7.0,0
127.2780627365236,16,6.0,7704
127.37380225131905,5,4.0,0
127.42758047163724,5,1.0,0
127.43782241065693,16,29.0,118
127.44539921659153,16,3.0,10798
127.51877281384556,5,4.0,0
127.54557568935455,17,2.0,-10149
127.59941869111957,5,2.0,0
127.64473676966614,17,1.0,-4800
127.66268406384621,8,2.0,11948
127.71335397034754,5,1.0,0
127.75061810376008,16,32.0,6047
127.76356608320688,16,6.0,5910
127.76478671632907,16,21.0,1546
127.80597353858765,5,2.0,0
127.87215626813122,5,5.0,0
128.08986567059122,5,3.0,0
128.09956702302665,17,1.0,-11579
128.10841345303368,16,2.0,4740
128.11659229126425,5,2.0,0
128.24390364644853,16,7.0,1667
128.25478582102141,16,7.0,5480
128.26970340138627,17,1.0,-9543
128.32227749405408,5,1.0,0
128.35780742389878,17,3.0,-11367
128.68235717433234,16,1.0,10904
128.8037573489764,17,1.0,-1864
128.89967963582797,16,4.0,11590
128.99083378582847,16,6.0,815
129.02421641490957,18,,0
129.02424351870394,101,44.0,11949
129.03375510226238,16,3.0,1575
129.0493605765345,17,1.0,-13086
129.08082833793767,17,1.0,-12469
129.09199153688735,5,4.0,0
129.1632554448487,8,44.0,11949
129.1962269997856,17,1.0,-3337
129.21133805793812,9,2.0,11948
129.3113359694261,17,1.0,-1133
129.35764630763126,5,3.0,0
129.38500389929538,16,15.0,6966
129.4394809409175,17,3.0,-6654
129.5041761535649,16,5.0,2635
129.5217928836263,17,1.0,-11728
129.57108526258244,5,2.0,0
129.61383315454248,16,7.0,11587
129.6292745475476,16,3.0,6170
129.6874564686979,5,1.0,0
129.72381484012624,17,2.0,-6988
129.78141486778296,16,7.0,5298
129.80095556344935,17,3.0,-2359
129.87705760096742,17,2.0,-10964
129.9784084656086,17,1.0,-8169
130.02282606117365,16,43.0,1009
130.06211373753456,5,7.0,0
130.06945932883582,16,5.0,5857
130.11593946772408,16,7.0,9328
130.31582506108813,17,1.0,-5075
130.35653850862505,16,5.0,1699
130.3760713690966,9,44.0,11949
130.39509416014448,16,3.0,2134
130.5166943049426,16,2.0,11102
130.7721477468315,17,3.0,-5559
130.84569342731012,16,53.0,434
130.8474225672541,16,11.0,1101
130.94006691729248,17,2.0,-22
130.99475189979435,16,9.0,10375
131.0726302427157,16,5.0,7260
131.16615366875834,17,16.0,-11266
131.25887680335904,17,1.0,-6363
131.35145906233635,16,1.0,7834
131.54426221599306,17,1.0,-9438
131.62501631686416,5,6.0,0
131.63226071604456,5,2.0,0
131.6712171532244,17,6.0,-871
131.68405494554054,17,1.0,-3777
131.7573396054096,5,10.0,0
131.89110189825098,5,2.0,0
132.0006347205237,16,1.0,4678
132.13241436335784,17,1.0,-5127
132.1431553176756,17,1.0,-8351
132.23165655331798,16,7.0,7720
132.50700232967137,17,3.0,-3547
132.53421815955798,5,1.0,0
132.56280249824715,17,5.0,-10091
132.70958034455205,16,33.0,8212
132.77820066662028,5,1.0,0
132.91854694806162,16,3.0,5163
133.05710698513613,16,2.0,3590
133.07433393855194,17,2.0,-11571
133.20058263973152,17,1.0,-12346
133.29116074801166,16,21.0,3369
133.43243696900123,17,1.0,-10797
133.53041661789533,17,5.0,-4814
133.6897910894066,16,60.0,608
134.01939400401093,5,7.0,0
134.1041132449566,5,1.0,0
134.14156861915296,17,1.0,-7293
134.31304428190455,16,1.0,4317
134.47759098586488,17,1.0,-2409
134.58839554102207,17,1.0,-12236
134.6599025999367,17,2.0,-2308
134.68468693192602,17,2.0,-7926
134.9510416366066,5,4.0,0
134.95264369461316,5,1.0,0
135.00645709118578,18,,0
135.00658897495458,104,5.0,11950
135.09467407079933,5,4.0,0
135.16649373562507,17,1.0,-12552
135.17180357729512,16,10.0,11752
135.18097939700803,5,1.0,0
135.20095637138127,16,1.0,7184
135.34569376386753,16,2.0,6486
135.36813504306653,16,8.0,4875
135.41730558411632,17,3.0,-12047
135.4242502882745,16,1.0,11731
135.5454694881545,17,4.0,-493
135.58833923836366,16,1.0,1595
135.7181665083671,17,10.0,-6555
135.786228262273,16,2.0,3050
135.80240414148884,5,1.0,0
135.886494709678,16,3.0,10893
135.9345225342226,16,54.0,9705
135.95058256368122,5,1.0,0
135.96701863039758,17,3.0,-7965
136.0055039376418,16,36.0,1572
136.12355229996288,16,4.0,10408
136.13167422251817,16,5.0,3743
136.144865402155,16,5.0,5719
136.18383547106367,17,20.0,-13050
136.279656883716,16,4.0,7367
136.3267557728561,17,3.0,-8921
136.34956850589674,17,1.0,-13160
136.37465806568792,5,2.0,0
136.39902790563352,16,47.0,251
136.4114024159437,17,2.0,-11039
136.41225215712853,16,2.0,4741
136.41718175736997,17,2.0,-12629
136.42052800222342,5,3.0,0
136.51556044312565,17,1.0,-1518
136.52620285165895,16,6.0,1457
136.55240933940667,16,2.0,11495
136.5628344482326,17,2.0,-10212
136.61145728534487,5,8.0,0
136.6443440170837,17,2.0,-7718
136.69781268167912,17,2.0,-9198
136.74399156585727,17,1.0,-406
136.84291704871512,12,5.0,11950
136.86918726995933,17,1.0,-9117
136.87353707002737,16,3.0,601
136.962510558095,17,57.0,-6563
136.96596437889082,17,1.0,-11844
137.1434600681672,9,5.0,11950
137.14389192106967,17,13.0,-11034
137.18696272126033,16,8.0,10710
137.25984309519424,17,3.0,-4064
137.3655099884142,5,3.0,0
137.39317098677967,17,2.0,-8729
137.41944395472137,16,2.0,1250
137.49184766702757,17,1.0,-5976
137.51608091609313,17,4.0,-4996
137.56314273033595,16,9.0,2996
137.60422283729713,5,5.0,0
137.6548039174489,17,5.0,-4063
137.67279837545573,16,4.0,6240
137.75632749830842,5,8.0,0
137.81407449357224,16,1.0,8197
138.0502013414744,5,5.0,0
138.10037868690333,17,26.0,-4922
138.10136518306268,5,2.0,0
138.1208613775449,17,1.0,-8468
138.128083212373,5,1.0,0
138.15308417753337,16,3.0,9360
138.17318975895003,17,1.0,-11182
138.24078331263243,17,2.0,-1150
138.27426232527085,16,11.0,6697
138.28172460544337,5,9.0,0
138.29040970415434,17,4.0,-5132
138.31229763592762,16,2.0,9588
138.32455868189066,16,33.0,10199
138.33912404082199,17,1.0,-2252
138.36410057659825,17,2.0,-654
138.38069734269703,17,2.0,-11437
138.38674992438834,5,40.0,0
138.48318231654946,16,4.0,3100
138.5601704419532,17,1.0,-10218
138.6344745445337,17,5.0,-1580
138.65683149997173,17,2.0,-11718
138.721993577733,17,2.0,-9451
139.1233590166855,16,3.0,2429
139.13744229846898,16,7.0,7552
139.18208813713082,17,1.0,-10222
139.18623955891394,5,19.0,0
139.29897335810017,16,7.0,7563
139.30440683198168,16,2.0,3994
139.32908893737743,16,11.0,3892
139.41027498290305,17,5.0,-12457
139.46532558059153,17,1.0,-2527
139.52084349051773,5,3.0,0
139.58035516440674,16,8.0,3427
139.64090486817585,16,2.0,1657
139.66947122187594,17,3.0,-3649
139.75007136419327,5,2.0,0
139.75032186486416,16,3.0,2511
139.76660451928598,17,1.0,-12780
139.84571064484447,16,4.0,898
139.87270246488038,5,1.0,0
140.01272609662794,18,,0
140.0128471269251,104,36.0,11951
140.02909113275766,18,,0
140.02921482793084,104,1.0,11952
140.11806181332273,17,3.0,-1300
140.1659337686735,1,10.0,11953
140.2229501809707,16,4.0,4537
140.22953046233698,16,28.0,6282
140.3220186998231,17,26.0,-2324
140.34054120629327,17,11.0,-11333
140.37221709257295,1,1.0,11954
140.4319207346585,5,44.0,0
140.44504321668788,5,3.0,0
140.45290622679207,5,3.0,0
140.51598027634805,16,9.0,5856
140.52563396656183,16,3.0,2683
140.5651640379492,5,4.0,0
140.59854952079837,5,5.0,0
140.63266721556406,16,5.0,2353
140.65434307954993,17,1.0,-12069
140.69797214379585,5,1.0,0
140.7488893204322,5,7.0,0
140.8344957088537,17,3.0,-8087
140.83914669801834,16,1.0,10438
140.89952424562938,16,4.0,2130
140.96114130461953,3,12.0,11955
140.97370042745482,6,1.0,11954
140.98847740878006,16,3.0,2468
141.03517495721292,18,,0
141.0352794503794,101,1.0,11956
141.05932554957042,4,4.0,11957
141.06143732425457,17,2.0,-6279
141.30750853613074,17,1.0,-632
141.31946255863514,10,4.0,11957
141.33744630884874,17,2.0,-58
141.37788006039716,6,10.0,11953
141.4549117367983,17,2.0,-6464
141.52054722624956,5,2.0,0
141.5485970737767,17,9.0,-7975
141.56929437254686,12,1.0,11952
141.58718729765857,16,4.0,7819
141.6225376744051,17,2.0,-13154
141.64615542340348,12,36.0,11951
141.64887900916432,5,12.0,0
141.66241236798214,17,2.0,-3336
141.69489318629215,17,5.0,-4160
141.70380615117855,16,7.0,2093
141.7318212140054,16,10.0,11947
141.73317464981628,5,4.0,0
141.81167383183788,5,45.0,0
141.85618102628496,17,8.0,-3213
141.87559318235319,16,1.0,8748
141.88496756579931,17,40.0,-8165
142.01557930798506,17,1.0,-12215
142.02628881342227,18,,0
142.02635906452772,101,9.0,11958
142.0310002769246,16,6.0,4305
142.07206872119446,16,4.0,4898
142.11072419078016,16,3.0,9571
142.13780754066752,16,57.0,5257
142.168780738802,8,9.0,11958
142.16931165016754,9,1.0,11952
142.16949295327717,16,3.0,936
142.19630773362996,5,3.0,0
142.24003376873773,8,1.0,11956
142.26633070779155,16,11.0,1565
142.31650852696905,8,1.0,11954
142.37224071192762,7,10.0,11953
142.45419304585172,16,5.0,11573
142.50019631599488,17,2.0,-398
142.56128779623424,5,1.0,0
142.57241328584902,5,8.0,0
142.61846690603758,9,36.0,11951
142.64410325227846,17,1.0,-7332
142.64508042032585,5,6.0,0
142.68314741338028,16,2.0,6203
142.7018448581603,5,2.0,0
142.7824781974027,9,1.0,11954
142.80810566569394,17,1.0,-9267
142.87073343424566,16,1.0,3670
142.87446405758635,5,3.0,0
142.95757196348296,16,4.0,10382
142.96345985163546,12,4.0,11957
142.96827963304392,9,1.0,11956
143.2073807078399,16,2.0,4826
143.22574561641377,9,4.0,11957
143.26226894190034,16,3.0,2674
143.27370929688317,9,9.0,11958
143.32029807390484,17,3.0,-1530
143.32558075002396,17,4.0,-10956
143.33638441168833,16,2.0,1055
143.41424349173192,17,1.0,-12426
143.49145157317548,17,1.0,-2412
143.58442185791066,5,7.0,0
143.58622826971379,17,6.0,-12326
143.62865014056968,16,1.0,3946
143.6841802455016,17,3.0,-5822
143.70767133903067,17,6.0,-9572
143.80540348744003,17,1.0,-4910
143.89273366358296,16,2.0,8942
143.9730461210132,5,8.0,0
143.99271540958583,5,1.0,0
144.01126434551506,5,3.0,0
144.03569562081475,16,2.0,5209
144.2622397002198,16,8.0,2629
144.26839962990812,16,3.0,8030
144.28636676973912,5,1.0,0
144.39780458372863,17,1.0,-8706
144.45333590676034,16,2.0,4079
144.47615994059615,17,1.0,-8139
144.5618838627761,10,12.0,11955
144.73520392044549,17,6.0,-8368
144.83004520056687,17,18.0,-1076
145.01517982149429,17,13.0,-13031
145.03172291014315,17,4.0,-10538
145.08721152081557,16,58.0,828
145.21267357193537,1,1.0,11959
145.22776807247547,16,27.0,2305
145.27573946815474,17,2.0,-7573
145.4510790970259,11,12.0,11955
145.45624822060873,5,3.0,0
145.4763238522246,16,3.0,7748
145.51638838694493,17,5.0,-12769
145.67318524109325,16,5.0,5289
145.69739038021189,17,6.0,-5958
145.7487173159028,16,1.0,5759
145.78954624491786,16,3.0,9926
145.80958427914703,16,6.0,8455
145.84176891212758,16,2.0,9986
145.88436276386471,16,2.0,8159
145.920257633967,16,2.0,2638
145.9851271422107,17,5.0,-3368
145.99111027004525,16,30.0,1458
146.04548035117952,5,3.0,0
146.06319685869383,16,52.0,144
146.1909140499969,6,1.0,11959
146.1998463609465,16,3.0,6309
146.25928951666168,17,3.0,-4272
146.26492339056998,16,35.0,5954
146.26703402578923,16,3.0,8824
146.27447832478992,17,3.0,-5858
146.35348970952006,17,2.0,-7748
146.3557687568509,17,5.0,-7995
146.36225064178993,16,53.0,862
146.45374895425107,5,2.0,0
146.46657535376002,17,1.0,-6551
146.5183005372179,16,29.0,9790
146.54322746365008,5,2.0,0
146.54967598540242,17,1.0,-6951
146.59242124856442,5,30.0,0
146.60969217563724,5,1.0,0
146.63306603929473,17,2.0,-6156
146.77133800060213,17,8.0,-7406
146.7721542437757,16,3.0,3510
146.82821589320835,16,5.0,4619
146.85768408515546,5,2.0,0
146.87060109327712,16,5.0,11675
146.97492093576358,17,18.0,-1971
146.98523078511343,16,20.0,3933
147.0110657563925,18,,0
147.01107660917444,101,2.0,11960
147.0299743805929,18,,0
147.0300482458712,103,5.0,11961
147.08672101099566,12,5.0,11961
147.3964910979999,17,2.0,-1177
147.48140232659208,17,5.0,-3180
147.51748102218266,16,1.0,1426
147.65668197886816,17,6.0,-7723
147.73506318772402,5,1.0,0
147.83751357813966,17,1.0,-12052
147.8518370407874,16,15.0,7016
147.88428992098076,16,1.0,11333
148.04119364803373,18,,0
148.04125945591358,101,6.0,11962
148.17881572596826,16,5.0,2194
148.19495141675668,1,2.0,11963
148.23202223050058,17,5.0,-10391
148.26920476333174,5,10.0,0
148.28254897944603,5,5.0,0
148.3360959232157,16,3.0,9696
148.33663708366282,16,4.0,7081
148.34885540232193,17,1.0,-4122
148.41058010274142,17,38.0,-4189
148.4192714356445,5,4.0,0
148.44406898026455,16,60.0,9223
148.4916929170298,17,4.0,-1063
148.56276767160293,17,2.0,-10646
148.58486963701725,16,2.0,7103
148.61340958291916,17,5.0,-6397
148.61668456645646,17,6.0,-65
148.62502083245784,1,4.0,11964
148.63134042355676,17,4.0,-12279
148.6962470563685,9,5.0,11961
148.74445923212753,16,4.0,8301
148.74453764339,17,1.0,-12957
148.74820694040108,17,44.0,-12911
148.79211591651423,17,2.0,-5026
148.87305574551334,5,1.0,0
148.9261578170347,17,2.0,-12662
148.94368730872048,17,2.0,-6118
148.94718619615224,17,2.0,-12012
148.95822304163727,16,46.0,9096
148.96890596835297,17,2.0,-12239
149.03349996055746,18,,0
149.0335456742545,103,43.0,11965
149.08202355365995,17,3.0,-10197
149.10128094252295,16,6.0,8746
149.1651550331235,5,3.0,0
149.18500044707565,6,4.0,11964
149.2188511589452,8,6.0,11962
149.27810152913497,6,2.0,11963
149.29625755705086,17,11.0,-2684
149.3466153014897,7,1.0,11959
149.3687568185843,16,2.0,2470
149.37505787314961,17,4.0,-8935
149.38337892128567,17,2.0,-290
149.39108956413915,1,3.0,11966
149.419731130729,12,43.0,11965
149.5286654508119,8,2.0,11960
149.55680891867578,16,22.0,11693
149.64718055500447,5,2.0,0
149.79025573805612,16,60.0,6852
149.85578492597404,17,1.0,-3158
149.89593336437028,16,4.0,10381
149.91515645037813,17,1.0,-7468
150.01358637988477,18,,0
150.0136041429463,101,7.0,11967
150.08449414965116,16,4.0,3462
150.0922808921538,16,10.0,10920
150.23104816537867,5,9.0,0
150.242996328184,9,2.0,11960
150.29993075283986,17,5.0,-10795
150.37981382241165,7,2.0,11963
150.48831502328545,16,5.0,9930
150.52204489547884,5,4.0,0
150.562964359793,16,3.0,7036
150.58381066191606,16,2.0,1396
150.59436373205162,9,6.0,11962
150.66510649602162,17,1.0,-4808
150.70770684020266,17,2.0,-12972
150.72732655574217,16,10.0,5362
150.76498684956385,17,2.0,-4859
150.86994758266124,1,1.0,11968
150.93511189857472,17,4.0,-6929
150.94214726644609,17,4.0,-5969
150.9507719340536,17,2.0,-4187
150.98521845145228,17,4.0,-6399
151.03518854069182,16,6.0,3569
151.03780663825302,16,1.0,8876
151.05677697132376,6,1.0,11968
151.08082906592716,17,1.0,-12626
151.11518635050297,7,4.0,11964
151.13265567284887,8,7.0,11967
151.2065338631084,16,31.0,2779
151.32659296648373,5,6.0,0
151.42912185048397,17,4.0,-12988
151.49454304362365,17,2.0,-9178
151.60367129687933,16,35.0,1265
151.6841258639737,7,1.0,11968
151.75613600287764,17,1.0,-8328
151.7852604704498,6,3.0,11966
151.82288927539744,17,2.0,-5149
151.94351788434096,5,1.0,0
151.95430096299788,17,1.0,-10140
151.9543916167679,17,2.0,-9599
151.95550234020638,9,7.0,11967
152.12379697151675,16,57.0,324
152.22290526378976,5,1.0,0
152.2334552121501,3,14.0,11969
152.27191227233126,17,6.0,-941
152.30017598358705,17,2.0,-6841
152.33399733212048,16,58.0,3958
152.3490910795704,9,43.0,11965
152.45214475794495,17,1.0,-7391
152.48664249611596,17,5.0,-8820
152.61761594631395,17,6.0,-11634
152.63306303589894,17,2.0,-4499
152.63539192690024,10,14.0,11969
152.79881509678987,17,4.0,-7781
152.81617957539837,17,2.0,-5204
152.82845846095316,17,2.0,-12866
152.83279658506723,16,2.0,4984
152.86029584498664,17,2.0,-2461
152.97601685697012,17,1.0,-5234
152.9814630761193,17,5.0,-8239
153.0458923958396,16,6.0,10504
153.1990523163688,17,1.0,-13029
153.2103762441109,17,1.0,-8731
153.2755661749748,17,2.0,-11461
153.3039008215818,16,9.0,2666
153.3316243685842,5,4.0,0
153.3681898521041,17,1.0,-11643
153.57598823956832,5,7.0,0
153.64477577660844,17,1.0,-10896
153.679840129244,16,43.0,8690
153.77274388997685,7,3.0,11966
153.78160248859743,16,56.0,456
153.92809717573624,17,5.0,-8691
153.97224091737377,17,1.0,-6174
154.06759072316868,16,1.0,7717
154.07307226887028,17,1.0,-9308
154.13031008683282,16,4.0,5139
154.21246577987347,5,3.0,0
154.23075649049073,17,2.0,-8582
154.4203513386056,5,1.0,0
154.4556667836427,17,11.0,-2047
154.5495356670711,16,25.0,5410
154.5647696937276,17,2.0,-9485
154.58282484106587,17,1.0,-7307
154.60402263115884,16,5.0,3509
154.71365072040015,16,2.0,7694
154.71524273108815,17,2.0,-7759
154.71829563217133,5,10.0,0
154.769753227466,17,1.0,-6267
154.79747746207576,17,1.0,-5692
154.83974719337832,16,1.0,4374
154.9356528309932,16,2.0,3088
154.93892080110965,16,3.0,11507
155.03379351455933,5,5.0,0
155.0701294714362,16,9.0,1437
155.0966075309932,17,8.0,-9335
155.12361227680015,16,3.0,10730
155.13656664617002,16,3.0,9661
155.15329359869938,16,3.0,6803
155.1873313988637,5,1.0,0
155.1943616860787,5,2.0,0
155.2468964306932,5,1.0,0
155.2945273010613,16,37.0,27
155.29695910184844,16,4.0,2841
155.3097748508285,16,46.0,2336
155.3270925356533,16,12.0,5245
155.34156980464724,17,3.0,-4208
155.3718509931996,16,2.0,4078
155.5640209641389,16,1.0,6450
155.584464977157,16,4.0,8098
155.58944043617277,16,5.0,8907
155.69390239566488,5,4.0,0
155.6946347067092,1,1.0,11970
155.8023638106713,17,1.0,-3968
155.8783144754394,1,3.0,11971
155.95316826071183,12,14.0,11969
155.96827963304392,16,1.0,11956
156.0421818616448,16,2.0,8395
156.10912460045816,6,3.0,11971
156.14070547508942,16,5.0,9945
156.14729200149938,5,3.0,0
156.32523645382952,5,6.0,0
156.4151905715565,17,2.0,-5602
156.45522218436452,17,1.0,-2188
156.4759469355801,17,1.0,-4307
156.51510691554734,5,1.0,0
156.58561860270908,17,2.0,-10069
156.59224211888892,16,2.0,7838
156.60733508938978,9,14.0,11969
156.66194763127768,5,4.0,0
156.68808491129664,16,3.0,6911
156.740891659226,5,12.0,0
156.78606233249604,16,3.0,10506
156.83462773581903,17,2.0,-3307
156.87707213077846,17,2.0,-8388
156.93702048587443,16,3.0,4969
157.17434567937127,16,8.0,7652
157.37030120264743,16,2.0,7507
157.43617917357514,6,1.0,11970
157.44075468107778,16,60.0,2476
157.46213781747235,16,6.0,5740
157.4901437101693,16,4.0,8675
157.51142822635137,17,3.0,-3309
157.54467565590537,8,1.0,11970
157.5512596810974,16,1.0,8220
157.66758062840734,17,2.0,-5601
157.72455778578802,16,4.0,3471
157.74011374206344,16,3.0,343
157.7693355456213,7,3.0,11971
157.84946118082055,17,10.0,-4936
157.90428889438772,16,2.0,522
157.9182578360984,16,9.0,9030
157.92239465727698,16,3.0,1376
157.95152203493268,5,4.0,0
158.0347017890393,17,1.0,-11912
158.0425096282144,17,2.0,-10292
158.05110800677338,17,3.0,-11687
158.14147540068623,16,7.0,2505
158.14686519922716,17,11.0,-1290
158.1516950441959,16,4.0,8389
158.30276362331745,17,2.0,-11059
158.34394954679925,9,1.0,11970
158.56424898799654,17,3.0,-9422
158.6962470563685,16,5.0,11961
158.71113107676092,16,6.0,2299
158.77892072071418,17,2.0,-12197
158.97774557564753,16,5.0,6924
159.0649690582385,16,5.0,11905
159.0698632738178,16,3.0,5060
159.07783084662492,17,3.0,-8812
159.12350894303225,16,41.0,6248
159.2420657188025,17,2.0,-7775
159.29925271876908,16,20.0,5876
159.3250998423662,16,53.0,1352
159.32735777251685,17,1.0,-11867
159.35871425757054,17,1.0,-6745
159.37343265504978,5,4.0,0
159.38305976302308,17,1.0,-7355
159.48115110979643,17,6.0,-12287
159.55064123947315,16,22.0,9158
159.5718637319945,16,7.0,7492
159.6134740211628,16,1.0,11634
159.7626839403976,16,4.0,6619
159.82568608059685,16,34.0,10150
159.8486575083329,17,8.0,-5529
159.88116528058342,16,10.0,8490
159.89124538549706,17,1.0,-8293
159.91014132094142,17,4.0,-6741
159.94586114735839,16,7.0,5401
159.96496748502688,5,2.0,0
159.9814588509537,17,1.0,-197
160.04828837475452,17,1.0,-5783
160.0921568765345,16,8.0,8009
160.18856115186892,5,2.0,0
160.21707799882455,5,1.0,0
160.31997156931888,17,3.0,-9769
160.35399782849976,17,3.0,-5224
160.41408045946898,16,2.0,4062
160.4381987504776,16,3.0,1282
160.5930910024191,17,1.0,-4553
160.69977606685885,17,2.0,-6923
160.7330402160696,17,11.0,-879
160.77367539889622,16,12.0,2500
160.7811636629532,17,3.0,-3808
160.90902492832845,17,2.0,-4356
160.9144115709812,17,10.0,-3173
160.94729600416812,16,3.0,8568
160.99036213045918,16,3.0,9674
161.0271717695339,16,6.0,5467
161.11421592492889,16,6.0,7299
161.27094644012118,16,2.0,9670
161.45893653628684,16,8.0,4598
161.4775366407381,17,13.0,-9252
161.4922236715637,16,8.0,2746
161.61571250523005,5,4.0,0
161.62339680559904,16,5.0,748
161.62393859640497,17,51.0,-6674
161.65468832922318,16,2.0,7468
161.65866765106395,16,10.0,893
161.74184107030206,17,1.0,-9645
161.83318774940318,17,1.0,-9766
161.85592350274717,17,6.0,-5253
161.90668019857466,16,4.0,9526
161.9129726841154,16,3.0,11580
161.91852590838283,17,2.0,-12462
161.9882566678887,16,14.0,4824
162.00402570108287,18,,0
162.00404133744613,103,25.0,11972
162.02213953905712,17,1.0,-9747
162.1781013808866,5,1.0,0
162.20328206801554,4,2.0,11973
162.2501841311083,16,4.0,9160
162.283211226655,17,1.0,-12845
162.32673714851563,5,1.0,0
162.42519458680056,16,2.0,6951
162.57012809459613,17,1.0,-4120
162.64189018194887,16,5.0,8189
162.660035307651,17,4.0,-10946
162.79860585459554,17,6.0,-2049
162.8481143605274,16,2.0,6190
162.9201537554762,17,3.0,-8458
163.02612334594085,18,,0
163.0261574657375,101,4.0,11974
163.02740112056978,16,6.0,11318
163.13882964718303,16,11.0,4433
163.1923027296638,5,1.0,0
163.19700078349467,12,25.0,11972
163.26620388197148,9,25.0,11972
163.31094020575554,10,2.0,11973
163.4549232400813,16,4.0,6539
163.4612623625435,17,7.0,-5289
163.48187559787,17,7.0,-3598
163.53989036988452,17,2.0,-7379
163.57166611291356,17,6.0,-1041
163.57662653250785,17,1.0,-6505
163.5800852750425,16,3.0,1285
163.5932772753293,16,1.0,7246
163.61159324768266,1,4.0,11975
163.6595895234398,17,1.0,-1090
163.73445207943897,1,2.0,11976
163.88829888665765,5,1.0,0
163.92521576729314,17,2.0,-10787
163.9732792701501,6,4.0,11975
164.06386622370331,16,12.0,811
164.06836569304244,8,4.0,11974
164.16474486042867,17,2.0,-725
164.1792976580969,3,33.0,11977
164.2790952006178,10,33.0,11977
164.35657399220665,16,26.0,3058
164.4232276500303,16,2.0,3012
164.4293016547453,16,3.0,8049
164.4396541172995,17,3.0,-2212
164.5528305111232,17,2.0,-2443
164.6862749080124,9,4.0,11974
164.69582850390802,17,25.0,-7424
164.76046903871026,3,2.0,11978
164.76661227622714,17,1.0,-10846
164.7693355456213,16,3.0,11971
164.7758030583887,1,2.0,11979
164.868477560454,6,2.0,11976
164.89480960341206,8,2.0,11976
164.96448855156805,7,4.0,11975
164.9850486007555,16,8.0,8245
165.0309788234378,17,8.0,-11870
165.05185343859804,16,6.0,8438
165.0795787640452,16,12.0,10721
165.13526094542354,17,1.0,-8574
165.17969990518657,11,2.0,11973
165.20263247869872,4,2.0,11980
165.3198189638286,16,4.0,8146
165.3262279316676,10,2.0,11978
165.33542364092642,16,5.0,7953
165.34721112195683,16,2.0,6512
165.36660541999055,16,35.0,488
165.41273095765462,16,12.0,3579
165.43440735869868,17,10.0,-3520
165.4843822775407,17,1.0,-8947
165.57661605269226,16,5.0,1011
165.8078687871689,5,3.0,0
165.82096712048386,1,1.0,11981
165.88669158590864,17,1.0,-8232
165.8933795914344,1,1.0,11982
165.89394720435644,17,3.0,-4943
165.91573200932066,17,1.0,-10692
165.92884214823658,5,2.0,0
165.99025087534142,17,2.0,-9576
166.03085178569535,11,2.0,11978
166.11138043425697,16,38.0,1081
166.14582082774453,6,1.0,11981
166.1854550635403,17,2.0,-10612
166.18965814983324,17,12.0,-4508
166.2106769947024,16,4.0,11661
166.2366735309439,17,1.0,-10429
166.23881548232055,1,7.0,11983
166.29362938470587,6,7.0,11983
166.36965051211615,6,2.0,11979
166.38203625458047,11,33.0,11977
166.42524468959556,16,10.0,11831
166.4987510510327,16,1.0,912
166.54774102414956,5,7.0,0
166.61811025328979,16,60.0,1610
166.63091511884713,16,4.0,3521
166.67056480939678,17,2.0,-5238
166.69467599639057,16,3.0,7380
166.77898511436618,6,1.0,11982
166.80249097498614,17,11.0,-11582
166.95767918098844,16,6.0,2246
167.00572073602353,7,7.0,11983
167.18070273082645,17,1.0,-12315
167.2355567941437,17,1.0,-8122
167.25717038349507,17,1.0,-12568
167.29142317196647,16,4.0,11694
167.45584088294285,5,2.0,0
167.61154086440462,17,1.0,-5898
167.6687901006597,5,2.0,0
167.67671648745142,7,1.0,11982
167.69713475260744,17,2.0,-9375
167.7005752207379,17,3.0,-10238
167.9396696738928,9,2.0,11976
167.9610447496403,16,36.0,10325
168.0080205342519,17,3.0,-6326
168.05630157169102,1,1.0,11984
168.14797137993756,16,4.0,6934
168.19525885391306,17,3.0,-2168
168.20965929753223,5,3.0,0
168.24028574031092,17,1.0,-11993
168.2412543778697,16,2.0,2857
168.31268845350334,17,3.0,-1716
168.31574305495405,16,3.0,3615
168.3818721322837,16,7.0,5206
168.45993216025,16,15.0,9845
168.47674879678345,7,1.0,11981
168.50666812362147,16,43.0,3693
168.5706268030654,17,9.0,-899
168.61254603288344,7,2.0,11979
168.62817569488357,17,1.0,-9380
168.70240918467434,16,1.0,8859
168.7564116831462,16,11.0,11182
168.79002676753714,16,4.0,4589
168.92758609154927,16,2.0,6456
169.04214537923744,5,8.0,0
169.05931753730025,16,3.0,763
169.17542863284132,16,1.0,5370
169.18131429720714,16,3.0,5413
169.26124967053732,17,3.0,-11491
169.28085480613717,17,1.0,-11435
169.28391884143963,16,57.0,8692
169.34912137983633,16,5.0,10963
169.35856436143328,17,5.0,-1175
169.45628015099888,6,1.0,11984
169.62754005354455,16,2.0,6411
169.6982114461894,17,2.0,-11110
169.7169873502278,10,2.0,11980
169.75923121080407,5,3.0,0
169.8033901732226,16,60.0,634
169.8138426713572,17,9.0,-11780
169.822173713608,5,4.0,0
169.86393077473716,17,4.0,-9616
169.8822792547145,17,4.0,-11193
169.88678360570287,5,1.0,0
169.9035376353502,16,8.0,5141
169.9091627517189,16,1.0,1189
169.92867865739905,17,2.0,-6695
169.98496294317275,17,1.0,-4080
169.9866939294896,17,4.0,-8488
170.02429647067007,16,10.0,8601
170.08029043077264,5,3.0,0
170.11182694845735,17,1.0,-11667
170.19262549597087,16,25.0,3293
170.25026549611957,16,14.0,5028
170.2574233690477,16,22.0,1381
170.2841372102368,16,10.0,10767
170.3379574148761,17,2.0,-8170
170.3455857270895,17,1.0,-5609
170.40649956233074,16,11.0,5481
170.50082431521008,17,3.0,-7198
170.6080700386649,16,6.0,9534
170.61972161492227,17,1.0,-4931
170.62162421251278,16,2.0,6689
170.77673816668425,5,1.0,0
170.8012386788041,17,3.0,-11745
171.00417864844707,16,1.0,7339
171.02483849684637,18,,0
171.0251995967881,103,4.0,11985
171.06877470194857,7,1.0,11984
171.09038035838654,3,8.0,11986
171.10552304615015,17,1.0,-1254
171.1859563569456,16,9.0,9909
171.19215097299102,16,9.0,6740
171.30429693571435,17,2.0,-9498
171.3705242415922,17,8.0,-11256
171.3837647243274,4,6.0,11987
171.3923606996217,10,6.0,11987
171.40920822052706,16,5.0,8497
171.44198056208444,16,2.0,5002
171.524230606832,17,1.0,-787
171.5411918401673,16,18.0,5549
171.71052808903028,16,13.0,5589
171.77910986065217,17,1.0,-4759
171.7894037489861,16,2.0,5412
171.83192077060613,16,6.0,5247
171.87781448139347,16,8.0,10160
171.91978376275102,17,5.0,-3698
171.9819406440705,11,2.0,11980
172.18907766187647,16,15.0,11903
172.3333231245964,17,2.0,-10888
172.3622510379295,17,1.0,-4148
172.39536916794614,17,2.0,-10574
172.42205728269883,17,21.0,-1625
172.52769103804926,10,8.0,11986
172.59442325213297,17,2.0,-6672
172.59825292357397,17,42.0,-12073
172.63444869059467,16,7.0,5958
172.779783241023,4,14.0,11988
172.78176465008238,17,1.0,-3807
172.85038879548057,17,2.0,-7515
172.86604223894102,17,1.0,-8431
172.98878583503586,17,4.0,-10423
173.0620398207576,16,2.0,3654
173.13794491003108,16,23.0,3151
173.21985470090053,10,14.0,11988
173.22897925528918,17,1.0,-9699
173.24137566086864,1,9.0,11989
173.25402951382875,12,4.0,11985
173.26291845264552,16,2.0,11052
173.27946714213672,16,51.0,3682
173.29257258120816,17,2.0,-8937
173.43103280172582,17,1.0,-5475
173.468680076747,16,39.0,11217
173.49635159751665,16,2.0,11790
173.57100310263064,16,53.0,8459
173.60733508938978,16,14.0,11969
173.61276455868062,16,16.0,11906
173.61620149248373,11,6.0,11987
173.6282922612777,16,2.0,80
173.63727855028094,17,2.0,-503
173.64341979594883,16,59.0,2417
173.66109202547307,16,2.0,4053
173.6850269385377,6,9.0,11989
173.75206940859889,17,51.0,-9055
173.80208375757212,11,8.0,11986
173.8093796255627,9,4.0,11985
173.82946505717965,17,2.0,-8466
173.8318993194398,17,1.0,-10402
173.94103196873147,16,3.0,8641
174.01212212536484,4,2.0,11990
174.07177369556206,1,8.0,11991
174.08988529456917,17,2.0,-8455
174.1386024359654,4,1.0,11992
174.14980113965075,10,1.0,11992
174.16631119569155,16,1.0,6786
174.25953354265584,16,1.0,7466
174.27525352987183,6,8.0,11991
174.30755287729997,17,3.0,-1715
174.3280665461348,5,2.0,0
174.34360050411544,17,1.0,-3344
174.3991128091858,16,31.0,11719
174.4192320664804,5,3.0,0
174.42711584379555,16,7.0,4036
174.4433308796826,16,13.0,1152
174.45331046046545,17,1.0,-2088
174.46681753224456,16,2.0,6335
174.48967684221634,17,2.0,-10487
174.5278764265561,10,2.0,11990
174.57044311796537,3,8.0,11993
174.5856546889964,16,2.0,1156
174.61562210525864,17,1.0,-938
174.63078008690854,1,3.0,11994
174.64213402428817,16,41.0,9884
174.6592584945259,17,5.0,-7743
174.67515894016415,17,3.0,-5193
174.7813770195238,17,2.0,-8246
174.8155942982164,16,3.0,3851
174.8235422657748,17,4.0,-9478
174.8983166441458,17,5.0,-13040
174.9289027598051,17,1.0,-11680
174.951791205693,3,26.0,11995
174.9931473405821,7,9.0,11989
175.01239595395953,10,26.0,11995
175.03914789124508,17,3.0,-9509
175.08616453014926,16,2.0,4924
175.15443057285933,16,3.0,10271
175.25342560128706,17,17.0,-9368
175.34796788122193,17,10.0,-9301
175.35261879324008,12,26.0,11995
175.4227757790448,16,5.0,6560
175.47436963106037,17,4.0,-10837
175.53185513568786,17,3.0,-7125
175.57364700134846,11,14.0,11988
175.5814874775432,17,16.0,-6286
175.59982580173275,17,1.0,-10552
175.74884152826283,11,1.0,11992
175.78821134195528,5,5.0,0
175.80950474276693,17,4.0,-5165
175.8185911129669,7,8.0,11991
175.83455358356775,10,8.0,11993
175.8490193734685,17,12.0,-8238
175.91135146850655,17,5.0,-7736
175.9858006613038,17,11.0,-10234
176.0481813522658,18,,0
176.0482538594516,104,2.0,11996
176.05322260298558,16,5.0,8576
176.0630916607431,16,4.0,8218
176.08302588614578,5,9.0,0
176.12055535115846,17,2.0,-10351
176.1330931853315,16,50.0,577
176.21233622293732,17,1.0,-774
176.35882670856077,12,8.0,11993
176.37810921716485,16,12.0,35
176.40728701618298,1,3.0,11997
176.46079801637202,17,4.0,-4840
176.48191873749516,17,1.0,-3911
176.54254152949466,16,6.0,11585
176.55618423111284,6,3.0,11997
176.66686264021234,5,2.0,0
176.66831312198215,16,3.0,8804
176.70543669885413,17,2.0,-8272
176.75086430822907,16,4.0,9114
176.8458569904673,16,3.0,4684
176.88884345713996,17,2.0,-7382
176.9003694715676,17,5.0,-10240
176.91924091885966,17,2.0,-3930
176.93200122219807,11,2.0,11990
176.97268477472812,16,3.0,11261
177.03785242324568,9,26.0,11995
177.0597944091469,16,4.0,9834
177.17547090833628,16,7.0,8208
177.20175077043226,17,3.0,-11331
177.2283243892956,16,3.0,10201
177.25054509397714,16,11.0,3883
177.27585988185905,5,13.0,0
177.28073288739117,17,1.0,-677
177.44543155115983,17,7.0,-1083
177.44623003751775,16,1.0,9120
177.4510858000104,17,3.0,-11015
177.49667084729145,5,1.0,0
177.53283870917693,16,2.0,10377
177.5686394057373,9,8.0,11993
177.69601983626302,17,9.0,-10133
177.705836909813,17,1.0,-11090
177.77062702890845,6,3.0,11994
177.78264630982147,16,14.0,5573
177.94016500929524,16,1.0,5088
177.94953700783472,12,2.0,11996
178.040291020813,18,,0
178.04052868985752,104,11.0,11998
178.06776127440577,8,3.0,11994
178.158981516949,7,3.0,11997
178.17842209801313,16,1.0,569
178.38718586854753,17,4.0,-3702
178.42906460565624,17,2.0,-7230
178.51561821195926,16,22.0,9735
178.52859359136949,16,30.0,2252
178.5495747388474,16,13.0,6774
178.55892561051135,16,4.0,4697
178.57950012917127,3,10.0,11999
178.6184706291169,17,3.0,-2446
178.63996325409096,17,4.0,-10042
178.65661471098176,17,2.0,-3656
178.65690012362063,16,51.0,2
178.73430700429935,17,2.0,-680
178.7669692079487,17,14.0,-11362
178.97905858026874,10,10.0,11999
178.99756926776155,16,6.0,4321
179.04346630998597,12,11.0,11998
179.05926641959712,16,2.0,11626
179.11550519841245,16,5.0,9712
179.12945024587978,17,4.0,-1456
179.16778528220195,16,56.0,281
179.2254272163429,16,5.0,4847
179.27834521933542,16,5.0,308
179.30456530153137,16,1.0,2669
179.3072657059371,17,1.0,-1158
179.3151613536407,17,1.0,-3402
179.3700093306545,17,2.0,-3729
179.39193219727923,16,1.0,7306
179.41767945075884,9,2.0,11996
179.50937959881654,16,8.0,5566
179.51718616204994,16,3.0,10524
179.52938186333188,5,1.0,0
179.53995701295625,17,1.0,-298
179.5663966713446,1,6.0,12000
179.6008441543918,11,10.0,11999
179.74313061941552,16,4.0,5833
179.7565303783808,6,6.0,12000
179.78468382646838,17,2.0,-5800
179.80910577617612,17,6.0,-12436
179.84742195446776,16,1.0,11810
179.8481800166935,17,2.0,-3284
179.92567063412122,17,1.0,-2195
179.92653334393958,16,12.0,8033
179.93287955365076,16,2.0,3826
179.97785963111107,16,1.0,11847
179.99102634176447,17,22.0,-5294
180.19779595238305,16,2.0,4247
180.23158387059846,16,1.0,8906
180.2326006658601,17,1.0,-559
180.33137924736917,16,5.0,7277
180.40708401902216,5,3.0,0
180.45242832726245,16,2.0,450
180.5222830929976,17,2.0,-9787
180.53823740774072,16,2.0,9608
180.54517616867642,9,11.0,11998
180.58715730401397,17,1.0,-13039
180.65879091674296,5,3.0,0
180.6646903492731,17,9.0,-7854
180.6660672118912,9,3.0,11994
180.66821531176134,17,5.0,-6615
180.74309629733463,16,7.0,4976
180.79161928725946,7,6.0,12000
180.92020099651887,17,14.0,-3269
180.94530573691299,16,2.0,5006
180.9765825188348,17,7.0,-755
181.03085178569535,16,2.0,11978
181.10406461538696,16,4.0,11540
181.10563092821403,16,3.0,1615
181.1443658367466,16,6.0,6035
181.1838415862159,17,2.0,-8753
181.32690954691654,16,4.0,2141
181.37820760435187,16,10.0,10214
181.4304164462368,16,9.0,4202
181.46231000538327,16,2.0,6677
181.46799962614736,17,4.0,-3580
181.59118220938265,17,5.0,-678
181.60566749252928,17,4.0,-12415
181.61254603288344,16,2.0,11979
181.61502643514706,16,2.0,7210
181.75737052069272,17,1.0,-2857
181.8912227503111,16,6.0,9933
181.9087393052809,16,4.0,11116
181.95519061278014,17,4.0,-7521
181.97080641969686,17,1.0,-6249
181.97284875095337,17,2.0,-6354
182.01271622903087,16,6.0,4060
182.43509406508693,17,2.0,-10297
182.4553958698133,16,3.0,6738
182.5110473490738,17,1.0,-7977
182.58525535282268,16,29.0,4549
182.58846080243939,16,8.0,4553
182.65251897481056,17,8.0,-7624
182.6942037531862,16,8.0,7893
182.7500697289153,17,3.0,-645
182.75259192969935,17,2.0,-12032
182.805250320633,17,4.0,-3716
182.8130161531004,17,5.0,-8868
182.82036370071808,16,1.0,2493
182.83293589383376,17,1.0,-3099
182.90980304045382,17,1.0,-6937
182.9571975808599,17,8.0,-11966
182.95761044303427,16,2.0,2981
182.97143322986915,17,6.0,-5988
183.07320420243076,16,2.0,9049
183.49737688662117,16,1.0,10085
183.6000083939316,16,1.0,4923
183.63772243013295,17,4.0,-2120
183.69930176519676,16,3.0,5799
183.7907295766557,17,2.0,-9212
183.8873698556513,16,6.0,3815
183.89588614109113,16,5.0,6679
183.9094783264622,17,3.0,-12318
184.03254301152612,18,,0
184.03278857687192,103,20.0,12001
184.14465885791853,17,2.0,-519
184.165717724781,17,18.0,-12159
184.37981382241165,16,2.0,11963
184.41788172888397,17,5.0,-636
184.55573408770653,1,2.0,12002
184.65890589373672,16,9.0,263
184.7779623797598,16,5.0,1445
184.87304194572653,16,58.0,789
184.95696702745076,17,1.0,-12862
184.98866242923538,16,11.0,5745
185.0301501130486,16,4.0,10956
185.0411701955435,12,20.0,12001
185.04136736440148,16,20.0,8071
185.07653656859335,16,5.0,10463
185.09611634295436,17,2.0,-9015
185.22595115240995,16,44.0,1085
185.26948924162627,16,4.0,7217
185.4591226995762,16,6.0,11486
185.71919510973217,16,3.0,6273
185.79341816048537,16,42.0,3218
185.8365937824481,17,1.0,-5950
185.9043651972875,16,6.0,5306
185.99262173516763,16,21.0,5744
186.01287380930995,16,7.0,3617
186.03059716711562,17,2.0,-7096
186.18458631556211,17,1.0,-8148
186.4625744580249,16,2.0,10487
186.48747783555638,17,3.0,-8794
186.5276137150894,16,8.0,11195
186.57877158596807,5,11.0,0
186.5829204612052,16,46.0,1270
186.59784373290157,16,3.0,1314
186.65773983218608,16,7.0,11503
186.67118188222452,17,1.0,-10004
186.69037853518643,17,4.0,-5955
186.7924581356997,9,20.0,12001
186.84984152348042,16,24.0,5297
186.95797893408087,16,7.0,6285
186.9593587204479,17,2.0,-5125
187.0318361309655,18,,0
187.03185442168672,101,2.0,12003
187.050058545299,16,3.0,9519
187.05694013920743,16,9.0,7187
187.2853863071697,16,2.0,10978
187.49850132999268,16,3.0,7471
187.5221679779136,17,1.0,-2552
187.72706365248385,16,1.0,7119
187.74023488302743,16,1.0,2695
187.74884152826283,16,1.0,11992
187.75563030969533,17,1.0,-12836
187.79447830168726,17,55.0,-9848
187.89796660728416,17,2.0,-890
187.95585700274447,17,9.0,-6863
187.9705206799512,17,4.0,-4484
187.98185432301108,17,5.0,-10842
188.01480964877896,16,1.0,8956
188.11847305943567,5,1.0,0
188.1855231963806,17,2.0,-6513
188.18886204437467,16,2.0,870
188.34247592252586,16,11.0,635
188.35049770717796,17,3.0,-914
188.36464221587607,16,3.0,4222
188.40999375925114,5,3.0,0
188.43141871820936,8,2.0,12003
188.44661305331152,16,1.0,8508
188.490469692981,16,6.0,7455
188.52923046013285,9,2.0,12003
188.5416322428047,17,5.0,-5991
188.6127734220004,16,45.0,9281
188.76639729213622,17,2.0,-1856
188.82680600267696,16,2.0,11023
188.83909304804152,16,7.0,4483
188.8599361209958,16,6.0,9655
188.9246338544042,16,2.0,4868
188.93889742504467,17,4.0,-4890
189.01060440607662,17,1.0,-11144
189.0602304723953,6,2.0,12002
189.27056421492347,17,3.0,-9797
189.47640182511356,17,2.0,-10126
189.59014051590347,17,2.0,-9852
189.59767307914507,16,2.0,4488
189.6223260872913,17,2.0,-9428
189.65339339924208,16,47.0,9682
189.7067008535196,17,1.0,-11188
189.7090254761024,16,2.0,9321
189.7984396746888,5,3.0,0
189.81123636593827,16,1.0,11577
190.05729728640708,16,51.0,9498
190.1092653751517,16,1.0,5743
190.11564274049474,16,3.0,11669
190.20215068486257,17,4.0,-8515
190.2025118442209,17,2.0,-6356
190.28757823844185,17,1.0,-10089
190.29816955890817,17,3.0,-11706
190.3185388451773,16,21.0,1623
190.34602056275722,17,1.0,-11409
190.37587045237953,17,2.0,-3906
190.5287543351166,17,1.0,-336
190.53905753440824,17,2.0,-12446
190.63797474604195,16,13.0,6382
190.66616214279577,17,1.0,-4315
190.68935414034846,16,41.0,4282
190.7434153680026,17,1.0,-4627
190.80983791093496,17,4.0,-3244
190.81166378853854,17,5.0,-9989
190.87974615174983,16,19.0,10955
190.9140663201662,17,3.0,-6028
190.97265342506242,7,2.0,12002
